# t (s)	mx ()	my ()	mz ()	E_total (J)	MaxAngle (rad)
0	1.1440273e-09	3.950598e-10	0.97953606	-2.0725775e-17	0.2662729
2.521246419982688e-12	2.0617184e-09	1.0534927e-09	0.97465837	-2.070696e-17	0.24788925
5.048213159830118e-12	2.4279716e-09	2.2880546e-09	0.9706642	-2.0672628e-17	0.23863386
7.52166602531369e-12	1.8106907e-09	3.8189114e-09	0.9679718	-2.062772e-17	0.23586883
1.0043714163402339e-11	3.4567732e-10	5.8600533e-09	0.96688384	-2.0574566e-17	0.23385665
1.2515509096487439e-11	-2.1069855e-09	6.551408e-09	0.9676364	-2.0519383e-17	0.2348418
1.5036127367617625e-11	-5.069934e-09	5.333307e-09	0.97019124	-2.0462756e-17	0.2351009
1.7506848736391772e-11	-6.9793895e-09	2.1069855e-09	0.9741865	-2.0407854e-17	0.24005567
2.0026592487130755e-11	-7.4402924e-09	-2.3374371e-09	0.9792968	-2.0352048e-17	0.2517807
2.2546062298214276e-11	-5.3991505e-09	-6.847703e-09	0.9845512	-2.0294934e-17	0.30830523
2.501591356684726e-11	-2.057603e-10	-9.876494e-09	0.98795027	-2.0239005e-17	0.57345116
2.7535004407097983e-11	7.703666e-09	-9.481435e-09	0.9852309	-2.0205088e-17	0.40665922
3.000456845586052e-11	1.178595e-08	-3.4238514e-09	0.9720127	-2.0240454e-17	0.21898118
3.252338139928117e-11	1.1654263e-08	1.3497876e-09	0.9496943	-2.0332956e-17	0.21727985
3.504204654995976e-11	1.1423812e-08	1.0534927e-09	0.9245729	-2.040034e-17	0.21783297
3.7511229467262463e-11	1.1934097e-08	2.9629483e-09	0.90255904	-2.0414225e-17	0.22070366
4.002966898920529e-11	1.0551388e-08	8.98761e-09	0.88561803	-2.0393107e-17	0.2205367
4.254788687035649e-11	9.674849e-09	1.3563719e-08	0.8741682	-2.0363613e-17	0.21852277
4.501660518328052e-11	1.0288015e-08	1.797522e-08	0.8672286	-2.0335928e-17	0.21998999
4.753471049871011e-11	1.0715997e-08	2.0279735e-08	0.86347544	-2.0310293e-17	0.22000282
5.000349635226817e-11	9.761269e-09	2.2123348e-08	0.862172	-2.0288487e-17	0.22028041
5.2521657752167593e-11	7.670744e-09	2.436202e-08	0.8625295	-2.0270258e-17	0.2209268
5.5039792493982304e-11	4.691335e-09	2.5086296e-08	0.86403465	-2.0255953e-17	0.22159006
5.7508545586475284e-11	1.1357969e-09	2.5415513e-08	0.8662188	-2.0244953e-17	0.22197835
6.002667705823539e-11	-1.876534e-09	2.4691236e-08	0.86889243	-2.0235776e-17	0.22173971
6.254480992784548e-11	-4.1645887e-09	2.396696e-08	0.87186277	-2.0227686e-17	0.22056149
6.501355140811204e-11	-5.99174e-09	2.337437e-08	0.8749834	-2.022009e-17	0.21827987
6.753167111455682e-11	-8.032882e-09	2.278178e-08	0.87832534	-2.0212128e-17	0.21814138
7.000043880961932e-11	-9.909416e-09	2.278178e-08	0.8817276	-2.020369e-17	0.21671979
7.25185617188528e-11	-1.2493766e-08	2.278178e-08	0.88532656	-2.0194022e-17	0.21576278
7.503667724614005e-11	-1.4452604e-08	2.2650093e-08	0.8890867	-2.0182873e-17	0.21516003
7.750543599624172e-11	-1.9357929e-08	2.278178e-08	0.8929786	-2.017005e-17	0.21399865
8.002355371843844e-11	-2.3440213e-08	2.0213893e-08	0.89721876	-2.0154502e-17	0.21402082
8.254167317990521e-11	-2.7720029e-08	1.7909377e-08	0.9018037	-2.0135821e-17	0.21345375
8.501041820790862e-11	-3.2592432e-08	1.45349075e-08	0.9067148	-2.0113714e-17	0.21325952
8.75285382207907e-11	-3.7267306e-08	1.0008181e-08	0.91224575	-2.0086359e-17	0.21399136
9.004667210336128e-11	-4.2798142e-08	3.8189114e-09	0.91840893	-2.0052997e-17	0.21426708
9.251543493021888e-11	-4.7802235e-08	-5.3826894e-09	0.92515767	-2.0013089e-17	0.21467204
9.503357020384583e-11	-5.0567653e-08	-1.9094557e-08	0.93281364	-1.996329e-17	0.21564719
9.75023491536083e-11	-5.03372e-08	-3.7201463e-08	0.9410272	-1.9903137e-17	0.21657366
1.0002051236175167e-10	-4.2403084e-08	-5.9193123e-08	0.94986326	-1.9826004e-17	0.21551234
1.0253867017973699e-10	-2.3110998e-08	-8.204075e-08	0.95846266	-1.97248e-17	0.2155508
1.0500747135029438e-10	9.481435e-09	-1.0166205e-07	0.9650963	-1.9589293e-17	0.21219292
1.075256471206992e-10	5.5604666e-08	-1.0864144e-07	0.96645516	-1.941114e-17	0.20468636
1.1004383688425647e-10	1.0531635e-07	-8.994194e-08	0.955957	-1.9273482e-17	0.20490675
1.1251263899496489e-10	1.3883059e-07	-3.83208e-08	0.9300668	-1.9328215e-17	0.21833657
1.150308090581751e-10	1.3636146e-07	2.6073947e-08	0.8941879	-1.9547676e-17	0.2322845
1.1754897204022876e-10	1.1219698e-07	7.302022e-08	0.8617322	-1.9780676e-17	0.22972621
1.2001788096193349e-10	7.203257e-08	1.0627108e-07	0.8370948	-1.994714e-17	0.20882845
1.2253629651564703e-10	2.0444343e-08	1.1878131e-07	0.81783116	-2.0049536e-17	0.20502186
1.25004897613925e-10	-2.454309e-08	1.0692951e-07	0.80405134	-2.0101098e-17	0.20697135
1.2752280115698487e-10	-5.3703438e-08	7.9960515e-08	0.79473335	-2.012345e-17	0.21085034
1.30040888508303e-10	-6.410668e-08	4.782281e-08	0.7895578	-2.0129902e-17	0.21198623
1.3250963242214052e-10	-5.9604645e-08	2.0600721e-08	0.78777105	-2.013002e-17	0.2131925
1.3502772217376758e-10	-4.8098528e-08	2.8312617e-09	0.7887182	-2.0129093e-17	0.21306737
1.3754578722790763e-10	-3.612328e-08	-6.1234267e-09	0.7918274	-2.0129619e-17	0.21314798
1.4001453054043567e-10	-2.6831144e-08	-8.427942e-09	0.7963739	-2.0132421e-17	0.21426849
1.4253263376493244e-10	-1.955546e-08	-8.914565e-09	0.80213416	-2.0137699e-17	0.2139776
1.450013980866137e-10	-1.497935e-08	-8.477325e-09	0.808589	-2.0144905e-17	0.21563606
1.4751954367186065e-10	-1.0864144e-08	-7.3744495e-09	0.81566775	-2.0153756e-17	0.21531184
1.5003767848472228e-10	-6.946468e-09	-6.609021e-09	0.8229065	-2.016343e-17	0.21746805
1.52506420878654e-10	-4.016441e-09	-4.4773443e-09	0.82989305	-2.0173016e-17	0.21800528
1.5502453989381512e-10	-3.0287917e-09	-1.1851794e-09	0.83672583	-2.0182272e-17	0.21902536
1.5754266421484204e-10	-1.6131608e-09	1.8436124e-09	0.84315103	-2.0190501e-17	0.22014917
1.6001139167909676e-10	-1.777769e-09	4.7407176e-09	0.8489961	-2.0197224e-17	0.22023813
1.6252949838420137e-10	-4.0822843e-09	5.9258967e-09	0.8544792	-2.0202484e-17	0.2213966
1.650476150091664e-10	-7.012311e-09	5.7612883e-09	0.8595046	-2.0206032e-17	0.2212584
1.6751632453365646e-10	-7.604901e-09	5.7283667e-09	0.864045	-2.0207802e-17	0.22185296
1.7003442050593802e-10	-9.5472785e-09	5.6625233e-09	0.86836123	-2.0207859e-17	0.22200325
1.7250314610282968e-10	-1.0567849e-08	5.2016205e-09	0.87236553	-2.0206196e-17	0.22037779
1.7502123820341564e-10	-1.1522577e-08	3.8189114e-09	0.87629825	-2.020275e-17	0.21830271
1.7753931920794283e-10	-1.2641913e-08	2.1069855e-09	0.8801523	-2.0197504e-17	0.21749513
1.8000804508093865e-10	-1.2707757e-08	1.0534927e-09	0.8839238	-2.0190513e-17	0.2154538
1.8252613232640832e-10	-1.3366189e-08	-1.3168659e-10	0.88783365	-2.0181334e-17	0.21548976
1.8504421991446192e-10	-1.38600145e-08	-1.876534e-09	0.89187974	-2.0169823e-17	0.21355334
1.875129563445198e-10	-1.4617212e-08	-3.8847547e-09	0.8960542	-2.0155915e-17	0.21421352
1.9003105620487413e-10	-1.5078115e-08	-6.913546e-09	0.9006075	-2.0138546e-17	0.2129529
1.9254915937251046e-10	-1.5308567e-08	-1.0205711e-08	0.9055529	-2.0117294e-17	0.21359862
1.9501789607104943e-10	-1.4156309e-08	-1.3691291e-08	0.91088134	-2.0091856e-17	0.21379283
1.975360136048189e-10	-1.257607e-08	-1.8950525e-08	0.91691273	-2.0060142e-17	0.21356516
2.0000475298872584e-10	-1.0666614e-08	-2.3901118e-08	0.92350835	-2.0022122e-17	0.21367425
2.0252288021261664e-10	-4.707796e-09	-3.0485445e-08	0.9309985	-1.9974635e-17	0.21450551
2.0504102474519695e-10	4.609031e-09	-3.5028634e-08	0.9392386	-1.9916086e-17	0.21607076
2.0750979837623844e-10	1.7316788e-08	-3.674056e-08	0.94784725	-1.9844313e-17	0.21667765
2.1002795163843858e-10	3.3217944e-08	-3.3843456e-08	0.9565987	-1.9749465e-17	0.21602793
2.1254612023494847e-10	5.076518e-08	-2.317684e-08	0.9639685	-1.9620347e-17	0.21241045
2.1501492159452982e-10	6.594206e-08	-5.79421e-09	0.96689343	-1.9451789e-17	0.20639277
2.175331057312179e-10	7.349758e-08	2.2123348e-08	0.9596459	-1.9290694e-17	0.20307282
2.2000190383590585e-10	6.070752e-08	5.2674636e-08	0.9371493	-1.9296173e-17	0.2151765
2.2252007249042436e-10	2.976117e-08	7.2164255e-08	0.9022789	-1.949138e-17	0.2292719
2.2503823260867697e-10	-7.901196e-10	7.348112e-08	0.8682523	-1.9732604e-17	0.2339374
2.2750709766014642e-10	-2.8246774e-08	6.3868e-08	0.84212184	-1.991486e-17	0.21242204
2.3002551678245723e-10	-4.8658197e-08	4.3152053e-08	0.82161075	-2.0031424e-17	0.2051278
2.3254360397684434e-10	-5.6016184e-08	1.7909377e-08	0.80646235	-2.0093076e-17	0.20674992
2.3501209982706016e-10	-5.0370122e-08	-3.1748815e-09	0.7963643	-2.0120027e-17	0.21026516
2.375301355748212e-10	-3.824261e-08	-1.7020492e-08	0.790327	-2.0129056e-17	0.21143138
2.4004824881727583e-10	-2.418918e-08	-2.3440213e-08	0.7878304	-2.0129994e-17	0.21310571
2.42516949611544e-10	-1.2641913e-08	-2.376943e-08	0.7882192	-2.0129037e-17	0.21318573
2.4503503589925004e-10	-4.2468926e-09	-2.074064e-08	0.7909035	-2.0129123e-17	0.21279266
2.475037403626415e-10	4.609031e-10	-1.6751976e-08	0.7951541	-2.0131386e-17	0.21408002
2.500218441794577e-10	3.0452525e-09	-1.2839443e-08	0.8006891	-2.0136144e-17	0.21424241
2.5253996358218615e-10	4.8230215e-09	-1.0265381e-08	0.8071233	-2.01431e-17	0.21531574
2.5500872191498574e-10	6.0575833e-09	-7.637823e-09	0.8139911	-2.0151528e-17	0.21562351
2.575268402696663e-10	6.090505e-09	-5.0040905e-09	0.82122546	-2.0161096e-17	0.21728675
2.600449714696378e-10	5.078164e-09	-2.255133e-09	0.828399	-2.0170923e-17	0.21731053
2.6251371545786955e-10	3.8847547e-09	-5.2674637e-10	0.83517647	-2.0180173e-17	0.21911833
2.650318245210613e-10	2.436202e-09	3.950598e-10	0.841705	-2.0188683e-17	0.2196762
2.6750055454146835e-10	1.3827093e-09	5.7612887e-10	0.8476607	-2.0195752e-17	0.22048382
2.7001867237710246e-10	6.255113e-10	4.2798143e-10	0.85325575	-2.0201405e-17	0.22106847
2.725367628000095e-10	-6.4197214e-10	3.950598e-10	0.8583832	-2.0205354e-17	0.22150217
2.750054704189765e-10	-1.6460824e-09	-5.925897e-10	0.86300766	-2.0207528e-17	0.22158219
2.7752356147525747e-10	-2.6337318e-10	-6.255113e-10	0.86739016	-2.0207993e-17	0.2221345
2.800416497149419e-10	1.6460824e-10	-9.547279e-10	0.8715196	-2.0206689e-17	0.22086912
2.8251035479522205e-10	-3.2921648e-11	-1.316866e-09	0.87540185	-2.02037e-17	0.21824573
2.8502844207195956e-10	-1.218101e-09	-2.3045155e-09	0.87926775	-2.0198872e-17	0.21783435
2.8754651803739836e-10	-1.4814742e-09	-3.6213814e-09	0.88311046	-2.0192172e-17	0.21567896
2.900152334252446e-10	-6.255113e-10	-4.8065605e-09	0.88692385	-2.018364e-17	0.21565028
2.925333137470695e-10	1.8106907e-09	-5.135777e-09	0.89093184	-2.0172693e-17	0.21415071
2.950020182700771e-10	3.4896948e-09	-4.213971e-09	0.89505094	-2.0159437e-17	0.21426427
2.9752011405207146e-10	4.971169e-09	-3.7859897e-09	0.8995278	-2.0142864e-17	0.2129718
3.0003820609480947e-10	6.18927e-09	-2.1399071e-09	0.90437406	-2.0122578e-17	0.21376501
3.0250693503027597e-10	6.0575833e-09	-1.8436124e-09	0.9095815	-2.0098294e-17	0.21334963
3.0502503588687114e-10	6.847703e-09	-1.8436124e-09	0.91546476	-2.0068025e-17	0.21321362
3.075431476153916e-10	8.131647e-09	-2.9629485e-10	0.9220299	-2.0030943e-17	0.21433632
3.1001190796881047e-10	9.97526e-09	1.7448474e-09	0.9292042	-1.9986454e-17	0.21514858
3.1253004401798524e-10	1.0864144e-08	4.411501e-09	0.937281	-1.993071e-17	0.21528423
3.150481770911587e-10	1.0534928e-08	8.493785e-09	0.9459729	-1.9861205e-17	0.21660776
3.175169497101542e-10	7.901195e-09	1.2905287e-08	0.95463794	-1.9773802e-17	0.21552321
3.200351136021383e-10	3.1934e-09	1.6921728e-08	0.96251434	-1.9653904e-17	0.21408339
3.225039118650938e-10	-3.6213814e-09	1.9752989e-08	0.9668424	-1.9494326e-17	0.20776893
3.2502207411605005e-10	-1.2880595e-08	1.8304437e-08	0.9626073	-1.931896e-17	0.20249304
3.275402521902972e-10	-2.0148049e-08	1.0534928e-08	0.94327325	-1.9276182e-17	0.21204655
3.3000904112025944e-10	-2.215627e-08	0	0.91074747	-1.943635e-17	0.22514004
3.325272000379029e-10	-1.9357929e-08	-9.744808e-09	0.875442	-1.9680375e-17	0.23568128
3.3504540447595363e-10	-1.3168659e-08	-1.7119257e-08	0.84718585	-1.9881523e-17	0.21532579
3.3751440875679816e-10	-5.432072e-09	-1.9715952e-08	0.8258422	-2.0010215e-17	0.20482911
3.4003263215205005e-10	3.9835193e-09	-1.9094557e-08	0.8094997	-2.0082617e-17	0.20608073
3.4250109199660943e-10	1.0979369e-08	-1.4748899e-08	0.79833984	-2.011578e-17	0.20936829
3.4501909042428714e-10	1.3201581e-08	-8.7571586e-09	0.79137605	-2.0128001e-17	0.21141322
3.4753718026434053e-10	1.2724217e-08	-2.8312617e-09	0.78812706	-2.0130114e-17	0.21291594
3.5000589647565643e-10	1.1230397e-08	4.19751e-10	0.7879041	-2.012924e-17	0.21324798
3.525239449726823e-10	1.0485545e-08	3.0287917e-09	0.7901162	-2.0128927e-17	0.21265574
3.5504201007820575e-10	8.148108e-09	4.1913375e-09	0.79413044	-2.0130702e-17	0.21385743
3.5751072113260655e-10	6.650173e-09	4.3302255e-09	0.7993235	-2.013484e-17	0.21437274
3.6002883835343666e-10	5.629602e-09	4.178992e-09	0.80557764	-2.0141328e-17	0.21482868
3.6254694821094845e-10	5.3991505e-09	3.69134e-09	0.812485	-2.014961e-17	0.21582067
3.650157006980755e-10	4.5431876e-09	4.0822843e-09	0.8195551	-2.0158838e-17	0.21691015
3.6753380580367743e-10	4.0822843e-09	3.851833e-09	0.8267639	-2.016867e-17	0.21711472
3.7000253659734603e-10	2.4032802e-09	3.2263217e-09	0.833614	-2.017806e-17	0.21901521
3.7252064242063847e-10	2.3045155e-09	3.1934e-09	0.84023994	-2.0186828e-17	0.21902262
3.750387493653838e-10	3.0617133e-09	2.057603e-09	0.8464194	-2.0194356e-17	0.22056966
3.7750745685534063e-10	3.5226164e-09	1.876534e-09	0.8520095	-2.0200249e-17	0.22061542
3.800255532193857e-10	3.9505976e-09	2.3703588e-09	0.85724103	-2.02046e-17	0.22162367
3.825436103406113e-10	3.7201462e-09	3.358008e-09	0.8620435	-2.0207203e-17	0.22123423
3.850123231913786e-10	5.234542e-09	1.9094557e-09	0.8664059	-2.0208044e-17	0.22216426
3.8753040217769377e-10	6.4526433e-09	2.436202e-09	0.8705861	-2.0207147e-17	0.22131868
3.900484813568658e-10	7.473214e-09	3.0287917e-09	0.8745773	-2.0204487e-17	0.21871872
3.9251717710754824e-10	6.3209566e-09	5.3991505e-09	0.87838167	-2.0200146e-17	0.21808188
3.9503524079024235e-10	4.3785793e-09	6.18927e-09	0.88222337	-2.0193888e-17	0.2163336
3.9750393469421353e-10	2.99587e-09	6.3868e-09	0.8860199	-2.018583e-17	0.21570764
4.000220028464833e-10	3.851833e-09	5.3003855e-09	0.88999385	-2.0175435e-17	0.21468604
4.025400875662471e-10	4.5761093e-09	5.333307e-09	0.8941454	-2.0162522e-17	0.21419363
4.050087883624028e-10	5.3003855e-09	6.847703e-09	0.89846694	-2.0146986e-17	0.2135283
4.075268678814952e-10	5.3003855e-09	9.218062e-09	0.9032193	-2.0127622e-17	0.21373045
4.1004495510224434e-10	3.6213814e-09	1.1440273e-08	0.90841836	-2.010393e-17	0.21273762
4.125136760378063e-10	8.5596286e-10	1.2925862e-08	0.9140521	-2.0075553e-17	0.21375856
4.1503177214628247e-10	-2.3045155e-09	1.3432032e-08	0.92045164	-2.004017e-17	0.21459286
4.175005279615552e-10	-5.79421e-09	1.3563719e-08	0.9274502	-1.999773e-17	0.21534643
4.200186427113478e-10	-9.646043e-09	1.27736e-08	0.93535596	-1.9944627e-17	0.21599984
4.225367767239216e-10	-1.5143959e-08	1.0600771e-08	0.9439326	-1.98787e-17	0.21547443
4.2500553658229764e-10	-2.0279735e-08	5.3991505e-09	0.9526301	-1.979654e-17	0.21663634
4.2752369386883005e-10	-2.4691236e-08	-2.6995752e-09	0.9608841	-1.9685064e-17	0.21480323
4.3004185250643296e-10	-2.6469005e-08	-1.4814741e-08	0.9663994	-1.9532098e-17	0.2097774
4.3251063685843074e-10	-2.3448445e-08	-2.8444305e-08	0.96473294	-1.9354536e-17	0.20371816
4.350287977795716e-10	-1.0929988e-08	-3.9242604e-08	0.9492101	-1.9265993e-17	0.20843363
4.375469611295171e-10	7.242763e-09	-4.1612964e-08	0.9184081	-1.938979e-17	0.22184564
4.4001573887246664e-10	2.317684e-08	-3.310889e-08	0.8830696	-1.9625272e-17	0.23553012
4.42533916555863e-10	3.4238514e-08	-2.2123348e-08	0.8530516	-1.9841346e-17	0.2208373
4.450028853533349e-10	3.8715857e-08	-6.847703e-09	0.8303659	-1.9985799e-17	0.20687446
4.4752120850251e-10	3.535785e-08	8.427942e-09	0.8128054	-2.0070113e-17	0.20485608
4.500390406100504e-10	2.7489577e-08	1.8724188e-08	0.8003574	-2.0110901e-17	0.20821922
4.5250759847643576e-10	1.766658e-08	2.308219e-08	0.7926225	-2.0126428e-17	0.21128593
4.5502567369429633e-10	7.820949e-09	2.2720053e-08	0.7885855	-2.0130087e-17	0.21262439
4.575437323025291e-10	1.5637783e-09	1.8724188e-08	0.7877309	-2.0129458e-17	0.213266
4.6001241174947157e-10	-2.156368e-09	1.4419682e-08	0.7894229	-2.0128843e-17	0.2128708
4.625304522306293e-10	-3.1275567e-09	1.05020055e-08	0.7930758	-2.0130075e-17	0.21356656
4.65048530557451e-10	-2.3045155e-09	8.241729e-09	0.7981182	-2.0133751e-17	0.21439375
4.675172521112837e-10	-2.0740638e-09	7.3723916e-09	0.80406564	-2.0139653e-17	0.2142082
4.700353542886328e-10	-1.8106907e-09	5.333307e-09	0.8108528	-2.0147572e-17	0.21586548
4.725040876765488e-10	-9.876494e-10	4.609031e-09	0.8178829	-2.0156606e-17	0.21634415
4.750221942932042e-10	1.975299e-10	3.8189114e-09	0.82511514	-2.0166405e-17	0.21740009
4.775402892911346e-10	6.255113e-10	4.7407176e-09	0.832166	-2.0176092e-17	0.21874811
4.80009011121665e-10	1.316866e-09	4.7407176e-09	0.83874965	-2.0184904e-17	0.21861184
4.825270963139809e-10	2.0411421e-09	4.1481276e-09	0.8450368	-2.0192744e-17	0.22050425
4.850451689053566e-10	3.4896948e-09	3.9505976e-09	0.850846	-2.0199114e-17	0.22010222
4.875138797281597e-10	4.6748743e-09	4.7736393e-09	0.85607505	-2.0203749e-17	0.22161663
4.900319281860755e-10	4.0822843e-09	6.4526433e-09	0.8609706	-2.0206757e-17	0.22074966
4.925006231145872e-10	3.3250864e-09	7.012311e-09	0.8654066	-2.0208001e-17	0.22209066
4.950186938702885e-10	2.4032802e-09	6.5843295e-09	0.86964196	-2.0207511e-17	0.22167492
4.975367349367223e-10	1.9094557e-09	8.855923e-09	0.87366945	-2.0205258e-17	0.21946603
5.000054315961484e-10	-7.407371e-10	8.7571586e-09	0.87749267	-2.0201324e-17	0.21823692
5.025234911511319e-10	5.2674637e-10	5.79421e-09	0.8813372	-2.0195502e-17	0.21689297
5.050415485737483e-10	2.6008102e-09	6.2551133e-09	0.88519686	-2.0187737e-17	0.21567143
5.07510236869135e-10	2.1399071e-09	1.0337398e-08	0.88906455	-2.0178042e-17	0.21510503
5.100282892858277e-10	-2.3703588e-09	1.3892936e-08	0.89316803	-2.0165745e-17	0.21399838
5.125463573813692e-10	-6.814781e-09	1.3366189e-08	0.8975116	-2.0150595e-17	0.21389619
5.150150428993739e-10	-1.05020055e-08	1.1522577e-08	0.9020874	-2.0132438e-17	0.2135103
5.175331412187204e-10	-1.1456733e-08	8.543168e-09	0.90717417	-2.0109824e-17	0.21303016
5.200018435950153e-10	-1.1753029e-08	7.308606e-09	0.9126734	-2.0082746e-17	0.21397255
5.22519934348036e-10	-1.3925857e-08	7.242763e-09	0.9189121	-2.0048979e-17	0.21441111
5.250380213072969e-10	-1.8106906e-08	6.2221917e-09	0.92588025	-2.0007598e-17	0.21499357
5.2750676127553e-10	-2.1958739e-08	2.2222113e-09	0.9334661	-1.995788e-17	0.2158755
5.300248711127618e-10	-2.5415513e-08	-4.872404e-09	0.94190836	-1.9895264e-17	0.21649182
5.32543019511775e-10	-2.5481356e-08	-1.3695406e-08	0.95076644	-1.9816078e-17	0.21618304
5.350117721289577e-10	-2.2090425e-08	-2.4460785e-08	0.9591173	-1.9713987e-17	0.2149156
5.375299255218857e-10	-1.3761249e-08	-3.5687066e-08	0.96555763	-1.9571466e-17	0.21163467
5.400480872881896e-10	1.5678935e-09	-4.4575913e-08	0.9660097	-1.9391244e-17	0.20436765
5.425168661067476e-10	2.2584251e-08	-4.6617053e-08	0.95428103	-1.9268529e-17	0.20543775
5.450350298107694e-10	4.5366033e-08	-3.555538e-08	0.9265003	-1.934501e-17	0.21882612
5.475038006490213e-10	5.6230174e-08	-1.1851793e-08	0.8910982	-1.9568183e-17	0.23465575
5.500219422556033e-10	5.6073798e-08	7.703666e-09	0.85928804	-1.9797287e-17	0.2271272
5.525402530733208e-10	4.71438e-08	2.6287937e-08	0.8347683	-1.9960424e-17	0.20794481
5.55009261293058e-10	2.9399033e-08	4.158004e-08	0.8163863	-2.0055297e-17	0.2048004
5.575271005379794e-10	7.9835e-09	4.5942162e-08	0.8028003	-2.0104302e-17	0.20693886
5.600449987678563e-10	-9.283905e-09	3.9217912e-08	0.7939452	-2.0124432e-17	0.21103282
5.625136738029536e-10	-1.686e-08	2.655954e-08	0.7892126	-2.0129842e-17	0.21220282
5.650317412713711e-10	-1.7925837e-08	1.4617212e-08	0.7876749	-2.012971e-17	0.21323869
5.675003921111727e-10	-1.46501336e-08	6.7036705e-09	0.78883237	-2.012887e-17	0.21303524
5.70018420339691e-10	-1.06995355e-08	2.7654186e-09	0.7920932	-2.0129582e-17	0.21324517
5.725364777382174e-10	-7.687205e-09	1.777769e-09	0.79685235	-2.013268e-17	0.21432315
5.750051800249657e-10	-5.5966805e-09	1.907398e-09	0.80259144	-2.013808e-17	0.21387231
5.77523267404751e-10	-4.510266e-09	2.275709e-09	0.8092397	-2.0145605e-17	0.215738
5.800413683977885e-10	-3.753068e-09	1.3230388e-09	0.81635416	-2.015459e-17	0.2156656
5.825100944498641e-10	-1.8106907e-09	-1.1316817e-10	0.8234551	-2.0164129e-17	0.21748519
5.850281735392281e-10	3.6213813e-10	9.218062e-10	0.8305647	-2.01739e-17	0.21826555
5.875462567306395e-10	1.0041102e-09	3.1275567e-09	0.8373645	-2.0183086e-17	0.2189329
5.900149676098375e-10	1.1851794e-09	4.6419526e-09	0.8436275	-2.0191057e-17	0.22026813
5.925330232288383e-10	8.5596286e-10	4.3456576e-09	0.84954864	-2.0197788e-17	0.22009185
5.950017122085781e-10	2.0905246e-09	3.555538e-09	0.8548844	-2.0202806e-17	0.22147584
5.97519761301705e-10	2.057603e-09	5.3991505e-09	0.859877	-2.020622e-17	0.22114892
6.000378208665271e-10	8.5596286e-10	7.308606e-09	0.86447763	-2.0207875e-17	0.22193448
6.025064844785135e-10	-6.9135464e-10	7.637823e-09	0.86868596	-2.0207782e-17	0.22193693
6.050245340221294e-10	-1.7448474e-09	7.802431e-09	0.8727542	-2.0205935e-17	0.22012733
6.075425765974803e-10	-3.9505976e-09	8.164569e-09	0.87667596	-2.0202318e-17	0.2183005
6.10011252164498e-10	-3.9835193e-09	3.9505976e-09	0.88045114	-2.0197013e-17	0.21735863
6.125292960924207e-10	-2.156368e-09	9.218062e-10	0.88430095	-2.0189709e-17	0.21553853
6.150473522893318e-10	-7.571979e-10	4.6748743e-09	0.88822067	-2.0180318e-17	0.21538939
6.175160249968804e-10	-3.1934e-09	8.296255e-09	0.8922026	-2.0168817e-17	0.21368435
6.200340686322359e-10	-6.7818595e-09	7.045233e-09	0.89648324	-2.015437e-17	0.21415043
6.225027645300171e-10	-8.691315e-09	7.111076e-09	0.9009771	-2.0137044e-17	0.21312064
6.250208264306617e-10	-1.2213931e-08	5.79421e-09	0.90595704	-2.0115454e-17	0.21349399
6.275389025073541e-10	-1.36624845e-08	2.8600683e-10	0.91144055	-2.0089039e-17	0.21390434
6.300075895831368e-10	-1.2510227e-08	-2.1069855e-09	0.9174102	-2.0057394e-17	0.2138386
6.325256839652353e-10	-1.2082245e-08	-2.8312617e-09	0.9242033	-2.0017913e-17	0.21409406
6.350437856736737e-10	-1.2938208e-08	-5.135777e-09	0.93176925	-1.9969467e-17	0.21507235
6.375125222170511e-10	-1.26748345e-08	-1.0337398e-08	0.9399065	-1.9910975e-17	0.21634082
6.400306397516517e-10	-9.942338e-09	-1.580239e-08	0.948714	-1.9836193e-17	0.21630444
6.425487698133431e-10	-3.2263217e-09	-2.0806482e-08	0.9574087	-1.9738645e-17	0.2160346
6.450175349754993e-10	5.3991505e-09	-2.3703587e-08	0.96441156	-1.9608459e-17	0.21246304
6.47535686963548e-10	1.5901156e-08	-2.396696e-08	0.9667582	-1.9433672e-17	0.20562467
6.500044594817331e-10	2.7259125e-08	-1.8699497e-08	0.95844823	-1.9283256e-17	0.203577
6.525226023393151e-10	3.535785e-08	-7.111076e-09	0.93412066	-1.930856e-17	0.21631028
6.55040749072818e-10	3.4238514e-08	8.164569e-09	0.898717	-1.9515412e-17	0.23179255
6.575095022762109e-10	2.9036894e-08	1.7909377e-08	0.8659255	-1.974948e-17	0.2329051
6.6002775857012e-10	2.0016362e-08	2.4954609e-08	0.839876	-1.9929163e-17	0.21097477
6.625461747249768e-10	7.473214e-09	2.976117e-08	0.81990945	-2.0039484e-17	0.2051556
6.650147373811196e-10	-4.312736e-09	2.873237e-08	0.8054977	-2.0096184e-17	0.20686544
6.675325713798869e-10	-1.27736e-08	2.0961831e-08	0.7956001	-2.0121516e-17	0.21054883
6.700011872276618e-10	-1.6195393e-08	1.2423807e-08	0.7900163	-2.0129313e-17	0.21161622
6.725192315092478e-10	-1.3909396e-08	4.6748743e-09	0.78776586	-2.0129935e-17	0.21315192
6.750372455088959e-10	-1.0534928e-08	-3.539077e-10	0.7883895	-2.0128969e-17	0.21314657
6.775058874911913e-10	-6.4032606e-09	-2.6748839e-09	0.7911885	-2.0129217e-17	0.21290776
6.80023937067297e-10	-3.6049206e-09	-2.3415523e-09	0.79564387	-2.0131745e-17	0.2141681
6.825420045759131e-10	-1.7448474e-09	-1.777769e-09	0.80127895	-2.0136733e-17	0.214151
6.850107001181158e-10	-4.609031e-10	-4.609031e-10	0.8076501	-2.0143712e-17	0.21544795
6.875287901738308e-10	5.925897e-10	-2.736612e-10	0.8146884	-2.0152423e-17	0.21548168
6.900468665828612e-10	8.230412e-10	4.09463e-10	0.82192796	-2.016205e-17	0.2173882
6.925155651287715e-10	7.2427625e-10	1.8847643e-09	0.82894516	-2.0171674e-17	0.21758267
6.950336406208911e-10	1.6460824e-10	3.0617133e-09	0.83582807	-2.0181045e-17	0.21910463
6.97502336267474e-10	3.6213813e-10	3.4073906e-09	0.8421916	-2.0189293e-17	0.2198553
7.000203920175687e-10	3.292165e-10	3.654303e-09	0.8482243	-2.0196369e-17	0.22040123
7.02538426593675e-10	5.1028554e-10	2.1399071e-09	0.8537725	-2.0201862e-17	0.221225
7.050071029681225e-10	1.316866e-09	2.6666536e-09	0.85876137	-2.0205587e-17	0.22143352
7.07525151936149e-10	2.7983402e-10	3.2921648e-09	0.8634457	-2.0207648e-17	0.22170961
7.100431900255294e-10	2.4691235e-10	2.0411421e-09	0.8677998	-2.0207946e-17	0.22209203
7.125118521828019e-10	2.1399071e-10	1.4485525e-09	0.87183034	-2.020652e-17	0.22069956
7.150298720498231e-10	1.0534927e-09	2.9629483e-09	0.8757791	-2.0203309e-17	0.21828152
7.175479050107405e-10	-1.3168659e-10	4.213971e-09	0.8796396	-2.0198305e-17	0.21770275
7.200165518299408e-10	-2.2057505e-09	4.3456576e-09	0.8834081	-2.0191576e-17	0.21543874
7.225345952010865e-10	-2.9300267e-09	3.0617133e-09	0.88730526	-2.0182684e-17	0.21559623
7.250032597591199e-10	-2.6008102e-09	2.1728288e-09	0.8912481	-2.0171752e-17	0.21394531
7.275213045081579e-10	-1.8106907e-09	1.0864144e-09	0.89547044	-2.0157978e-17	0.2142595
7.300393380925582e-10	-1.5143958e-09	1.876534e-09	0.8999788	-2.0141075e-17	0.21268876
7.325080044867966e-10	-2.0082205e-09	2.5102758e-09	0.90476567	-2.0120836e-17	0.21373326
7.350260675693185e-10	-2.9629483e-09	3.2921648e-09	0.9101233	-2.0095625e-17	0.21356627
7.375441282323082e-10	-3.7201462e-09	2.296285e-09	0.91606796	-2.0064761e-17	0.21301183
7.400128332107051e-10	-4.5761093e-09	1.078184e-09	0.9225665	-2.0027763e-17	0.21414399
7.425309157460017e-10	-4.971169e-09	-5.5966803e-10	0.9299521	-1.9981563e-17	0.21486782
7.450490050056056e-10	-5.3991505e-09	-1.4156308e-09	0.9380982	-1.9924663e-17	0.21534672
7.475177461841378e-10	-5.8600533e-09	-3.2921648e-09	0.94665706	-1.9855139e-17	0.2167683
7.50035864656855e-10	-5.79421e-09	-6.5843295e-09	0.9554668	-1.9763805e-17	0.21548893
7.525046234731505e-10	-3.8189114e-09	-1.1061674e-08	0.9630219	-1.9642964e-17	0.21346024
7.550227576041165e-10	6.9135464e-10	-1.5407332e-08	0.9669235	-1.9476604e-17	0.20726526
7.575408997897543e-10	7.604901e-09	-1.5934077e-08	0.9614716	-1.9306071e-17	0.20316382
7.600096738975378e-10	1.4617212e-08	-1.30698945e-08	0.9411105	-1.9282341e-17	0.21330148
7.625278045510954e-10	1.7909377e-08	-4.7407176e-09	0.9072007	-1.9458999e-17	0.22774418
7.650459365622705e-10	1.6724197e-08	2.1728288e-09	0.87237644	-1.970264e-17	0.23421955
7.67514773404609e-10	1.4617212e-08	7.3250668e-09	0.8453057	-1.9894063e-17	0.2139686
7.700331610803875e-10	1.0238633e-08	1.2115167e-08	0.82403433	-2.0019475e-17	0.2048631
7.725018522376187e-10	5.5802194e-09	1.3958779e-08	0.8084571	-2.0086321e-17	0.20636049
7.750196495709275e-10	1.1193361e-09	1.2641913e-08	0.7974841	-2.011769e-17	0.209786
7.775375825385451e-10	-2.5514277e-09	9.942338e-09	0.7909137	-2.0128497e-17	0.21143197
7.800062557318967e-10	-3.555538e-09	6.991735e-09	0.7880106	-2.0130085e-17	0.21299154
7.825242757593668e-10	-3.1275567e-09	4.230432e-09	0.7880203	-2.0129146e-17	0.21322657
7.850422624386954e-10	-9.0534535e-10	3.0411373e-09	0.7904344	-2.0128997e-17	0.21259812
7.875109081325714e-10	-8.5596286e-10	2.296285e-09	0.7944967	-2.0130939e-17	0.21394391
7.900289541378483e-10	-2.9629485e-10	2.0905246e-09	0.7998884	-2.013537e-17	0.21433266
7.925470013524093e-10	-1.3168659e-10	2.0596607e-09	0.8062196	-2.0142056e-17	0.21504916
7.950157038882304e-10	-2.6337318e-10	1.6234488e-09	0.81303144	-2.0150302e-17	0.21576777
7.975337656844147e-10	1.2510226e-09	1.668716e-09	0.8202531	-2.0159776e-17	0.2170912
8.000024647278383e-10	1.6460824e-09	1.9752988e-09	0.82730913	-2.0169418e-17	0.21697633
8.025205209642472e-10	1.777769e-09	3.0287917e-09	0.8342689	-2.0178947e-17	0.21908323
8.050385713351379e-10	1.5473175e-09	3.555538e-09	0.8408546	-2.018761e-17	0.21931869
8.075072483562647e-10	1.2839443e-09	3.8189114e-09	0.84687275	-2.0194867e-17	0.22055522
8.100252903554749e-10	1.0205711e-09	3.9505976e-09	0.8525327	-2.020074e-17	0.22081172
8.125433263613342e-10	8.5596286e-10	4.4773443e-09	0.8577203	-2.0204924e-17	0.22158788
8.150119858522094e-10	8.5596286e-10	4.7736393e-09	0.8623953	-2.0207331e-17	0.22137217
8.175299896735371e-10	8.39502e-10	2.5020452e-09	0.86681813	-2.0208034e-17	0.22216426
8.200480212678712e-10	9.547279e-10	2.3374371e-09	0.87097645	-2.020697e-17	0.22114293
8.225166702620901e-10	1.6460824e-09	2.6995752e-09	0.87487674	-2.0204209e-17	0.21845156
8.25034681427394e-10	1.4485525e-09	5.333307e-09	0.87875116	-2.0199628e-17	0.21798956
8.275033354477919e-10	3.2921648e-11	6.716016e-09	0.8825173	-2.0193332e-17	0.21612719
8.300213427053525e-10	-1.0205711e-09	6.3209566e-09	0.88639575	-2.0184934e-17	0.21569566
8.325393632219981e-10	-1.9752988e-09	5.5966805e-09	0.89038324	-2.017431e-17	0.21447861
8.350080140777742e-10	-2.2386721e-09	4.4773443e-09	0.89447194	-2.0161419e-17	0.21423288
8.375260401658833e-10	-2.0411421e-09	4.609031e-09	0.8989062	-2.0145292e-17	0.21331781
8.400440846312406e-10	-1.9094557e-09	5.432072e-09	0.90369695	-2.0125547e-17	0.21376894
8.425127490325611e-10	-3.1275567e-09	5.9258967e-09	0.9088362	-2.0101915e-17	0.2129811
8.450307949287256e-10	-5.2016205e-09	5.79421e-09	0.9146354	-2.0072464e-17	0.21357387
8.475488727867386e-10	-7.4073707e-09	5.1193165e-09	0.9211033	-2.0036387e-17	0.21454246
8.500175665884377e-10	-9.810651e-09	2.99587e-09	0.92817444	-1.9993104e-17	0.2153428
8.525356424983089e-10	-1.1456733e-08	-3.292165e-10	0.936152	-1.9938924e-17	0.215814
8.550043644951576e-10	-1.2510227e-08	-3.8847547e-09	0.94460547	-1.9873024e-17	0.21585211
8.575224733657622e-10	-1.2148089e-08	-8.691315e-09	0.95346904	-1.9787272e-17	0.21638274
8.60040603633649e-10	-9.3497485e-09	-1.6065764e-08	0.9615801	-1.9672401e-17	0.2147227
8.625093359651908e-10	-3.9835193e-09	-2.1859975e-08	0.96659863	-1.9518633e-17	0.20905517
8.650274853581646e-10	4.4444226e-09	-2.6271476e-08	0.9639472	-1.9339044e-17	0.2031854
8.675456174706534e-10	1.6460824e-08	-2.4493707e-08	0.946846	-1.9268691e-17	0.21021003
8.700143735828957e-10	2.577765e-08	-1.4617212e-08	0.9156634	-1.9406064e-17	0.22393055
8.725324947864008e-10	2.8707678e-08	-2.9300267e-09	0.87985086	-1.9648456e-17	0.23654786
8.750012905311017e-10	2.7193282e-08	6.716016e-09	0.85107565	-1.985504e-17	0.2192258
8.775196545275791e-10	2.1399071e-08	1.6403211e-08	0.8284518	-1.9996345e-17	0.2061221
8.800378372802788e-10	1.31851206e-08	2.1728289e-08	0.8114006	-2.0075564e-17	0.20543805
8.825062099041679e-10	4.567879e-09	2.2415527e-08	0.7996066	-2.0112782e-17	0.20867458
8.85024123873371e-10	-2.518506e-09	1.8687151e-08	0.79208076	-2.0127149e-17	0.21135555
8.875421463558623e-10	-6.4382397e-09	1.3958779e-08	0.7883753	-2.0130117e-17	0.21276076
8.900107685256313e-10	-7.2592234e-09	8.4032505e-09	0.7877801	-2.0129377e-17	0.21326375
8.925287534722372e-10	-5.99174e-09	5.053473e-09	0.7896983	-2.0128866e-17	0.21278927
8.950467545228832e-10	-4.6254915e-09	3.7612984e-09	0.7935044	-2.0130317e-17	0.21369193
8.975154229343243e-10	-3.2098608e-09	3.1604783e-09	0.79854697	-2.0134129e-17	0.21439627
9.000334606376091e-10	-2.6008102e-09	2.4320868e-09	0.8046875	-2.0140334e-17	0.2144803
9.025021463617456e-10	-2.4032802e-09	2.2078082e-09	0.81138796	-2.0148235e-17	0.21587132
9.050202071043937e-10	-1.5473175e-09	1.0534927e-09	0.8185752	-2.0157528e-17	0.21660112
9.075382706543398e-10	-5.5966803e-10	1.4074005e-09	0.8257991	-2.0167343e-17	0.21730721
9.100069463635148e-10	3.950598e-10	1.835382e-09	0.8326883	-2.0176803e-17	0.21886455
9.125249871037696e-10	7.901196e-10	3.0287917e-09	0.83936924	-2.0185707e-17	0.2185651
9.150430190855347e-10	5.2674637e-10	2.5514277e-09	0.84561193	-2.019342e-17	0.22055195
9.175116726118027e-10	7.489675e-10	3.2921648e-09	0.8512663	-2.019953e-17	0.22030142
9.200296850258071e-10	1.2839443e-09	4.016441e-09	0.85656	-2.0204111e-17	0.22163615
9.225477066937505e-10	1.1193361e-09	3.6872247e-09	0.86141664	-2.0206954e-17	0.22096108
9.250163606804346e-10	1.497935e-09	3.851833e-09	0.8658215	-2.0208027e-17	0.22213478
9.275343695626457e-10	1.3827093e-09	5.069934e-09	0.87003344	-2.0207376e-17	0.22154014
9.300029973779794e-10	3.7859896e-10	5.530837e-09	0.87396795	-2.0205016e-17	0.21923018
9.32521007306396e-10	-3.292165e-10	5.464994e-09	0.8778602	-2.0200847e-17	0.2181846
9.350389910261775e-10	-7.901196e-10	5.79421e-09	0.88170296	-2.0194847e-17	0.21667406
9.375076215511756e-10	-6.9135464e-10	5.6625233e-09	0.8854913	-2.0187063e-17	0.215694
9.400256436825468e-10	-2.2057505e-09	6.3209566e-09	0.889447	-2.0176983e-17	0.21494691
9.425436613216494e-10	-3.456773e-09	5.79421e-09	0.89356977	-2.0164433e-17	0.21409462
9.450123059685198e-10	-4.213971e-09	5.267464e-09	0.8978519	-2.014932e-17	0.2137799
9.47530329319032e-10	-4.707796e-09	4.3456576e-09	0.90255153	-2.0130477e-17	0.21362336
9.500483580879052e-10	-4.7736393e-09	4.032902e-09	0.9076837	-2.0107427e-17	0.21276923
9.525170283760326e-10	-5.9588183e-09	4.121379e-09	0.91323775	-2.0079823e-17	0.21392314
9.550350732493404e-10	-7.901195e-09	3.358008e-09	0.9195419	-2.0045397e-17	0.21453574
9.57503763767515e-10	-9.876494e-09	1.3827093e-09	0.92643756	-2.0004116e-17	0.21517538
9.600218401265095e-10	-1.1423812e-08	-2.633732e-09	0.9342403	-1.9952496e-17	0.2160282
9.62539922630943e-10	-1.1456733e-08	-6.5843295e-09	0.9427399	-1.9888547e-17	0.21622138
9.650086516170485e-10	-1.0205711e-08	-1.1357969e-08	0.95143443	-1.9809229e-17	0.21650013
9.675267605373375e-10	-7.242763e-09	-1.6460824e-08	0.9598591	-1.9702335e-17	0.2143621
9.700448825966807e-10	-1.1522577e-09	-2.1596602e-08	0.9659449	-1.955553e-17	0.21095684
9.725136293093998e-10	6.99585e-09	-2.55472e-08	0.9656227	-1.9377811e-17	0.20416285
9.750317651192428e-10	1.919332e-08	-2.35719e-08	0.95230174	-1.9265951e-17	0.20713371
9.775005090559096e-10	2.8246774e-08	-1.3629562e-08	0.923901	-1.9358814e-17	0.22052062
9.80018623231648e-10	3.015623e-08	-9.218062e-10	0.8877504	-1.9591836e-17	0.23566213
9.825367615002217e-10	2.7127438e-08	9.448513e-09	0.85667497	-1.9815878e-17	0.22393538
9.850057098544352e-10	2.0477266e-08	1.7868224e-08	0.8331681	-1.996982e-17	0.20766805
9.875240189516446e-10	1.1357969e-08	2.2255035e-08	0.8148794	-2.0061687e-17	0.20448127
9.900417659507183e-10	1.4485525e-09	2.278178e-08	0.8017652	-2.0107186e-17	0.2072893
9.925102604926748e-10	-4.5267265e-09	1.8991676e-08	0.79345304	-2.012521e-17	0.21114093
9.950282573526888e-10	-7.2756845e-09	1.2695411e-08	0.7889339	-2.0129975e-17	0.21239462
9.975462524952385e-10	-7.687205e-09	7.975269e-09	0.7876806	-2.0129609e-17	0.2132567
1.0000148623539144e-09	-7.111076e-09	4.1481276e-09	0.7890621	-2.0128846e-17	0.21297434
1.0025328379577906e-09	-4.7407176e-09	2.2674786e-09	0.7924878	-2.0129766e-17	0.2133803
1.0050014742559304e-09	-3.5884598e-09	1.8436124e-09	0.79725844	-2.0133017e-17	0.21435677
1.0075195018719268e-09	-2.1069855e-09	1.5987576e-09	0.80319184	-2.013871e-17	0.21378665
1.01003755038405e-09	-1.1851794e-09	1.5946423e-09	0.8098993	-2.0146404e-17	0.21581149
1.0125062367219129e-09	-1.0205711e-09	1.4567829e-09	0.8168976	-2.0155303e-17	0.21592474
1.0150242842421357e-09	-9.876495e-11	1.8436124e-09	0.8241376	-2.0165064e-17	0.21747579
1.0175423258318406e-09	4.938247e-10	1.5802392e-09	0.8312239	-2.0174804e-17	0.2184884
1.0200109857511733e-09	1.3827093e-09	1.7119257e-09	0.8378591	-2.0183736e-17	0.21883626
1.0225290127256467e-09	1.777769e-09	1.5802392e-09	0.8442086	-2.019176e-17	0.22038706
1.0250470335611551e-09	2.4691236e-09	2.897105e-09	0.8500838	-2.0198338e-17	0.21992196
1.0275156679609687e-09	1.9917596e-09	3.9505976e-09	0.8553754	-2.0203203e-17	0.22155045
1.030033678872423e-09	1.0699536e-09	5.1028555e-09	0.8603278	-2.0206452e-17	0.22099969
1.0325023199228306e-09	4.115206e-10	4.938247e-09	0.8648089	-2.020793e-17	0.22199784
1.035020323352692e-09	2.7983402e-10	5.9258967e-09	0.8690791	-2.0207682e-17	0.22184266
1.0375383149172924e-09	-9.547279e-10	5.6625233e-09	0.87312996	-2.0205667e-17	0.21986732
1.0400069335346418e-09	-1.218101e-09	5.0040905e-09	0.876966	-2.0201972e-17	0.21828675
1.042524932704109e-09	-1.3827093e-09	4.4773443e-09	0.88081396	-2.0196407e-17	0.21718001
1.0450429310758573e-09	-1.6460824e-09	5.0040905e-09	0.88466716	-2.0188913e-17	0.21560541
1.0475115570761388e-09	-1.6460824e-09	4.213971e-09	0.88851905	-2.0179523e-17	0.21529956
1.050029557754761e-09	-1.4814742e-09	5.2016205e-09	0.8925961	-2.0167578e-17	0.21382709
1.052547566945036e-09	-1.777769e-09	5.267464e-09	0.8969019	-2.0152848e-17	0.21406403
1.055016217948512e-09	-3.3909298e-09	6.2221917e-09	0.9014285	-2.0135186e-17	0.21330008
1.0575342354598466e-09	-6.2221917e-09	5.5966805e-09	0.90645146	-2.0113183e-17	0.21333273
1.060002898575223e-09	-7.3744495e-09	4.063766e-09	0.9118738	-2.0086842e-17	0.2139557
1.0625209381807499e-09	-8.296255e-09	2.3045155e-09	0.91801953	-2.0054001e-17	0.21411677
1.0650389859961416e-09	-8.9546885e-09	-2.3045155e-10	0.9248837	-2.0013756e-17	0.2145223
1.0675076807061225e-09	-1.0074024e-08	-2.5020452e-09	0.9323658	-1.9965427e-17	0.21542649
1.070025748561788e-09	-1.0864144e-08	-5.6625233e-09	0.94072115	-1.9904652e-17	0.21653537
1.072543838939333e-09	-9.942338e-09	-1.0534928e-08	0.94955343	-1.9828128e-17	0.21568647
1.075012566607382e-09	-6.716016e-09	-1.580239e-08	0.95802116	-1.9730117e-17	0.21581593
1.0775306760342815e-09	-1.1851794e-09	-2.1201542e-08	0.96491224	-1.959365e-17	0.21228771
1.0800487961874049e-09	7.5719795e-09	-2.4493707e-08	0.96652853	-1.941619e-17	0.20482647
1.0825175385983672e-09	1.8501966e-08	-2.35719e-08	0.956857	-1.927585e-17	0.2047186
1.0850356580898542e-09	2.814801e-08	-1.3596641e-08	0.9310784	-1.9322305e-17	0.21765915
1.0875043993435101e-09	3.1341408e-08	1.3168659e-10	0.8960033	-1.953401e-17	0.23242557
1.0900225109247651e-09	2.7127438e-08	1.0798301e-08	0.8631667	-1.9769428e-17	0.23102172
1.0925407797284203e-09	2.0213893e-08	1.8436124e-08	0.83775383	-1.9942372e-17	0.20936571
1.09500978266193e-09	1.05020055e-08	2.3234454e-08	0.8186384	-2.0045328e-17	0.2050921
1.0975275944176487e-09	9.38267e-10	2.3559554e-08	0.8043664	-2.0099688e-17	0.2069432
1.100045401838852e-09	-5.8271317e-09	1.9658339e-08	0.7948983	-2.0122806e-17	0.21077658
1.1025139990625181e-09	-9.660447e-09	1.3493761e-08	0.7896668	-2.0129568e-17	0.21187826
1.1050320006356284e-09	-1.0139868e-08	8.164569e-09	0.78771055	-2.0129849e-17	0.21319614
1.1075006114351271e-09	-8.617241e-09	3.333317e-09	0.78853446	-2.0128926e-17	0.21311219
1.1100185816530854e-09	-6.1398873e-09	9.1357577e-10	0.7915473	-2.012935e-17	0.2130465
1.1125365814449599e-09	-4.2798143e-09	2.2942274e-10	0.796129	-2.0132109e-17	0.21424073
1.115005233391279e-09	-2.897105e-09	-1.9547229e-10	0.8017372	-2.0137198e-17	0.21406628
1.1175232747377164e-09	-1.316866e-09	5.2674637e-10	0.80829424	-2.0144473e-17	0.21558562
1.1200413329542902e-09	-1.218101e-09	-1.3168659e-10	0.8153656	-2.01533e-17	0.21531102
1.122510005551209e-09	3.2921648e-11	1.3168659e-10	0.82246643	-2.0162779e-17	0.21744154
1.1250280330337673e-09	1.1193361e-09	0	0.8296064	-2.0172584e-17	0.21788564
1.1275460539365706e-09	1.4814742e-09	1.2016401e-09	0.83645606	-2.0181882e-17	0.21905772
1.1300147070643085e-09	1.679004e-09	1.5802392e-09	0.8427789	-2.019002e-17	0.22004543
1.1325327209458179e-09	1.9094557e-09	2.633732e-09	0.8487663	-2.0196953e-17	0.2202946
1.1350013573967077e-09	2.2057505e-09	2.633732e-09	0.854166	-2.0202199e-17	0.22132656
1.1375193640869162e-09	1.3827093e-09	3.358008e-09	0.85921764	-2.0205857e-17	0.22133254
1.1400373542327906e-09	1.1193361e-09	3.6213814e-09	0.86386734	-2.0207754e-17	0.2218153
1.1425059728966296e-09	6.090505e-10	4.1810493e-09	0.86811244	-2.0207897e-17	0.22204709
1.1450239651306877e-09	4.773639e-10	4.609031e-09	0.8722068	-2.0206292e-17	0.22047727
1.1475419423988462e-09	9.876495e-11	4.872404e-09	0.8761441	-2.0202917e-17	0.21830077
1.1500105726391556e-09	-6.255113e-10	5.530837e-09	0.8799246	-2.0197863e-17	0.21759123
1.1525285625179931e-09	-9.218062e-10	5.464994e-09	0.8837704	-2.0190829e-17	0.21541616
1.1550465462724735e-09	-1.777769e-09	5.333307e-09	0.8876762	-2.0181736e-17	0.21552543
1.1575151668978263e-09	-1.876534e-09	5.135777e-09	0.89163435	-2.0170576e-17	0.21367565
1.1600331726435173e-09	-2.897105e-09	4.3456576e-09	0.89587975	-2.0156534e-17	0.21423233
1.162501803694839e-09	-2.9629483e-09	4.3456576e-09	0.90032697	-2.0139679e-17	0.21281382
1.165019821662734e-09	-4.115206e-09	3.8847547e-09	0.9052461	-2.0118684e-17	0.21366215
1.1675378434094058e-09	-4.6419526e-09	3.4485428e-09	0.9106539	-2.0092991e-17	0.21373439
1.1700065032917296e-09	-5.267464e-09	3.6213814e-09	0.91653496	-2.0062214e-17	0.2133319
1.1725245466125384e-09	-7.111076e-09	3.0287917e-09	0.92322534	-2.0023822e-17	0.21383356
1.175042601097565e-09	-9.020532e-09	1.0534927e-09	0.93068403	-1.9976726e-17	0.21447553
1.1775112919205917e-09	-1.017279e-08	-1.1193361e-09	0.9387289	-1.991994e-17	0.21578726
1.1800293688724337e-09	-1.1127518e-08	-4.7407176e-09	0.9474907	-1.9847593e-17	0.21675499
1.1825474543496313e-09	-1.0074024e-08	-1.0798301e-08	0.95626175	-1.9753822e-17	0.21593058
1.185016183882409e-09	-7.2756845e-09	-1.6855884e-08	0.963611	-1.9629282e-17	0.2124735
1.1875342969977722e-09	-1.0534927e-09	-2.2979311e-08	0.9669207	-1.9459249e-17	0.20667645
1.1900030377077555e-09	9.448513e-09	-2.6073947e-08	0.960498	-1.929718e-17	0.20329435
1.1925211489787821e-09	2.1135698e-08	-2.0543109e-08	0.938364	-1.9291615e-17	0.21404354
1.1950392424327623e-09	2.7522498e-08	-8.9546885e-09	0.903756	-1.9481553e-17	0.22832029
1.1975079725963657e-09	2.8444305e-08	2.3045155e-09	0.8700778	-1.9719346e-17	0.23431456
1.200026194072531e-09	2.4296178e-08	1.2082245e-08	0.8430672	-1.9908745e-17	0.21294698
1.2025445734729351e-09	1.6790041e-08	1.918509e-08	0.8223293	-2.0027939e-17	0.20507659
1.2050131402486134e-09	7.868274e-09	2.1695367e-08	0.80722713	-2.0090538e-17	0.20662387
1.207530922394641e-09	1.5637783e-10	1.9427889e-08	0.79669344	-2.0119357e-17	0.21013346
1.2100488480432658e-09	-4.0617083e-09	1.5748894e-08	0.7904972	-2.0128901e-17	0.21143481
1.212517461664676e-09	-6.7407075e-09	1.1061674e-08	0.7878926	-2.0130037e-17	0.21306625
1.2150354459117595e-09	-6.4526433e-09	6.4444126e-09	0.7881547	-2.0129065e-17	0.21319981
1.2175040477305432e-09	-5.432072e-09	3.8189114e-09	0.7906894	-2.0129061e-17	0.21270572
1.2200220294841406e-09	-4.016441e-09	2.3302353e-09	0.7949529	-2.0131247e-17	0.21404216
1.222540033926136e-09	-3.2098608e-09	1.7551354e-09	0.80044496	-2.0135905e-17	0.21427438
1.2250086930930664e-09	-1.316866e-09	9.567854e-10	0.8067161	-2.0142627e-17	0.21520275
1.227526726100081e-09	-2.6337318e-10	1.1131632e-09	0.8136997	-2.0151152e-17	0.21567449
1.2300447640978994e-09	4.2798143e-10	1.637852e-09	0.8209305	-2.0160694e-17	0.21723478
1.2325134201020903e-09	4.938247e-10	2.0082205e-09	0.82797194	-2.0170336e-17	0.21708317
1.2350314424284913e-09	7.901196e-10	1.9752988e-09	0.83490145	-2.0179799e-17	0.21911505
1.237500081168224e-09	1.5143958e-09	2.3703588e-09	0.8413233	-2.0188205e-17	0.21952324
1.2400180962033713e-09	1.8106907e-09	3.2921648e-09	0.8474219	-2.0195486e-17	0.22051243
1.242536113539213e-09	1.8436124e-09	4.213971e-09	0.8530365	-2.0201205e-17	0.22099616
1.2450047372694309e-09	2.1069855e-09	4.3456576e-09	0.85808533	-2.0205165e-17	0.22154585
1.2475227131089152e-09	1.679004e-09	4.6748743e-09	0.86282146	-2.0207468e-17	0.22152278
1.2500406938304339e-09	1.0699536e-09	4.839482e-09	0.867216	-2.0208007e-17	0.22214776
1.2525092997714825e-09	2.3045155e-10	4.707796e-09	0.8712747	-2.0206821e-17	0.22099778
1.255027280464912e-09	-4.609031e-10	4.4773443e-09	0.87524146	-2.0203862e-17	0.21822675
1.2575452670981018e-09	-5.1028554e-10	4.4773443e-09	0.8791097	-2.0199107e-17	0.21788591
1.2600138751653353e-09	-5.2674637e-10	5.0040905e-09	0.8828763	-2.0192635e-17	0.21586186
1.262531862835477e-09	-5.2674637e-10	5.3991505e-09	0.88676184	-2.018404e-17	0.2156678
1.2650004793075563e-09	-1.5143958e-09	5.069934e-09	0.8906832	-2.0173433e-17	0.21430463
1.26751846487452e-09	-2.1069855e-09	5.9258967e-09	0.8948727	-2.0160051e-17	0.2142595
1.2700364809706716e-09	-3.358008e-09	5.5966805e-09	0.8993363	-2.0143615e-17	0.21308485
1.2725051151629755e-09	-4.3456576e-09	4.5431876e-09	0.9040662	-2.0123933e-17	0.21377568
1.2750231236359028e-09	-5.6625233e-09	4.3086206e-09	0.9093512	-2.0099417e-17	0.21324545
1.277541150882486e-09	-6.5843295e-09	3.2263217e-09	0.9152083	-2.0069403e-17	0.21333753
1.280009811391642e-09	-8.296255e-09	2.633732e-09	0.92160785	-2.003343e-17	0.21445005
1.2825278597938768e-09	-9.119296e-09	2.3045155e-10	0.9288855	-1.9988522e-17	0.21523315
1.2850459182988742e-09	-1.0534928e-08	-2.5020452e-09	0.9369317	-1.9933268e-17	0.21548279
1.2875146269243206e-09	-1.0271554e-08	-5.2016205e-09	0.94543034	-1.9865942e-17	0.21637607
1.2900327161800115e-09	-1.0074024e-08	-9.613121e-09	0.95427877	-1.9778016e-17	0.21585156
1.2925014328403217e-09	-7.3744495e-09	-1.5736548e-08	0.96209675	-1.9662406e-17	0.21444781
1.2950195484111703e-09	-1.1193361e-09	-2.1991662e-08	0.9667827	-1.950189e-17	0.20816125
1.2975376670740837e-09	8.18926e-09	-2.35719e-08	0.9630512	-1.9324921e-17	0.20232433
1.3000063941746155e-09	1.896287e-08	-2.0279735e-08	0.9449322	-1.9272246e-17	0.2103077
1.3025245023599555e-09	2.6205631e-08	-1.0271554e-08	0.91227347	-1.9426802e-17	0.22462521
1.3050425944406631e-09	2.7390811e-08	5.925897e-10	0.8767902	-1.9670598e-17	0.23621623
1.3075114006528891e-09	2.436202e-08	1.0666614e-08	0.84871185	-1.9871216e-17	0.21697024
1.310029769139639e-09	1.7020492e-08	1.817275e-08	0.826639	-2.0006043e-17	0.20525564
1.3125478444479847e-09	8.510246e-09	2.1020472e-08	0.81007886	-2.0080508e-17	0.20590298
1.3150162085354893e-09	6.748938e-10	2.034558e-08	0.79872376	-2.0114895e-17	0.20916802
1.3175341143554422e-09	-3.4238514e-09	1.5934077e-08	0.7915875	-2.0127758e-17	0.21140043
1.320002739017991e-09	-6.0822747e-09	1.1325047e-08	0.7882334	-2.0130123e-17	0.2128508
1.322520723662931e-09	-6.0822747e-09	7.658398e-09	0.78786063	-2.0129281e-17	0.21325473
1.3250386839973668e-09	-5.464994e-09	5.0822795e-09	0.7899827	-2.0128904e-17	0.21270035
1.3275072881838603e-09	-4.411501e-09	2.8682987e-09	0.7938419	-2.0130519e-17	0.21378413
1.3300252872620693e-09	-3.5061556e-09	2.1399071e-09	0.79907984	-2.0134612e-17	0.21438506
1.3325433185243014e-09	-1.8600731e-09	1.4814742e-09	0.8052991	-2.0141014e-17	0.21472521
1.3350119734451554e-09	-7.901196e-10	8.3744445e-10	0.81204647	-2.0149058e-17	0.21585129
1.337530000933501e-09	9.876495e-11	1.1851794e-09	0.8192495	-2.0158433e-17	0.2168215
1.340048030992967e-09	8.5596286e-10	1.1851794e-09	0.8264633	-2.0168258e-17	0.21718277
1.3425166838469289e-09	1.7448474e-09	1.5308567e-09	0.8333256	-2.0177671e-17	0.21897598
1.3450347098988366e-09	2.2715938e-09	2.1069855e-09	0.83996874	-2.0186481e-17	0.21888348
1.3475033406346162e-09	2.99587e-09	2.255133e-09	0.8460509	-2.0193929e-17	0.22056884
1.3500213535295061e-09	2.4032802e-09	3.2921648e-09	0.851778	-2.0200027e-17	0.22052279
1.3525393472682012e-09	2.1399071e-09	3.2921648e-09	0.8570287	-2.0204447e-17	0.22163235
1.3550079702746549e-09	2.3868196e-09	3.753068e-09	0.8617572	-2.0207096e-17	0.22111522
1.3575259640042705e-09	2.3209763e-09	3.358008e-09	0.86622334	-2.0208044e-17	0.22215858
1.3600439495481803e-09	1.876534e-09	3.8847547e-09	0.87041324	-2.0207225e-17	0.22139171
1.3625125560578813e-09	1.1522577e-09	4.938247e-09	0.87433344	-2.0204704e-17	0.21892905
1.365030531003053e-09	1.8106906e-10	5.267464e-09	0.87821794	-2.0200371e-17	0.21811713
1.3675485205291161e-09	-8.230412e-10	5.069934e-09	0.8820598	-2.0194192e-17	0.21644436
1.370017135018085e-09	-1.4156308e-09	4.938247e-09	0.8858536	-2.0186223e-17	0.21570708
1.3725351165935892e-09	-1.8106907e-09	4.872404e-09	0.8898215	-2.017593e-17	0.21477275
1.3750037405568785e-09	-2.1728288e-09	4.872404e-09	0.89388037	-2.0163408e-17	0.2141541
1.377521739824687e-09	-1.9094557e-09	5.3003855e-09	0.8982726	-2.0147728e-17	0.21361436
1.3800397427175166e-09	-2.9300267e-09	5.5966805e-09	0.9030081	-2.0128529e-17	0.21370403
1.3825083852659573e-09	-3.7859897e-09	6.2962653e-09	0.90807927	-2.010555e-17	0.21253963
1.3850264175078426e-09	-5.9588183e-09	5.401208e-09	0.91379404	-2.0076914e-17	0.2138226
1.387544452570907e-09	-7.604901e-09	4.1069756e-09	0.9201631	-2.0041832e-17	0.21459118
1.3900131261427453e-09	-9.086375e-09	2.5020452e-09	0.9271289	-1.9999766e-17	0.21531436
1.3925311895730018e-09	-1.0469084e-08	3.292165e-10	0.9350022	-1.9947138e-17	0.21604185
1.395049249238474e-09	-1.1720107e-08	-3.0287917e-09	0.943555	-1.9881845e-17	0.21575804
1.3975179594370132e-09	-1.2246853e-08	-7.539057e-09	0.952253	-1.9800601e-17	0.2166552
1.4000360551313058e-09	-9.942338e-09	-1.30698945e-08	0.96056473	-1.9690608e-17	0.21473444
1.4025047825301425e-09	-6.288035e-09	-1.9489615e-08	0.9662051	-1.9542989e-17	0.21034452
1.405022893835818e-09	1.3909397e-09	-2.515214e-08	0.9650423	-1.936175e-17	0.20388396
1.4075410167593302e-09	1.24773045e-08	-2.6073947e-08	0.950222	-1.9265503e-17	0.20734866
1.4100097468441654e-09	2.4526628e-08	-1.896287e-08	0.9206408	-1.9376924e-17	0.22162503
1.4125278477548563e-09	2.9036894e-08	-6.1234267e-09	0.8845383	-1.9614745e-17	0.23514158
1.4150459839564482e-09	2.837846e-08	5.069934e-09	0.85418576	-1.9833419e-17	0.22164889
1.4175149532586564e-09	2.2814703e-08	1.4683056e-08	0.8312426	-1.9980869e-17	0.20716502
1.4200331864328533e-09	1.4024622e-08	2.0477266e-08	0.81345296	-2.0067527e-17	0.20455788
1.4225015437417768e-09	5.8435927e-09	2.2168615e-08	0.8009967	-2.0109245e-17	0.20781054
1.4250193994537737e-09	-1.5308567e-09	2.0063688e-08	0.79287827	-2.0126065e-17	0.2112467
1.427537370191391e-09	-4.930017e-09	1.4485526e-08	0.7886898	-2.0130057e-17	0.21255772
1.4300059856112473e-09	-6.814781e-09	9.650158e-09	0.78770155	-2.012953e-17	0.21326432
1.43252394925678e-09	-6.485565e-09	6.3209566e-09	0.7893042	-2.0128843e-17	0.21290608
1.435041922657881e-09	-4.0822843e-09	3.8847547e-09	0.7928859	-2.012997e-17	0.21350862
1.4375105507967248e-09	-2.7983402e-09	2.8425786e-09	0.7977676	-2.0133445e-17	0.21438478
1.440028579964236e-09	-2.7983402e-09	2.0411421e-09	0.80378586	-2.0139345e-17	0.2140789
1.4425466112492912e-09	-1.7448474e-09	1.4917622e-09	0.81054807	-2.0147201e-17	0.21585546
1.4450152758674573e-09	-7.078154e-10	1.2283891e-09	0.81756866	-2.015619e-17	0.21621749
1.4475333032887424e-09	4.938247e-10	1.8436124e-09	0.8248037	-2.0165975e-17	0.21743241
1.4500019641458317e-09	2.6337318e-10	2.7654186e-09	0.8317304	-2.0175496e-17	0.21863712
1.4525199968451156e-09	1.0864144e-09	2.897105e-09	0.8384662	-2.0184534e-17	0.21869126
1.455038004277488e-09	8.230412e-10	3.6872247e-09	0.8447732	-2.0192435e-17	0.22047374
1.4575066377400933e-09	1.316866e-09	3.8189114e-09	0.85049385	-2.019876e-17	0.21992442
1.4600246416501003e-09	1.1522577e-09	3.654303e-09	0.85585237	-2.0203577e-17	0.22160144
1.4625426333537744e-09	1.3497876e-09	4.609031e-09	0.8607658	-2.0206664e-17	0.22083457
1.4650112531611634e-09	7.901196e-10	5.0040905e-09	0.8652159	-2.0207981e-17	0.22206497
1.4675292253447494e-09	3.292165e-10	5.3991505e-09	0.8694622	-2.0207567e-17	0.22173266
1.470047214994965e-09	1.3168659e-10	5.7283667e-09	0.87349695	-2.0205394e-17	0.2195985
1.4725158187924604e-09	3.2921648e-11	5.333307e-09	0.8773239	-2.0201534e-17	0.21825811
1.4750338125618727e-09	-6.58433e-10	5.6625233e-09	0.88116944	-2.0195795e-17	0.21698907
1.4775024141147648e-09	-1.1851794e-09	6.4526433e-09	0.8849506	-2.0188287e-17	0.21564469
1.480020408209998e-09	-2.1069855e-09	5.8600533e-09	0.8888891	-2.0178523e-17	0.21517204
1.482538410028595e-09	-2.897105e-09	5.7612883e-09	0.892984	-2.016634e-17	0.21394783
1.4850070346908005e-09	-3.8847547e-09	5.333307e-09	0.8972274	-2.015165e-17	0.21398097
1.4875250459784085e-09	-4.707796e-09	4.7407176e-09	0.9018749	-2.013333e-17	0.21344954
1.4900430529075635e-09	-5.695445e-09	4.016441e-09	0.90694076	-2.0110915e-17	0.21313669
1.4925116997748346e-09	-6.3868e-09	3.6213814e-09	0.912415	-2.0084076e-17	0.21397872
1.4950297326137102e-09	-7.967039e-09	3.358008e-09	0.9186234	-2.005061e-17	0.21433127
1.4975477789387146e-09	-1.0008181e-08	1.6460824e-09	0.92555785	-2.0009598e-17	0.21486166
1.5e-09	-1.1884715e-08	-1.3827093e-09	0.93305737	-1.9960697e-17	0.21574077
