# t (s)	mx ()	my ()	mz ()	E_total (J)	MaxAngle (rad)
0	1.4650133e-09	3.292165e-10	0.9795359	-2.0725773e-17	0.26627177
2.5169713237051536e-12	2.2057505e-09	5.5966803e-10	0.9720926	-2.069378e-17	0.24421474
5.0441076856000545e-12	2.6666536e-09	2.633732e-09	0.9652118	-2.0627362e-17	0.23364769
7.518366783347396e-12	1.8436124e-09	4.7407176e-09	0.9599346	-2.053335e-17	0.22960657
1.004119396978843e-11	-6.9135464e-10	6.847703e-09	0.9568592	-2.0414379e-17	0.22715314
1.251334627939826e-11	-3.8847547e-09	7.111076e-09	0.9563682	-2.0280624e-17	0.22590981
1.503407124428255e-11	-8.098725e-09	6.9793895e-09	0.95820093	-2.0125536e-17	0.22593404
1.7504794394265654e-11	-1.2312697e-08	3.9505976e-09	0.9616184	-1.9945553e-17	0.22341461
2.002451465333403e-11	-1.7053415e-08	-1.7119257e-09	0.96520305	-1.971395e-17	0.218797
2.2543987429071416e-11	-1.9489615e-08	-1.1456733e-08	0.96513313	-1.9415714e-17	0.21016861
2.5013830026012252e-11	-1.6411441e-08	-2.3703587e-08	0.95395356	-1.9128183e-17	0.20542987
2.7532915969793274e-11	-5.530837e-09	-3.2263216e-08	0.92383075	-1.906153e-17	0.22142944
3.000242424490441e-11	8.823002e-09	-3.2131528e-08	0.8832377	-1.9249983e-17	0.24946775
3.2521193082654826e-11	2.1859975e-08	-2.1695367e-08	0.8481027	-1.9536643e-17	0.22774999
3.503989518482199e-11	3.1110957e-08	-1.048143e-08	0.82049495	-1.977184e-17	0.20536762
3.7509226014341774e-11	3.433728e-08	7.3250667e-10	0.7987767	-1.9913664e-17	0.20240973
4.002763150020522e-11	3.2082145e-08	1.0905296e-08	0.7818633	-1.9991478e-17	0.20680566
4.254565296501546e-11	2.551222e-08	1.7547238e-08	0.7700317	-2.0028567e-17	0.21069422
4.501445121690985e-11	1.75637e-08	2.0543109e-08	0.76287633	-2.0043251e-17	0.21140781
4.753268488002953e-11	9.728347e-09	2.0049283e-08	0.7593705	-2.0047814e-17	0.21283753
5.0001527552789854e-11	4.0822843e-09	1.777769e-08	0.7591263	-2.0048851e-17	0.21281101
5.25196950002157e-11	6.58433e-10	1.5275646e-08	0.7614585	-2.0050104e-17	0.21229196
5.503784220743886e-11	-4.4444226e-10	1.2608991e-08	0.76570255	-2.0053318e-17	0.21284345
5.750662917509671e-11	-1.1193361e-09	1.05020055e-08	0.7713083	-2.0059006e-17	0.21367592
6.00248233079922e-11	-1.316866e-09	8.411481e-09	0.77819455	-2.00674e-17	0.21365175
6.254302310815737e-11	-1.2510226e-09	7.143998e-09	0.7858933	-2.0078046e-17	0.21492653
6.501184163223659e-11	-1.6131608e-09	6.5431776e-09	0.7938498	-2.0090056e-17	0.2158666
6.7530019977638e-11	-8.5596286e-10	5.3559406e-09	0.8020534	-2.0103146e-17	0.21611245
7.004820483975655e-11	1.6460824e-10	3.59669e-09	0.8100869	-2.0116283e-17	0.21838196
7.251699846476914e-11	1.3909397e-09	3.1604783e-09	0.8175924	-2.0128504e-17	0.2193732
7.503517261359264e-11	2.5678886e-09	3.2839345e-09	0.8246931	-2.0139714e-17	0.22066607
7.750393743338051e-11	3.555538e-09	3.6460726e-09	0.8309833	-2.014911e-17	0.22237435
8.002210140705731e-11	4.3785793e-09	3.2098608e-09	0.83664894	-2.0156922e-17	0.2230242
8.254025144248201e-11	4.5431876e-09	3.753068e-09	0.8415616	-2.0162948e-17	0.22443701
8.500900233127276e-11	4.872404e-09	4.4444226e-09	0.84570575	-2.0167204e-17	0.22536632
8.752713588823422e-11	5.0040905e-09	4.971169e-09	0.84933656	-2.0170002e-17	0.22515178
9.00452507675269e-11	4.938247e-09	5.3991505e-09	0.852464	-2.0171421e-17	0.22667359
9.251398249188988e-11	4.2633537e-09	5.79421e-09	0.8551318	-2.0171645e-17	0.2273497
9.50320842064838e-11	4.609031e-09	6.748938e-09	0.8575278	-2.0170862e-17	0.22739756
9.75008082501631e-11	4.213971e-09	6.3868e-09	0.8596247	-2.0169249e-17	0.22752337
1.0001890294605865e-10	4.0493626e-09	6.551408e-09	0.8615623	-2.0166882e-17	0.2284127
1.0253699941404864e-10	3.2921648e-09	6.485565e-09	0.8633422	-2.0163906e-17	0.22903652
1.0500571935733687e-10	2.5678886e-09	6.716016e-09	0.86496866	-2.016047e-17	0.22930965
1.0752381084441667e-10	3.1934e-09	6.650173e-09	0.86653507	-2.0156504e-17	0.22934872
1.1004189626127603e-10	3.0617133e-09	6.847703e-09	0.8680301	-2.0152105e-17	0.22916223
1.12510614606174e-10	2.2386721e-09	7.308606e-09	0.86944455	-2.014738e-17	0.22874652
1.1502871399803553e-10	1.5473175e-09	7.4073707e-09	0.8708505	-2.0142149e-17	0.22809978
1.1754679784901182e-10	5.5966803e-10	6.9793895e-09	0.87223256	-2.0136484e-17	0.2272304
1.2001552142714328e-10	7.2427625e-10	6.7818595e-09	0.8735761	-2.0130484e-17	0.226167
1.225336229394391e-10	6.58433e-10	6.716016e-09	0.8749459	-2.0123858e-17	0.22485977
1.2500234705610696e-10	1.1522577e-09	7.045233e-09	0.8762988	-2.0116809e-17	0.22334655
1.275204503770494e-10	-6.5843296e-11	7.967039e-09	0.8776993	-2.0108979e-17	0.22273485
1.300385536937407e-10	-1.5143958e-09	8.493785e-09	0.8791323	-2.0100406e-17	0.2222381
1.3250728295356405e-10	-2.5020452e-09	7.835352e-09	0.8805797	-2.0091157e-17	0.22147097
1.3502539148411876e-10	-3.2263217e-09	6.913546e-09	0.88211286	-2.0080706e-17	0.22036578
1.3754349212902327e-10	-3.094635e-09	6.3209566e-09	0.8837181	-2.0069033e-17	0.21889062
1.4001222606132872e-10	-4.2468926e-09	7.045233e-09	0.8853783	-2.0056157e-17	0.2184312
1.425303396079131e-10	-4.938247e-09	7.1769195e-09	0.88717914	-2.0041263e-17	0.21811025
1.4504845209714408e-10	-6.18927e-09	6.847703e-09	0.88911223	-2.0024163e-17	0.21728371
1.475171918876919e-10	-6.814781e-09	6.1234267e-09	0.89116275	-2.0004744e-17	0.21585546
1.5003530840481026e-10	-7.637823e-09	5.9258967e-09	0.893446	-1.9981527e-17	0.21552238
1.5250406110048683e-10	-8.79008e-09	5.530837e-09	0.8959116	-1.9954503e-17	0.21528842
1.5502218843585583e-10	-9.909416e-09	5.5966805e-09	0.89870584	-1.9921322e-17	0.21397227
1.575403116507284e-10	-1.14896554e-08	4.938247e-09	0.9018393	-1.9880695e-17	0.21396947
1.6000907603531106e-10	-1.4551369e-08	3.2263217e-09	0.9053028	-1.9831245e-17	0.21351846
1.6252721622099733e-10	-1.7448473e-08	1.5143958e-09	0.9092988	-1.976757e-17	0.21325642
1.6504537116244766e-10	-2.0938169e-08	-1.9752988e-09	0.9138084	-1.9685602e-17	0.2127918
1.6751415554205673e-10	-2.4493707e-08	-7.111076e-09	0.91871095	-1.958068e-17	0.2134076
1.7003232441078824e-10	-2.8477226e-08	-1.4617212e-08	0.92401916	-1.9438711e-17	0.21297602
1.7250112960620034e-10	-3.1637704e-08	-2.5678887e-08	0.9289695	-1.9251812e-17	0.21167381
1.750193178671232e-10	-3.2065685e-08	-4.1086217e-08	0.93235725	-1.8995632e-17	0.21151829
1.7753751036214982e-10	-2.7061596e-08	-6.031246e-08	0.9310247	-1.8665577e-17	0.20984724
1.8000635272540547e-10	-1.1967019e-08	-7.8748585e-08	0.92010105	-1.8316998e-17	0.21330008
1.8252458668012636e-10	1.6460824e-08	-8.888845e-08	0.8949749	-1.8093686e-17	0.23349524
1.850428319906033e-10	4.790923e-08	-9.132465e-08	0.8612211	-1.822113e-17	0.25196606
1.8751168483732947e-10	7.822184e-08	-8.513538e-08	0.8277313	-1.8644845e-17	0.21390012
1.900299983977169e-10	1.0192542e-07	-4.893803e-08	0.7939231	-1.9071915e-17	0.19973841
1.9254864184154477e-10	1.031106e-07	-2.1728288e-09	0.7619521	-1.9375157e-17	0.20025416
1.9501790418260384e-10	8.7538666e-08	3.674056e-08	0.7344059	-1.956798e-17	0.20567925
1.9753587389963206e-10	6.255113e-08	5.952234e-08	0.71153986	-1.9688836e-17	0.2099362
2.000045560065442e-10	3.6016285e-08	6.531655e-08	0.69466525	-1.9756314e-17	0.21179464
2.0252270021351891e-10	1.2427923e-08	5.9258966e-08	0.6827513	-1.9791828e-17	0.21148536
2.0504083182631576e-10	-3.8847547e-09	4.7407173e-08	0.67579865	-1.9808042e-17	0.21155065
2.0750955624550379e-10	-1.1176899e-08	3.4370203e-08	0.67309725	-1.9814824e-17	0.21091783
2.1002768762918306e-10	-1.3514336e-08	2.5283827e-08	0.6736528	-1.981861e-17	0.21096566
2.1254584014434887e-10	-1.29546684e-08	1.7119257e-08	0.6769752	-1.9822909e-17	0.21143253
2.1501465508355713e-10	-1.1539038e-08	1.27736e-08	0.6825354	-1.9829556e-17	0.21126376
2.1753286600139016e-10	-1.1028752e-08	9.086375e-09	0.6901249	-1.9839755e-17	0.21129218
2.2000168843890638e-10	-1.0123407e-08	5.9258967e-09	0.699009	-1.9853377e-17	0.21153219
2.225198892486874e-10	-8.493785e-09	3.9505976e-09	0.7091706	-1.9870834e-17	0.21193352
2.250381010594527e-10	-6.6007906e-09	1.316866e-09	0.7201644	-1.9891518e-17	0.21137258
2.2750693909744097e-10	-4.6254915e-09	3.950598e-10	0.73153085	-1.9914436e-17	0.21189214
2.300251431865061e-10	-3.555538e-09	2.6337318e-10	0.74351263	-1.9939905e-17	0.2127636
2.325433523163264e-10	-1.9752988e-09	-9.218062e-10	0.7556718	-1.9966808e-17	0.21339776
2.3501214484078706e-10	-1.0534927e-09	0	0.76755977	-1.9993872e-17	0.21394616
2.3753033322050284e-10	-9.547279e-10	3.950598e-10	0.7794495	-2.0021399e-17	0.21457101
2.400485077572696e-10	2.6337318e-10	1.1028752e-09	0.79089814	-2.0048006e-17	0.21524405
2.4251730803883786e-10	7.901196e-10	1.938262e-09	0.80149835	-2.0072388e-17	0.21678327
2.450354663030964e-10	9.876494e-10	2.545255e-09	0.8114843	-2.0094788e-17	0.21896335
2.47504240973846e-10	2.5678886e-09	3.473234e-09	0.8203091	-2.0113792e-17	0.22073115
2.500223900934213e-10	2.6913447e-09	4.59257e-09	0.82822406	-2.0129913e-17	0.22144572
2.525405220109125e-10	2.99587e-09	5.267464e-09	0.83501714	-2.0142751e-17	0.2235101
2.5500925809373766e-10	3.3250864e-09	4.6748743e-09	0.8406418	-2.0152398e-17	0.22426207
2.575273728528291e-10	3.8847547e-09	4.8065605e-09	0.84543854	-2.0159573e-17	0.22560254
2.600454669020183e-10	4.115206e-09	5.530837e-09	0.8494346	-2.0164413e-17	0.22530818
2.625142020921067e-10	3.3909298e-09	6.551408e-09	0.8527247	-2.0167223e-17	0.22684883
2.650322781673955e-10	3.2427825e-09	6.3538783e-09	0.8555787	-2.016844e-17	0.22747739
2.675009806107472e-10	2.6666536e-09	7.308606e-09	0.8579979	-2.0168295e-17	0.22740099
2.7001904915474024e-10	1.7119257e-09	7.341528e-09	0.8601712	-2.0167044e-17	0.22781439
2.725371325021475e-10	9.876494e-10	7.802431e-09	0.8621193	-2.0164896e-17	0.22865318
2.750058568157648e-10	3.292165e-10	6.913546e-09	0.8638642	-2.0162086e-17	0.22916067
2.775239486615703e-10	-1.3168659e-10	6.748938e-09	0.8655167	-2.0158617e-17	0.22933666
2.8004204231324293e-10	-1.975299e-10	6.617251e-09	0.8670734	-2.0154625e-17	0.2293128
2.825107374670456e-10	1.3168659e-10	6.946468e-09	0.8685302	-2.0150247e-17	0.22904202
2.850288230431486e-10	-4.2798143e-10	6.913546e-09	0.8699655	-2.014534e-17	0.2285306
2.8754689845374234e-10	-5.2674637e-10	6.4526433e-09	0.87136585	-2.0139987e-17	0.2277983
2.9001561932958746e-10	-9.218062e-10	6.5184866e-09	0.8727184	-2.0134297e-17	0.22686738
2.925337173600995e-10	-2.1728288e-09	7.506136e-09	0.87408924	-2.0128014e-17	0.22569817
2.950024219825285e-10	-2.8641833e-09	7.111076e-09	0.87543595	-2.0121329e-17	0.224332
2.9752052097620957e-10	-3.6213814e-09	5.8600533e-09	0.8768231	-2.011392e-17	0.22291286
3.000386191727313e-10	-3.3909298e-09	4.7407176e-09	0.87823504	-2.010583e-17	0.22257939
3.0250735585104087e-10	-3.1604783e-09	5.2016205e-09	0.8796545	-2.0097127e-17	0.22199053
3.050254490460838e-10	-3.1604783e-09	5.5966805e-09	0.88115066	-2.0087338e-17	0.22109511
3.0754354748908824e-10	-3.9505976e-09	6.1234267e-09	0.88270926	-2.0076453e-17	0.21985665
3.100122764400964e-10	-5.168699e-09	5.99174e-09	0.8843131	-2.0064511e-17	0.21842295
3.1253037499674103e-10	-5.8600533e-09	5.135777e-09	0.8860439	-2.0050765e-17	0.21836187
3.150484836137007e-10	-6.847703e-09	4.5431876e-09	0.8878918	-2.003509e-17	0.21786469
3.175172124181054e-10	-7.736587e-09	3.6213814e-09	0.88984126	-2.001741e-17	0.21684256
3.200353308103538e-10	-8.098725e-09	3.2263217e-09	0.8919999	-1.999643e-17	0.2152845
3.225040665422458e-10	-9.18514e-09	2.436202e-09	0.89431757	-1.9972208e-17	0.21553686
3.250221995660613e-10	-9.678964e-09	2.1069855e-09	0.8969302	-1.9942726e-17	0.21493936
3.2754032063026925e-10	-1.1357969e-08	3.950598e-10	0.89984536	-1.9906977e-17	0.21341296
3.300090669883801e-10	-1.2740678e-08	-1.316866e-09	0.9030553	-1.9863902e-17	0.21402138
3.325271952709219e-10	-1.4222152e-08	-3.8847547e-09	0.9067531	-1.9809007e-17	0.21277346
3.350453415393085e-10	-1.6131608e-08	-6.913546e-09	0.91093946	-1.9739102e-17	0.21348612
3.375141153474797e-10	-1.7481396e-08	-1.1259204e-08	0.915547	-1.9650557e-17	0.2125416
3.400322640082639e-10	-1.7646004e-08	-1.7119257e-08	0.92069715	-1.9531893e-17	0.21297434
3.4250106073873016e-10	-1.8436124e-08	-2.4888767e-08	0.9259034	-1.9376803e-17	0.2131877
3.450192311253524e-10	-1.5868235e-08	-3.5687066e-08	0.9305629	-1.9163783e-17	0.21199074
3.475374212675429e-10	-9.678964e-09	-4.9645845e-08	0.93264633	-1.88791e-17	0.21086173
3.500062659199932e-10	2.99587e-09	-6.320956e-08	0.92844737	-1.8535577e-17	0.2095526
3.5252447488454313e-10	2.4337329e-08	-6.966221e-08	0.91227484	-1.8205172e-17	0.21826418
3.550427114243494e-10	5.2411263e-08	-6.347294e-08	0.882602	-1.8091851e-17	0.24711603
3.57511564625604e-10	7.835352e-08	-5.590096e-08	0.84895456	-1.8358265e-17	0.23596649
3.600298073587981e-10	9.797483e-08	-3.196692e-08	0.8148898	-1.8818306e-17	0.20555197
3.625482364943251e-10	9.705302e-08	8.7571586e-09	0.78151864	-1.9201092e-17	0.19903876
3.650175658983445e-10	7.730003e-08	4.411501e-08	0.7513738	-1.9455816e-17	0.20256446
3.675359738797456e-10	4.8756963e-08	6.3999686e-08	0.7251088	-1.9621161e-17	0.20777325
3.700045367939727e-10	2.1662444e-08	6.637004e-08	0.7047552	-1.9718269e-17	0.21068853
3.725226164562367e-10	9.547279e-10	5.8732223e-08	0.6895612	-1.9772798e-17	0.21170247
3.750407342057732e-10	-1.3036973e-08	4.4773444e-08	0.6795716	-1.979959e-17	0.21179833
3.775094707716017e-10	-1.958838e-08	3.1341408e-08	0.6743898	-1.9811184e-17	0.21128137
3.8002755639723993e-10	-2.03785e-08	2.0148049e-08	0.67295283	-1.9816382e-17	0.21084124
3.825456861083285e-10	-1.7448473e-08	1.2641913e-08	0.6746037	-1.9820032e-17	0.2111435
3.850144638944353e-10	-1.5209801e-08	7.506136e-09	0.6787608	-1.982499e-17	0.2115055
3.875326544102274e-10	-1.3020512e-08	3.2921648e-09	0.6851972	-1.9832974e-17	0.21078654
3.9000146797935165e-10	-1.14073515e-08	3.950598e-10	0.6932229	-1.984431e-17	0.21171182
3.925196637288562e-10	-9.0369925e-09	-1.0534927e-09	0.7027302	-1.9859558e-17	0.21073554
3.95037860188354e-10	-6.5843295e-09	-2.7654186e-09	0.7132348	-1.9878285e-17	0.21194258
3.975066723382354e-10	-4.3456576e-09	-3.1604783e-09	0.7242558	-1.9899606e-17	0.21217935
4.0002486759087163e-10	-2.4032802e-09	-1.9752988e-09	0.73601806	-1.9923833e-17	0.21195988
4.0254305868999796e-10	-1.3662484e-09	-3.1604783e-09	0.74809194	-1.9949925e-17	0.2119984
4.0501184581533914e-10	-8.888845e-10	-2.8312617e-09	0.7600241	-1.9976647e-17	0.21319841
4.0753002524573793e-10	2.9629485e-10	-2.0082205e-09	0.7720854	-2.0004314e-17	0.21428446
4.100482034000431e-10	1.3168659e-10	-6.58433e-10	0.7838326	-2.0031595e-17	0.21543066
4.125169681819345e-10	-4.2798143e-10	-8.641933e-10	0.79484785	-2.005714e-17	0.21659446
4.150351072128263e-10	0	-1.2654259e-09	0.8053741	-2.0081168e-17	0.21769695
4.175038868276662e-10	2.2057505e-09	-4.5267266e-11	0.8148217	-2.010208e-17	0.21860415
4.200220120310144e-10	4.016441e-09	1.5432022e-09	0.82342774	-2.0120267e-17	0.2211913
4.2254014012651616e-10	3.9505976e-09	4.2057406e-09	0.83091766	-2.013513e-17	0.22270058
4.250088777432497e-10	3.4238514e-09	6.18927e-09	0.8371833	-2.0146591e-17	0.22336674
4.275269801296704e-10	1.4855894e-09	6.3538783e-09	0.84255564	-2.0155402e-17	0.22504362
4.300450567489707e-10	5.2674637e-10	5.2510027e-09	0.84703183	-2.0161654e-17	0.22558095
4.3251377304842094e-10	9.876495e-11	4.938247e-09	0.8506995	-2.0165644e-17	0.22601864
4.3503184962487997e-10	2.6337318e-10	4.213971e-09	0.8538542	-2.0167863e-17	0.2271751
4.375005419495948e-10	1.2839443e-09	4.6748743e-09	0.8564995	-2.0168526e-17	0.2275173
4.400186122623952e-10	8.888845e-10	5.1028555e-09	0.8588484	-2.016794e-17	0.227232
4.4253668691806296e-10	2.6337318e-10	6.1234267e-09	0.8609293	-2.0166329e-17	0.22815143
4.450053712584526e-10	-5.5966803e-10	5.7283667e-09	0.86277246	-2.0163945e-17	0.22888026
4.4752342671015117e-10	-1.0864144e-09	4.7736393e-09	0.86450076	-2.016084e-17	0.22926454
4.5004149964817076e-10	-9.876494e-10	4.1481276e-09	0.8661138	-2.0157169e-17	0.22935843
4.525101895875691e-10	5.7612887e-10	3.9505976e-09	0.8676116	-2.0153078e-17	0.2292412
4.550282518921344e-10	7.571979e-10	4.7736393e-09	0.86907685	-2.0148449e-17	0.22887605
4.5754632974932604e-10	9.876495e-11	4.839482e-09	0.87049705	-2.0143373e-17	0.22828026
4.6001503804080246e-10	-3.6213813e-10	5.464994e-09	0.8718609	-2.0137965e-17	0.22748214
4.62533110384462e-10	-1.4814742e-09	5.7283667e-09	0.8732359	-2.0131986e-17	0.22645362
4.6500181576108936e-10	-1.5143958e-09	4.609031e-09	0.87457967	-2.0125638e-17	0.22522731
4.675198880934141e-10	-1.0864144e-09	4.0822843e-09	0.875957	-2.0118607e-17	0.22374527
4.700379601613905e-10	-1.0205711e-09	3.8847547e-09	0.8773521	-2.0110954e-17	0.22281688
4.725066769764312e-10	-6.58433e-10	4.0822843e-09	0.8787481	-2.010275e-17	0.2223957
4.750247485492797e-10	-1.7119257e-09	4.6748743e-09	0.88021237	-2.009355e-17	0.22169037
4.775428422166998e-10	-2.4032802e-09	5.069934e-09	0.8817304	-2.008337e-17	0.22067016
4.800115577467054e-10	-3.0287917e-09	4.213971e-09	0.8832847	-2.0072254e-17	0.21932197
4.825296439077896e-10	-3.4896948e-09	3.094635e-09	0.8849536	-2.005953e-17	0.21844578
4.850477085807589e-10	-3.4238514e-09	3.358008e-09	0.8867259	-2.0045103e-17	0.21823114
4.875164329847461e-10	-3.555538e-09	3.6213814e-09	0.8885856	-2.0028934e-17	0.21755865
4.900345350510131e-10	-4.213971e-09	3.358008e-09	0.8906335	-2.0009884e-17	0.21627972
4.925032514104349e-10	-4.5761093e-09	3.4238514e-09	0.8928199	-1.9988063e-17	0.21544683
4.950213550717553e-10	-5.629602e-09	2.6995752e-09	0.8952709	-1.9961726e-17	0.21543121
4.975394586567446e-10	-5.8271317e-09	3.2921648e-09	0.897991	-1.9930075e-17	0.21441615
5.000081967621023e-10	-7.473214e-09	2.6995752e-09	0.90097237	-1.9892312e-17	0.21379872
5.025263102419816e-10	-9.020532e-09	5.2674637e-10	0.904396	-1.9844678e-17	0.21381614
5.050444353781192e-10	-1.0008181e-08	-4.609031e-10	0.9082717	-1.9784671e-17	0.21289028
5.075131822860392e-10	-1.1851793e-08	-2.436202e-09	0.9125622	-1.9709456e-17	0.21326938
5.100313356489918e-10	-1.26748345e-08	-5.135777e-09	0.91744447	-1.9609695e-17	0.21328233
5.125001013072571e-10	-1.4617212e-08	-8.691315e-09	0.92260414	-1.9480484e-17	0.21230525
5.150182637114348e-10	-1.6065764e-08	-1.4880585e-08	0.9278083	-1.9303919e-17	0.21253736
5.175364330306754e-10	-1.5934077e-08	-2.2650093e-08	0.9318089	-1.9065482e-17	0.21186465
5.20005259796338e-10	-1.2724217e-08	-3.331671e-08	0.93209845	-1.8759244e-17	0.21031198
5.225234670575666e-10	-4.1069756e-09	-4.3851635e-08	0.9240399	-1.84001e-17	0.21093634
5.250416884728793e-10	1.2374425e-08	-5.030428e-08	0.9023732	-1.8123866e-17	0.2256313
5.275105346535759e-10	3.1275565e-08	-4.8987413e-08	0.8703555	-1.8146405e-17	0.25504753
5.300287562285098e-10	4.938247e-08	-4.418085e-08	0.83609295	-1.8529069e-17	0.22091429
5.325470473063366e-10	6.248529e-08	-2.4691236e-08	0.8021361	-1.8977753e-17	0.20074497
5.350161832214161e-10	6.2024384e-08	1.1522577e-09	0.7701222	-1.9306625e-17	0.19951749
5.375349088916129e-10	5.1275467e-08	2.4888767e-08	0.74086356	-1.9527663e-17	0.20452355
5.400036231185771e-10	3.499571e-08	3.753068e-08	0.71704376	-1.9662793e-17	0.20837139
5.425216017812419e-10	1.8699497e-08	4.0164412e-08	0.69839054	-1.974309e-17	0.21106385
5.450396909402281e-10	5.135777e-09	3.5292008e-08	0.68520075	-1.9785374e-17	0.21092182
5.475084404240902e-10	-2.897105e-09	2.7654185e-08	0.67719054	-1.9804992e-17	0.21172146
5.50026470522199e-10	-7.736587e-09	2.0279735e-08	0.67344224	-1.9813596e-17	0.21103169
5.525445629116557e-10	-8.855923e-09	1.4090466e-08	0.6732434	-1.9817739e-17	0.21088396
5.550132967794793e-10	-8.164569e-09	8.9546885e-09	0.6758472	-1.9821585e-17	0.21132316
5.575314532234114e-10	-6.7818595e-09	5.9258967e-09	0.6809503	-1.98276e-17	0.21142855
5.600002547537151e-10	-5.810671e-09	4.4773443e-09	0.68794966	-1.983669e-17	0.21079053
5.625184324954013e-10	-4.831252e-09	3.8189114e-09	0.69667083	-1.9849628e-17	0.21175918
5.650366058630349e-10	-4.2468926e-09	2.1069855e-09	0.70658827	-1.9866228e-17	0.21158955
5.675054047480579e-10	-2.5843494e-09	1.0534927e-09	0.7171806	-1.9885743e-17	0.21131861
5.700235909303085e-10	-1.975299e-10	2.6337318e-10	0.7286396	-1.9908477e-17	0.2122764
5.725417393671313e-10	7.901196e-10	1.1193361e-09	0.7405445	-1.9933488e-17	0.21274467
5.750105385159711e-10	2.3045155e-10	9.876494e-10	0.7524409	-1.9959572e-17	0.21295515
5.775286868920671e-10	1.975299e-10	1.0864144e-09	0.7645945	-1.9987068e-17	0.21316543
5.800468455794885e-10	8.230412e-10	6.9135464e-10	0.7765613	-2.0014685e-17	0.21356487
5.825156334907212e-10	6.58433e-10	3.358008e-09	0.7879152	-2.0041082e-17	0.21527585
5.850337598963041e-10	-9.218062e-10	4.3003903e-09	0.79890996	-2.0066475e-17	0.21703114
5.875025190597289e-10	-8.888845e-10	3.473234e-09	0.80892587	-2.0089122e-17	0.21872723
5.900206357061308e-10	-2.3045155e-10	1.3004051e-09	0.8181935	-2.0109323e-17	0.2200233
5.925387571398857e-10	1.4814742e-09	7.078154e-10	0.8263833	-2.0126257e-17	0.22095482
5.950074827409299e-10	2.99587e-09	1.0864144e-09	0.8333219	-2.0139653e-17	0.22334331
5.975255801527301e-10	4.6419526e-09	2.7654186e-09	0.83932257	-2.0150237e-17	0.22359076
6.0004363655855e-10	4.971169e-09	4.3785793e-09	0.84433967	-2.0158042e-17	0.22547913
6.025123293213941e-10	3.3909298e-09	6.0246617e-09	0.84844315	-2.0163336e-17	0.22535753
6.050303943237135e-10	2.4032802e-09	6.2221917e-09	0.8519504	-2.0166682e-17	0.22657676
6.075484329028202e-10	5.925897e-10	5.530837e-09	0.85491735	-2.016828e-17	0.22739623
6.100171087819747e-10	7.571979e-10	5.0040905e-09	0.85742116	-2.016844e-17	0.22747289
6.125351586443855e-10	6.255113e-10	4.1481276e-09	0.8596602	-2.0167441e-17	0.22755481
6.150038303844708e-10	1.7119257e-09	4.2798143e-09	0.8616206	-2.0165545e-17	0.22844876
6.175218833308813e-10	1.2839443e-09	5.2016205e-09	0.8634395	-2.016285e-17	0.22906697
6.200399289491743e-10	1.8271515e-09	5.99174e-09	0.8651204	-2.0159521e-17	0.22932251
6.225086144725767e-10	1.2839443e-09	6.3868e-09	0.8666678	-2.0155731e-17	0.22934426
6.250266493647025e-10	6.5843296e-11	6.814781e-09	0.86817	-2.0151384e-17	0.2291318
6.27544717365133e-10	-2.9629485e-10	6.0246617e-09	0.8696164	-2.014659e-17	0.22867762
6.300133913030353e-10	-7.2427625e-10	4.5431876e-09	0.8709966	-2.0141454e-17	0.22801381
6.325314365027818e-10	-3.292165e-10	4.0822843e-09	0.8723803	-2.013577e-17	0.22711977
6.350001211207827e-10	9.876494e-10	4.411501e-09	0.8737254	-2.0129733e-17	0.2260306
6.37518180681628e-10	6.9135464e-10	5.5966805e-09	0.8750972	-2.012306e-17	0.22469747
6.400362414496351e-10	-5.2674637e-10	6.18927e-09	0.87648004	-2.0115803e-17	0.22312443
6.425049195265238e-10	-1.316866e-09	5.99174e-09	0.87785685	-2.010805e-17	0.2226941
6.450229706264909e-10	-2.2715938e-09	6.0575833e-09	0.87929434	-2.0099389e-17	0.22216481
6.475410546959842e-10	-1.9094557e-09	5.79421e-09	0.8807773	-2.008984e-17	0.22134556
6.500097492160498e-10	-1.876534e-09	5.530837e-09	0.8822883	-2.007946e-17	0.22022258
6.525278295608412e-10	-1.9752988e-09	5.267464e-09	0.8839026	-2.0067638e-17	0.21870004
6.550458914913147e-10	-2.6008102e-09	5.99174e-09	0.885608	-2.0054312e-17	0.21841443
6.575145981539688e-10	-3.4238514e-09	6.716016e-09	0.8873881	-2.0039466e-17	0.21804605
6.600326748115621e-10	-4.2798143e-09	6.847703e-09	0.8893376	-2.0022095e-17	0.21715511
6.625013925926129e-10	-5.2016205e-09	6.4526433e-09	0.8914075	-2.0002336e-17	0.21564692
6.650194617788729e-10	-6.1563483e-09	6.4526433e-09	0.8937149	-1.997868e-17	0.21553826
6.675375430948294e-10	-7.835352e-09	5.79421e-09	0.8962612	-1.9950501e-17	0.21518572
6.700062658749263e-10	-9.283905e-09	5.3991505e-09	0.8990378	-1.9917194e-17	0.21374057
6.72524363361563e-10	-1.1061674e-08	4.872404e-09	0.9022131	-1.9875597e-17	0.21400987
6.750424852200529e-10	-1.2839443e-08	3.4896948e-09	0.90579957	-1.9823737e-17	0.21330091
6.775112135010752e-10	-1.5835314e-08	1.7119257e-09	0.9097763	-1.975943e-17	0.21336932
6.800293388932809e-10	-1.9292086e-08	-1.5802392e-09	0.91434395	-1.9675032e-17	0.21250261
6.825474709825868e-10	-2.35719e-08	-6.4526433e-09	0.91939706	-1.9564317e-17	0.21334681
6.850162245995505e-10	-2.7884637e-08	-1.4090466e-08	0.9246116	-1.942011e-17	0.21312939
6.875343890244254e-10	-3.0682976e-08	-2.6864065e-08	0.92955416	-1.9222332e-17	0.21167438
6.900031874630318e-10	-3.0271455e-08	-4.253477e-08	0.9325203	-1.8962313e-17	0.21132769
6.925213873214844e-10	-2.4921688e-08	-6.307788e-08	0.93037075	-1.8625288e-17	0.20954229
6.950395838955106e-10	-7.19338e-09	-8.1909064e-08	0.91762596	-1.8275477e-17	0.21417232
6.975084201537309e-10	2.2485485e-08	-8.8756764e-08	0.89141816	-1.8087131e-17	0.23831946
7.000266460578096e-10	5.089687e-08	-9.0337004e-08	0.8573869	-1.8260073e-17	0.24762408
7.025448690141884e-10	8.1250626e-08	-7.980208e-08	0.8232644	-1.8706221e-17	0.21007003
7.050138418664767e-10	9.9555066e-08	-4.2403084e-08	0.79022354	-1.9112066e-17	0.19899082
7.075324996594689e-10	9.929169e-08	2.0411421e-09	0.7585951	-1.9401708e-17	0.20056616
7.100016531662806e-10	8.5958426e-08	3.759652e-08	0.73157686	-1.9584762e-17	0.20560686
7.125195649578278e-10	6.212315e-08	5.978571e-08	0.7093458	-1.9698681e-17	0.21042272
7.150375871163809e-10	3.5522458e-08	6.5579925e-08	0.69280714	-1.9762538e-17	0.2119069
7.175062946085164e-10	1.1720107e-08	6.031246e-08	0.68173885	-1.9794371e-17	0.21163806
7.200243562703829e-10	-4.4444226e-09	4.9250787e-08	0.67530364	-1.980913e-17	0.21146859
7.225424163025224e-10	-1.3366189e-08	3.6872247e-08	0.67299557	-1.98154e-17	0.21087855
7.250111041165009e-10	-1.6674814e-08	2.515214e-08	0.6738937	-1.9819014e-17	0.21101347
7.275292284755047e-10	-1.6279754e-08	1.6065764e-08	0.6774995	-1.9823517e-17	0.21146746
7.300473791087479e-10	-1.3646023e-08	1.1456733e-08	0.6834293	-1.9830686e-17	0.21113269
7.325161595191825e-10	-1.1514347e-08	7.637823e-09	0.69106996	-1.984112e-17	0.21145724
7.350343188609968e-10	-1.1045213e-08	5.79421e-09	0.7002833	-1.9855463e-17	0.21132031
7.375031016061546e-10	-1.0288015e-08	2.5020452e-09	0.710358	-1.9872986e-17	0.21200322
7.400212547010633e-10	-7.111076e-09	-3.950598e-10	0.7214295	-1.9893998e-17	0.21169367
7.425394123747379e-10	-4.3621182e-09	-1.5802392e-09	0.7330817	-1.9917664e-17	0.21153674
7.450081971648254e-10	-2.4115108e-09	-1.218101e-09	0.7448609	-1.994284e-17	0.2126385
7.475263316863512e-10	-2.436202e-09	3.950598e-10	0.7570262	-1.996986e-17	0.21343462
7.500444771237457e-10	-2.1728288e-09	1.4485525e-09	0.76913345	-1.9997495e-17	0.21418352
7.525132460622182e-10	-2.1069855e-09	8.5596286e-10	0.7807485	-2.0024418e-17	0.21493405
7.550313905120782e-10	-2.3045155e-10	-4.4444226e-10	0.7921352	-2.0050871e-17	0.21576138
7.575001227571105e-10	2.3148035e-09	3.6419573e-10	0.8026532	-2.0075013e-17	0.21653648
7.60018231503966e-10	5.432072e-09	-1.3765364e-09	0.81253546	-2.0097096e-17	0.21893206
7.625363299446742e-10	6.650173e-09	4.732487e-09	0.82140774	-2.011609e-17	0.22097494
7.650050419679236e-10	3.917676e-09	9.226292e-09	0.82903403	-2.0131497e-17	0.22188114
7.675231259297304e-10	2.6337318e-10	1.10945955e-08	0.8357045	-2.0143985e-17	0.22350849
7.700411720799665e-10	9.876495e-11	3.4238514e-09	0.8413197	-2.0153481e-17	0.22457545
7.725098589884325e-10	4.3785793e-09	1.3004051e-09	0.84591895	-2.0160218e-17	0.22562145
7.750278836907922e-10	8.592551e-09	0	0.84983575	-2.0164822e-17	0.22554897
7.775459237423047e-10	1.237854e-08	2.3045155e-09	0.85312355	-2.0167472e-17	0.22696728
7.800145840196658e-10	9.97526e-09	1.2049323e-08	0.8558696	-2.0168483e-17	0.22749907
7.825326005841727e-10	1.876534e-09	1.734971e-08	0.8582969	-2.0168187e-17	0.2273497
7.850012722614865e-10	-5.135777e-09	1.2345618e-08	0.86039734	-2.0166847e-17	0.227921
7.875192821696577e-10	-4.3785793e-09	2.2386721e-09	0.8623242	-2.016461e-17	0.22872941
7.900373032715264e-10	3.2592433e-09	-3.7201462e-09	0.86408633	-2.0161664e-17	0.22920212
7.925059601806078e-10	9.646043e-09	-1.2510226e-09	0.8656937	-2.0158196e-17	0.2293461
7.950240008867744e-10	1.0567849e-08	6.18927e-09	0.8672411	-2.015415e-17	0.22929443
7.975420227324004e-10	5.3991505e-09	1.3102816e-08	0.86872005	-2.0149632e-17	0.22898899
8.000106622185577e-10	-1.1522577e-09	1.3563719e-08	0.870122	-2.0144768e-17	0.22846165
8.025286992518283e-10	-4.872404e-09	8.296255e-09	0.87151945	-2.0139366e-17	0.22770299
8.050467287994858e-10	-2.5678886e-09	1.9094557e-09	0.8728973	-2.0133508e-17	0.22672795
8.075153865548254e-10	1.218101e-09	8.5596286e-10	0.87424105	-2.0127283e-17	0.22555643
8.100334263062481e-10	3.9505976e-09	2.7654186e-09	0.8756157	-2.0120399e-17	0.22413446
8.125020941400765e-10	3.9505976e-09	6.18927e-09	0.8769779	-2.0113059e-17	0.22288887
8.150201383457343e-10	9.218062e-10	7.7695095e-09	0.87839335	-2.010489e-17	0.22252727
8.175381878567757e-10	-1.9752988e-09	7.3744495e-09	0.87984633	-2.0095908e-17	0.22189222
8.200068570872468e-10	-2.6995752e-09	5.069934e-09	0.88131976	-2.0086192e-17	0.22097522
8.225249098890823e-10	-2.5678886e-09	3.8847547e-09	0.8828862	-2.007517e-17	0.21969754
8.250429534544273e-10	-1.5802392e-09	2.633732e-09	0.88453263	-2.0062819e-17	0.21843697
8.275116417331423e-10	-1.3497876e-09	2.8312617e-09	0.88624215	-2.0049134e-17	0.21833077
8.300296992419846e-10	-1.8436124e-09	4.016441e-09	0.88810444	-2.0033223e-17	0.2177778
8.325477669300637e-10	-3.851833e-09	4.2798143e-09	0.89011174	-2.0014866e-17	0.21665964
8.350164447003518e-10	-4.707796e-09	3.555538e-09	0.8922504	-1.9993895e-17	0.2153325
8.375345229686279e-10	-6.0575833e-09	2.5678886e-09	0.8946423	-1.9968671e-17	0.2155154
8.400032120261957e-10	-7.045233e-09	1.316866e-09	0.89723647	-1.9939116e-17	0.2148049
8.425213093270696e-10	-8.658394e-09	-2.6337318e-10	0.9001885	-1.9902563e-17	0.21354996
8.450393839172135e-10	-1.0205711e-08	-2.7654186e-09	0.9035106	-1.9857458e-17	0.21398321
8.475081042516168e-10	-1.2806521e-08	-4.4773443e-09	0.90719044	-1.980211e-17	0.21248367
8.500262040373e-10	-1.5143959e-08	-8.296255e-09	0.9114335	-1.9730244e-17	0.21346839
8.525443198049233e-10	-1.5999921e-08	-1.3761249e-08	0.916194	-1.963695e-17	0.21286659
8.550130701940979e-10	-1.7646004e-08	-1.9884675e-08	0.92128444	-1.9516589e-17	0.21269384
8.57531197201663e-10	-1.9226242e-08	-2.8971051e-08	0.92657256	-1.935261e-17	0.21306257
8.600493545895424e-10	-1.8436124e-08	-4.1876337e-08	0.9310389	-1.913111e-17	0.21202078
8.625181499607362e-10	-1.3086355e-08	-5.7810414e-08	0.93257403	-1.884302e-17	0.21068083
8.650363384630452e-10	9.958798e-10	-7.5324735e-08	0.9271403	-1.8488312e-17	0.2103688
8.675051651155562e-10	2.647312e-08	-8.585966e-08	0.909583	-1.8177646e-17	0.21922058
8.700233740266475e-10	6.011493e-08	-7.795846e-08	0.8788496	-1.8102727e-17	0.25014982
8.725415748674711e-10	8.981026e-08	-7.018895e-08	0.84451854	-1.841517e-17	0.22978668
8.750104501006895e-10	1.10748424e-07	-3.838664e-08	0.8111468	-1.8866668e-17	0.20373231
8.775289165672133e-10	1.0837807e-07	9.925877e-09	0.77795994	-1.9235347e-17	0.198986
8.800476079624891e-10	8.6337025e-08	4.753886e-08	0.74767524	-1.9482006e-17	0.20275901
8.825164382966994e-10	5.8341275e-08	6.939884e-08	0.7225429	-1.9634852e-17	0.20829244
8.850343689646907e-10	2.855953e-08	7.479799e-08	0.7024736	-1.9727483e-17	0.210441
8.875030535480749e-10	5.1028555e-09	6.663342e-08	0.68821055	-1.9776846e-17	0.21147059
8.900211179479261e-10	-1.1176899e-08	5.3201383e-08	0.67877364	-1.980143e-17	0.21180399
8.925391312138478e-10	-2.0411422e-08	3.8189114e-08	0.6740041	-1.9812102e-17	0.21118784
8.950077874527297e-10	-2.2353799e-08	2.436202e-08	0.67299414	-1.981679e-17	0.21084324
8.975258476342333e-10	-2.0855865e-08	1.5012272e-08	0.6749521	-1.9820487e-17	0.21120036
9.000439587785656e-10	-1.7530779e-08	8.9546885e-09	0.6794797	-1.9825837e-17	0.21149927
9.025127149364517e-10	-1.46912855e-08	5.6625233e-09	0.6860221	-1.9834067e-17	0.21058932
9.050308588212149e-10	-1.2395001e-08	2.897105e-09	0.6943887	-1.9846081e-17	0.21177818
9.075489995095943e-10	-1.0271554e-08	3.950598e-10	0.70404196	-1.98618e-17	0.21099982
9.100177661308205e-10	-8.378559e-09	-1.8436124e-09	0.7144401	-1.9880538e-17	0.21181846
9.12535925383257e-10	-5.613141e-09	-3.6872247e-09	0.7257554	-1.990262e-17	0.21230355
9.150046934914854e-10	-3.456773e-09	-3.4238514e-09	0.7373349	-1.9926624e-17	0.2122815
9.175228375300078e-10	-1.3827093e-09	-2.7654186e-09	0.7494296	-1.995288e-17	0.21210659
9.200409679817901e-10	-8.230412e-10	-1.7119257e-09	0.7615975	-1.9980222e-17	0.21289875
9.225097107494455e-10	-8.888845e-10	-7.571979e-10	0.773396	-2.0007347e-17	0.21418464
9.250278475798145e-10	-1.3168659e-10	5.5966803e-10	0.7850961	-2.0034531e-17	0.21548419
9.275459349177188e-10	-4.5267268e-10	1.497935e-09	0.7962555	-2.006038e-17	0.21685807
9.300146637230661e-10	3.292165e-10	2.3127458e-09	0.8064791	-2.0083652e-17	0.21810365
9.325327574239226e-10	7.901196e-10	1.3415572e-09	0.81599706	-2.010462e-17	0.21896555
9.350014672110356e-10	2.436202e-09	2.3456674e-09	0.82430565	-2.012206e-17	0.22119184
9.37519532166135e-10	3.5884598e-09	3.5061556e-09	0.8316718	-2.0136562e-17	0.22295251
9.400375897514519e-10	2.897105e-09	5.8600533e-09	0.837934	-2.014789e-17	0.223223
9.425062600936095e-10	1.9094557e-09	7.3744495e-09	0.84308815	-2.0156206e-17	0.22520436
9.450242907797958e-10	2.7983402e-10	7.654283e-09	0.8474752	-2.0162202e-17	0.22553138
9.475423102899144e-10	-1.4156308e-09	6.551408e-09	0.8511379	-2.016603e-17	0.22623023
9.500109419900755e-10	-1.1851794e-09	5.563759e-09	0.85417014	-2.0168007e-17	0.22725342
9.525289495106068e-10	-6.5843296e-11	5.0040905e-09	0.8568211	-2.0168515e-17	0.227512
9.550469522723644e-10	9.218062e-10	5.5966805e-09	0.8591309	-2.0167783e-17	0.22725898
9.57515579216772e-10	5.2674637e-10	6.650173e-09	0.86114407	-2.0166101e-17	0.22823574
9.600335843784031e-10	-1.1522577e-10	6.8806245e-09	0.86300355	-2.016358e-17	0.22895065
9.625022261141288e-10	-7.2427625e-10	7.045233e-09	0.8646827	-2.0160468e-17	0.22928579
9.65020232659731e-10	-1.7942299e-09	6.4197216e-09	0.86628485	-2.0156736e-17	0.22935817
9.675382452843707e-10	-2.0740638e-09	6.0246617e-09	0.86780393	-2.0152504e-17	0.22920762
9.700068819223948e-10	-1.777769e-09	4.8065605e-09	0.8692342	-2.0147913e-17	0.22882193
9.725248968142836e-10	-1.7119257e-09	4.1810493e-09	0.87065053	-2.014279e-17	0.22820255
9.750429126814275e-10	-1.316866e-09	4.707796e-09	0.872039	-2.013722e-17	0.22736213
9.775115676922832e-10	-1.3497876e-09	4.609031e-09	0.87338597	-2.0131303e-17	0.22632642
9.800295855396052e-10	-1.6460824e-09	5.267464e-09	0.8747568	-2.0124762e-17	0.22504978
9.825476005507194e-10	-2.2386721e-09	4.8065605e-09	0.87613577	-2.0117658e-17	0.22353725
9.850162646870407e-10	-1.9752988e-09	5.135777e-09	0.8775064	-2.0110073e-17	0.22278261
9.875342871629809e-10	-2.7983402e-09	5.0040905e-09	0.87893444	-2.0101612e-17	0.22232245
9.900029466051614e-10	-3.0287917e-09	4.7407176e-09	0.8803755	-2.0092488e-17	0.2215952
9.92520979303576e-10	-3.6213814e-09	5.333307e-09	0.88190025	-2.0082187e-17	0.22053805
9.950390073791705e-10	-4.213971e-09	5.0040905e-09	0.88349473	-2.0070697e-17	0.21911667
9.9750767998281e-10	-4.115206e-09	4.2798143e-09	0.88514185	-2.0058038e-17	0.21844247
1.000025717854058e-09	-4.6748743e-09	4.2798143e-09	0.88692683	-2.0043407e-17	0.21818158
1.0025437659838394e-09	-5.2016205e-09	3.753068e-09	0.8888403	-2.0026638e-17	0.21743102
1.0050124345400853e-09	-5.79421e-09	3.9505976e-09	0.8908677	-2.0007618e-17	0.21609716
1.0075304835009714e-09	-6.18927e-09	4.1481276e-09	0.8931224	-1.9984923e-17	0.21549031
1.0100485385754982e-09	-7.4402924e-09	3.4238514e-09	0.8956051	-1.9957974e-17	0.21536401
1.012517236007938e-09	-8.855923e-09	2.6995752e-09	0.89830655	-1.9926232e-17	0.21423008
1.0150353007237092e-09	-1.0567849e-08	9.876494e-10	0.9013902	-1.988675e-17	0.21389505
1.0175039992428606e-09	-1.2246853e-08	0	0.90479594	-1.9838799e-17	0.21370122
1.0200220812037806e-09	-1.27736e-08	-2.897105e-09	0.90872467	-1.9777195e-17	0.21307273
1.0225401811780057e-09	-1.46501336e-08	-5.267464e-09	0.91316295	-1.9698082e-17	0.213073
1.0250089051411885e-09	-1.6460824e-08	-9.218062e-09	0.9180047	-1.9597045e-17	0.21337551
1.0275270186465057e-09	-1.7316788e-08	-1.4353839e-08	0.92329204	-1.946061e-17	0.2126834
1.0300451691447568e-09	-1.8271516e-08	-2.2123348e-08	0.92842704	-1.9277079e-17	0.21212329
1.0325139225093348e-09	-1.5736548e-08	-3.232906e-08	0.93208236	-1.903502e-17	0.2117277
1.0350320939248826e-09	-9.2345225e-09	-4.451007e-08	0.9316567	-1.8714195e-17	0.21011232
1.0375008957444602e-09	3.4650036e-09	-5.5835116e-08	0.9223994	-1.8362445e-17	0.21138594
1.0400190995088355e-09	2.515214e-08	-5.8995596e-08	0.8991669	-1.8107938e-17	0.23014882
1.0425373098120476e-09	4.9119098e-08	-5.5835116e-08	0.86591965	-1.8179307e-17	0.25503314
1.045006134760109e-09	7.176919e-08	-4.7670547e-08	0.8323786	-1.8580458e-17	0.21756583
1.0475244266425407e-09	8.355514e-08	-1.976945e-08	0.79847693	-1.9020558e-17	0.20000021
1.0500430209501588e-09	7.657575e-08	1.5934077e-08	0.7661244	-1.934087e-17	0.20020232
1.0525122607523566e-09	5.8258973e-08	4.230432e-08	0.7379571	-1.9546157e-17	0.20527056
1.0550302200591769e-09	3.4715878e-08	5.3201383e-08	0.7143229	-1.967591e-17	0.20898911
1.057548185458503e-09	1.377771e-08	5.3201383e-08	0.69639903	-1.9750285e-17	0.21154043
1.0600168711431267e-09	-1.0329168e-09	4.4378382e-08	0.6840761	-1.978839e-17	0.21121714
1.062534888042167e-09	-9.79419e-09	3.3448394e-08	0.6764773	-1.980656e-17	0.21164742
1.0650035108364765e-09	-1.3481415e-08	2.317684e-08	0.6732638	-1.9814169e-17	0.21097562
1.067521556841362e-09	-1.4008162e-08	1.4485526e-08	0.67340404	-1.9818126e-17	0.21091698
1.0700396309707427e-09	-1.2510227e-08	9.3497485e-09	0.6763724	-1.9822204e-17	0.2113814
1.072508363916831e-09	-1.0913526e-08	5.3991505e-09	0.68163794	-1.9828444e-17	0.21136834
1.0750264817361845e-09	-9.695426e-09	2.5020452e-09	0.6889896	-1.9838144e-17	0.21105246
1.0775446022131629e-09	-8.082265e-09	4.609031e-10	0.69788456	-1.985156e-17	0.21166757
1.0800133602512042e-09	-5.2016205e-09	-2.3703588e-09	0.70772564	-1.986824e-17	0.21177252
1.0825315048326365e-09	-3.5061556e-09	-1.8436124e-09	0.7186193	-1.9888512e-17	0.21093577
1.0850002431853713e-09	-1.2345618e-09	-1.8436124e-09	0.7299164	-1.9911098e-17	0.21215132
1.0875183845008802e-09	5.432072e-10	-6.58433e-10	0.7418568	-1.9936317e-17	0.21280253
1.0900364976938382e-09	8.724237e-10	-6.58433e-10	0.7540039	-1.9963066e-17	0.2132305
1.0925052368124189e-09	1.6460824e-09	-6.255113e-10	0.76590806	-1.999008e-17	0.21356459
1.0950233513804443e-09	2.633732e-09	8.5596286e-10	0.777842	-2.0017662e-17	0.21400005
1.0975414458607175e-09	2.3045155e-09	2.5431974e-09	0.7893627	-2.0044446e-17	0.21499106
1.1000101764212351e-09	1.2510226e-09	1.7901146e-09	0.80006063	-2.0069109e-17	0.21697272
1.1025282551007323e-09	1.6460824e-09	2.8703562e-09	0.810171	-2.0091888e-17	0.21889721
1.1050463344791501e-09	2.1728288e-09	2.3703588e-09	0.8193056	-2.011168e-17	0.22043502
1.1075150248239871e-09	3.358008e-09	3.234552e-09	0.82720506	-2.0127897e-17	0.22083893
1.1100330687856922e-09	3.1275567e-09	4.1481276e-09	0.83415025	-2.0141176e-17	0.22345497
1.1125017336309003e-09	3.4855796e-09	5.3003855e-09	0.83991253	-2.0151212e-17	0.22390693
1.1150197526761496e-09	2.8641833e-09	6.0575833e-09	0.844831	-2.0158736e-17	0.22554949
1.1175377671290443e-09	2.8312617e-09	7.4402924e-09	0.8489275	-2.0163872e-17	0.22523826
1.1200063825259237e-09	1.3827093e-09	6.5843295e-09	0.85229605	-2.0166936e-17	0.22670542
1.1225243806033263e-09	1.0534927e-09	5.6625233e-09	0.85521215	-2.0168359e-17	0.22743827
1.1250423813676155e-09	1.9423774e-09	4.971169e-09	0.85772395	-2.0168372e-17	0.22743933
1.1275109909270023e-09	2.1069855e-09	5.79421e-09	0.85988724	-2.0167272e-17	0.22767341
1.1300289800487657e-09	2.1399071e-09	5.695445e-09	0.86186266	-2.016524e-17	0.22855139
1.1325469682831014e-09	9.38267e-10	6.6830945e-09	0.8636615	-2.0162458e-17	0.22911946
1.1350155811597364e-09	-9.876495e-11	6.18927e-09	0.8652959	-2.0159124e-17	0.22933117
1.1375335822633067e-09	-6.9135464e-10	5.037012e-09	0.8668638	-2.01552e-17	0.22933246
1.1400022066213805e-09	-5.925897e-10	4.411501e-09	0.8683291	-2.0150886e-17	0.2290948
1.1425202027306197e-09	-3.2921648e-11	4.213971e-09	0.86977035	-2.0146042e-17	0.22861557
1.1450382049191762e-09	4.609031e-10	4.609031e-09	0.87117463	-2.0140754e-17	0.22791202
1.1475068274170266e-09	7.571979e-10	5.7283667e-09	0.87252915	-2.0135125e-17	0.2270107
1.1500248420207222e-09	5.2674637e-10	6.0575833e-09	0.87390053	-2.012891e-17	0.22587363
1.1525428451131732e-09	-5.2674637e-10	5.3991505e-09	0.8752731	-2.0122166e-17	0.22451039
1.155011493126696e-09	-1.5473175e-09	5.2016205e-09	0.8766307	-2.0114981e-17	0.2229409
1.1575295182506672e-09	-1.218101e-09	5.5966805e-09	0.8780385	-2.010699e-17	0.22264093
1.1600475001016733e-09	-1.7448474e-09	5.3991505e-09	0.879481	-2.0098222e-17	0.22207768
1.1625161526983199e-09	-2.633732e-09	5.79421e-09	0.880941	-2.008875e-17	0.2212383
1.165034166645385e-09	-2.6995752e-09	5.464994e-09	0.8824899	-2.0078026e-17	0.22005062
1.1675028137187874e-09	-3.5884598e-09	5.99174e-09	0.88408214	-2.0066275e-17	0.21851124
1.1700208543078472e-09	-3.8189114e-09	5.3991505e-09	0.88579863	-2.0052769e-17	0.21839516
1.1725388872656062e-09	-4.609031e-09	4.5431876e-09	0.88762885	-2.0037383e-17	0.21796338
1.1750075376040592e-09	-5.168699e-09	4.3456576e-09	0.8895574	-2.002006e-17	0.21702339
1.1775255826266466e-09	-4.8065605e-09	4.411501e-09	0.89169025	-1.999953e-17	0.21539691
1.180043625633014e-09	-6.6830945e-09	4.2798143e-09	0.89402544	-1.9975361e-17	0.21554384
1.1825122909190224e-09	-8.625472e-09	4.016441e-09	0.89655256	-1.9947136e-17	0.21508603
1.1850303411190325e-09	-1.0271554e-08	3.4238514e-09	0.8994223	-1.9912357e-17	0.21345292
1.1875484054822727e-09	-1.1687185e-08	1.7119257e-09	0.9026464	-1.9869615e-17	0.21402897
1.190017097194898e-09	-1.3761249e-08	3.292165e-10	0.906214	-1.9817386e-17	0.21308993
1.1925351680823553e-09	-1.6032843e-08	-2.7654186e-09	0.91032964	-1.9749852e-17	0.21345347
1.1950038824733739e-09	-1.9226242e-08	-6.3868e-09	0.9148676	-1.9664505e-17	0.21216972
1.197521977907976e-09	-2.057603e-08	-1.2510227e-08	0.91996497	-1.9550394e-17	0.21322572
1.2000400874045702e-09	-2.1399071e-08	-1.9752989e-08	0.9252837	-1.9398087e-17	0.21320827
1.2025088316298574e-09	-2.0082206e-08	-2.9102738e-08	0.9300117	-1.919721e-17	0.21185757
1.205026986001329e-09	-1.6345599e-08	-4.1876337e-08	0.93263006	-1.8923087e-17	0.21110168
1.207545153429723e-09	-8.032882e-09	-5.5440058e-08	0.9294619	-1.8578922e-17	0.20902215
1.2100139610429611e-09	9.17691e-09	-6.5579925e-08	0.91539574	-1.8243328e-17	0.21556446
1.21253215009636e-09	3.4798184e-08	-6.6765104e-08	0.8872423	-1.8085692e-17	0.24213514
1.2150009687216668e-09	6.0575836e-08	-6.4263055e-08	0.8536903	-1.8301219e-17	0.24216174
1.2175191717144765e-09	8.335761e-08	-4.7209642e-08	0.81959605	-1.87559e-17	0.20845753
1.2200375824903127e-09	9.0797904e-08	-1.0255094e-08	0.78603053	-1.9155888e-17	0.19844796
1.2225068575564564e-09	7.9143646e-08	2.5613042e-08	0.7554011	-1.9426137e-17	0.20170912
1.2250252443676989e-09	5.6954452e-08	4.9645845e-08	0.72842914	-1.9602814e-17	0.20665814
1.2275431351528341e-09	3.275704e-08	5.8205476e-08	0.70692825	-1.9709168e-17	0.2106911
1.230011747077712e-09	1.2246853e-08	5.4649938e-08	0.69134814	-1.9767246e-17	0.21187826
1.232529784325672e-09	-3.0287917e-09	4.490513e-08	0.680658	-1.9797011e-17	0.21174614
1.235047787990754e-09	-1.1189245e-08	3.252659e-08	0.67480105	-1.9810246e-17	0.21137117
1.2375164195560783e-09	-1.4123387e-08	2.3308527e-08	0.6729535	-1.9815843e-17	0.2108569
1.2400344581782246e-09	-1.4304456e-08	1.659251e-08	0.6742101	-1.981949e-17	0.2110735
1.242503138502624e-09	-1.2740678e-08	1.0798301e-08	0.67803353	-1.982414e-17	0.21149188
1.245021233797424e-09	-1.0995831e-08	6.0575833e-09	0.68418795	-1.9831655e-17	0.21099782
1.2475393674697479e-09	-9.316826e-09	3.8189114e-09	0.6921711	-1.9842736e-17	0.2116094
1.2500081164675918e-09	-7.999961e-09	9.218062e-10	0.7013442	-1.9857225e-17	0.21109514
1.2525262336682813e-09	-5.695445e-09	2.6337318e-10	0.71172655	-1.9875489e-17	0.21201597
1.255044354840279e-09	-4.0658237e-09	-9.218062e-10	0.7228839	-1.9896873e-17	0.21198536
1.2575130899661334e-09	-3.0287917e-09	0	0.7343606	-1.992034e-17	0.21145327
1.2600312129418414e-09	-2.9629483e-09	-4.609031e-10	0.74640375	-1.9946215e-17	0.21239321
1.2625493245893683e-09	-2.1316768e-09	-7.2427625e-10	0.7585731	-1.9973355e-17	0.21336877
1.2650180547986152e-09	-6.58433e-10	-3.950598e-10	0.7704232	-2.000047e-17	0.21428362
1.2675361627047119e-09	-3.2921648e-11	1.6460824e-10	0.7822259	-2.0027856e-17	0.21523735
1.2700048779050942e-09	9.547279e-10	4.9382474e-11	0.7933231	-2.0053618e-17	0.21617886
1.2725229537352482e-09	2.0411421e-09	2.777764e-10	0.80396014	-2.0077976e-17	0.21707045
1.2750410013553603e-09	2.99587e-09	1.207813e-09	0.8137214	-2.009969e-17	0.21880743
1.2775096902162254e-09	2.8641833e-09	3.2510128e-09	0.82229626	-2.0117934e-17	0.22110842
1.280027723048414e-09	2.8312617e-09	3.9259067e-09	0.82994276	-2.0133257e-17	0.22231083
1.282545753256971e-09	2.8641833e-09	4.460883e-09	0.836474	-2.014535e-17	0.22345954
1.2850143865960749e-09	3.3909298e-09	4.938247e-09	0.8418647	-2.0154337e-17	0.22479936
1.287532385533858e-09	3.358008e-09	5.4979155e-09	0.8464564	-2.0160923e-17	0.22561665
1.2900010141699724e-09	2.6666536e-09	5.432072e-09	0.8502162	-2.0165191e-17	0.225765
1.292519006077245e-09	2.3374371e-09	6.18927e-09	0.853445	-2.0167653e-17	0.22706154
1.295036983019708e-09	1.6460824e-09	6.0575833e-09	0.85619646	-2.0168515e-17	0.22751386
1.2975055869870054e-09	1.316866e-09	5.695445e-09	0.8585388	-2.0168084e-17	0.22730182
1.3000235655350507e-09	1.2345618e-09	5.530837e-09	0.8606526	-2.0166607e-17	0.22803518
1.3025415401086427e-09	9.218062e-10	6.0575833e-09	0.86255586	-2.0164274e-17	0.2288109
1.3050101524994067e-09	1.0534927e-09	5.99174e-09	0.8642673	-2.0161311e-17	0.22923203
1.307528132085947e-09	6.5843296e-11	5.79421e-09	0.86589444	-2.0157713e-17	0.22935371
1.310046105419497e-09	-6.58433e-10	4.6419526e-09	0.86743194	-2.0153602e-17	0.229269
1.3125147231977191e-09	-5.925897e-10	3.9505976e-09	0.86887527	-2.0149122e-17	0.22894146
1.3150326959400966e-09	-7.571979e-10	3.753068e-09	0.8703008	-2.0144108e-17	0.22837768
1.3175013109873498e-09	-1.0534927e-09	4.312736e-09	0.87166786	-2.0138763e-17	0.22760952
1.3200192977248343e-09	-5.925897e-10	4.609031e-09	0.8730443	-2.0132853e-17	0.22661045
1.3225372941339515e-09	-6.58433e-10	5.0040905e-09	0.8744148	-2.0126443e-17	0.22538927
1.3250059153548026e-09	-8.230412e-10	4.4773443e-09	0.87576365	-2.011963e-17	0.2239684
1.3275239142385593e-09	-9.218062e-10	4.6748743e-09	0.8771556	-2.0112066e-17	0.2228576
1.3300419189203673e-09	-1.1851794e-09	4.213971e-09	0.8785751	-2.0103798e-17	0.22246243
1.3325105480094671e-09	-8.5596286e-10	4.213971e-09	0.8800047	-2.0094897e-17	0.22180772
1.3350285593975562e-09	-1.2510226e-09	3.4896948e-09	0.88151425	-2.0084863e-17	0.22083403
1.3375465600451187e-09	-1.2510226e-09	4.0822843e-09	0.88308984	-2.0073688e-17	0.21950845
1.3400152103650175e-09	-1.9094557e-09	4.213971e-09	0.88471425	-2.0061406e-17	0.21844357
1.3425332264533596e-09	-2.0411421e-09	4.5431876e-09	0.8864707	-2.0047238e-17	0.21828812
1.3450018648184805e-09	-2.3703588e-09	4.938247e-09	0.8883116	-2.0031383e-17	0.21768811
1.347519884427167e-09	-2.534967e-09	5.267464e-09	0.8903363	-2.0012732e-17	0.21650068
1.3500379091442172e-09	-3.358008e-09	5.333307e-09	0.8925406	-1.9990935e-17	0.21539664
1.3525065590133903e-09	-4.0493626e-09	5.6625233e-09	0.8949124	-1.9965701e-17	0.21548587
1.3550245903029434e-09	-5.2016205e-09	5.2016205e-09	0.89759165	-1.9934884e-17	0.21463232
1.3575426420442371e-09	-5.892975e-09	5.069934e-09	0.9005869	-1.989738e-17	0.21368773
1.360011319642004e-09	-7.3744495e-09	4.4773443e-09	0.90389025	-1.9852019e-17	0.21392623
1.3625293754762712e-09	-9.5802e-09	3.6213814e-09	0.9076987	-1.9793984e-17	0.21261421
1.3650474361823726e-09	-1.1522577e-08	2.897105e-09	0.91200715	-1.9719772e-17	0.21339439
1.3675161474282033e-09	-1.5143959e-08	1.2510226e-09	0.91673124	-1.9625396e-17	0.21308033
1.370034235794559e-09	-1.8699497e-08	-2.3703588e-09	0.9219591	-1.9498445e-17	0.2122832
1.3725029716362292e-09	-2.2452564e-08	-7.637823e-09	0.92711335	-1.9332013e-17	0.21288125
1.3750210939718797e-09	-2.6271476e-08	-1.5934077e-08	0.9313953	-1.9103321e-17	0.21198396
1.3775392337151017e-09	-2.7917558e-08	-2.7390811e-08	0.93238837	-1.8800664e-17	0.21048836
1.3800080185718745e-09	-2.5036913e-08	-4.0954532e-08	0.9259029	-1.844983e-17	0.21082899
1.3825262043729174e-09	-1.3250964e-08	-5.491331e-08	0.9062864	-1.8149742e-17	0.22327684
1.3850443971871175e-09	6.847703e-09	-6.3341254e-08	0.8745162	-1.8121752e-17	0.25239772
1.3875132049289959e-09	2.6073947e-08	-6.979389e-08	0.84087825	-1.8463694e-17	0.22623158
1.3900314480351469e-09	4.8460667e-08	-5.7975022e-08	0.8068707	-1.8920365e-17	0.20269033
1.392500566325296e-09	6.228776e-08	-3.1637704e-08	0.7745511	-1.9267042e-17	0.19849512
1.3950192651449495e-09	6.418898e-08	-1.8436124e-09	0.7446966	-1.9502374e-17	0.202993
1.3975373382269862e-09	5.552236e-08	2.0806482e-08	0.71968853	-1.9649593e-17	0.20850995
1.400005857299158e-09	4.1283748e-08	3.318502e-08	0.7006698	-1.9734521e-17	0.21028543
1.4025238735257452e-09	2.577765e-08	3.6213812e-08	0.68674046	-1.9781095e-17	0.211123
1.4050418873409422e-09	1.1753029e-08	3.4238514e-08	0.6779298	-1.9803346e-17	0.21177506
1.4075105133493195e-09	2.534967e-09	2.7785871e-08	0.6737345	-1.9812782e-17	0.2111159
1.4100285207934455e-09	-2.7654186e-09	2.1201542e-08	0.67308605	-1.9817246e-17	0.21085632
1.4125465633817946e-09	-4.8065605e-09	1.6065764e-08	0.67538977	-1.9821031e-17	0.21126518
1.4150152622705195e-09	-4.888865e-09	1.1851793e-08	0.6800978	-1.9826575e-17	0.21147966
1.4175333682747005e-09	-4.510266e-09	9.481435e-09	0.6869932	-1.9835377e-17	0.21051803
1.4200020974933341e-09	-4.888865e-09	7.506136e-09	0.6953629	-1.984758e-17	0.21179436
1.4225202152181056e-09	-4.0822843e-09	5.0040905e-09	0.7051323	-1.986368e-17	0.2112828
1.425038337289206e-09	-3.6378422e-09	4.0822843e-09	0.7158328	-1.9883172e-17	0.21160288
1.4275070620068914e-09	-2.5020452e-09	3.0287917e-09	0.7269942	-1.9905125e-17	0.21233581
1.4300251713831503e-09	-1.9423774e-09	2.0411421e-09	0.73884916	-1.9929855e-17	0.21255657
1.4325432803782468e-09	-1.1193361e-09	2.5678886e-09	0.75096476	-1.9956286e-17	0.21259049
1.4350120002924412e-09	-6.58433e-10	2.897105e-09	0.7628891	-1.9983168e-17	0.21255969
1.4375300930545957e-09	-8.5596286e-10	2.7983402e-09	0.77489424	-2.0010821e-17	0.21395822
1.4400481731936605e-09	1.3168659e-10	2.7654186e-09	0.7865372	-2.0037881e-17	0.21543485
1.442516870862779e-09	6.255113e-10	2.4485476e-09	0.7974036	-2.0063023e-17	0.21698518
1.4450349407636467e-09	1.3827093e-09	1.3106931e-09	0.8077329	-2.0086462e-17	0.21847163
1.447503602291496e-09	2.7983402e-09	2.067891e-09	0.8169499	-2.0106666e-17	0.21946411
1.450021648441294e-09	2.99587e-09	3.0781742e-09	0.8252961	-2.0124072e-17	0.22112066
1.4525396707424062e-09	3.432082e-09	4.0493626e-09	0.8325205	-2.0138162e-17	0.22318071
1.455008294918343e-09	3.7859897e-09	4.230432e-09	0.8385385	-2.014892e-17	0.22312793
1.45752629595425e-09	4.213971e-09	4.658413e-09	0.8436861	-2.0157093e-17	0.22535352
1.4600442717557077e-09	3.7859897e-09	5.7283667e-09	0.84797317	-2.0162795e-17	0.22545433
1.4625128779034795e-09	3.1604783e-09	5.3991505e-09	0.8514911	-2.0166323e-17	0.22638884
1.4650308535046198e-09	3.6213814e-09	4.9053255e-09	0.8545262	-2.0168147e-17	0.22732829
1.4675488185231204e-09	3.736607e-09	5.267464e-09	0.85712886	-2.0168485e-17	0.22749668
1.4700174119417162e-09	3.7859897e-09	5.069934e-09	0.85936004	-2.0167648e-17	0.22739042
1.4725353889350055e-09	3.456773e-09	5.464994e-09	0.86138785	-2.0165823e-17	0.22834504
1.475003976604208e-09	2.2386721e-09	5.5966805e-09	0.8631917	-2.016327e-17	0.22900423
1.4775219423376753e-09	1.9094557e-09	5.3003855e-09	0.8648897	-2.0160028e-17	0.22930571
1.4800399122380858e-09	1.679004e-09	5.9258967e-09	0.8664801	-2.0156226e-17	0.22935343
1.4825085091194922e-09	1.1193361e-09	6.1234267e-09	0.8679614	-2.0152027e-17	0.22917694
1.4850264825850217e-09	1.975299e-10	6.2551133e-09	0.8694144	-2.0147294e-17	0.2287565
1.4875444508859942e-09	0	5.267464e-09	0.8708265	-2.0142116e-17	0.228109
1.4900130700351036e-09	-2.6337318e-10	5.267464e-09	0.87218535	-2.0136602e-17	0.2272611
1.4925310506149568e-09	-6.5843296e-11	4.938247e-09	0.87355834	-2.0130509e-17	0.22617868
1.4950490380726326e-09	6.5843296e-11	5.333307e-09	0.8749295	-2.0123901e-17	0.22487289
1.4975176593429997e-09	-2.3045155e-10	5.8600533e-09	0.87628305	-2.011687e-17	0.22336295
1.5000356570438331e-09	-5.5966803e-10	6.2551133e-09	0.877684	-2.0109052e-17	0.22273971
1.5025042625018149e-09	-5.925897e-10	6.3209566e-09	0.8790883	-2.0100668e-17	0.22225675
1.5050222801738846e-09	-1.3827093e-09	5.99174e-09	0.88056386	-2.0091254e-17	0.221481
1.507540269847757e-09	-2.3703588e-09	6.9793895e-09	0.88209647	-2.0080817e-17	0.22038159
1.5100089003956048e-09	-2.633732e-09	6.7818595e-09	0.8836685	-2.00694e-17	0.21894167
1.5125268972628012e-09	-3.2592433e-09	6.5843295e-09	0.8853599	-2.0056306e-17	0.21843313
1.5150449031622493e-09	-3.358008e-09	6.9793895e-09	0.8871596	-2.0041427e-17	0.21811686
1.5175135536559044e-09	-5.0040905e-09	6.913546e-09	0.88905185	-2.0024714e-17	0.217318
1.5200315742909537e-09	-5.7283667e-09	6.650173e-09	0.8911398	-2.000497e-17	0.21587494
1.522500219585869e-09	-6.7818595e-09	6.650173e-09	0.89337397	-1.9982283e-17	0.21551736
1.525018240561939e-09	-8.493785e-09	6.5843295e-09	0.89588344	-1.9954822e-17	0.21529567
1.5275362843125748e-09	-9.942338e-09	5.8600533e-09	0.8986744	-1.9921709e-17	0.21399388
1.5300049506811495e-09	-1.27736e-08	4.5431876e-09	0.90173894	-1.9882055e-17	0.21395627
1.5325229941346529e-09	-1.5736548e-08	4.1481276e-09	0.9052627	-1.9831849e-17	0.21353477
1.5350410420375239e-09	-1.8929947e-08	7.901196e-10	0.9092532	-1.976834e-17	0.21324404
1.5375097315694884e-09	-2.1596602e-08	-2.8312617e-09	0.9136637	-1.968842e-17	0.21286123
1.5400278274427194e-09	-2.4855845e-08	-8.032882e-09	0.91865486	-1.9581999e-17	0.213409
1.5425459192760381e-09	-2.7522498e-08	-1.5703627e-08	0.9239614	-1.9440483e-17	0.21295685
1.5450146538971223e-09	-3.055129e-08	-2.6073947e-08	0.9289198	-1.92542e-17	0.21171863
1.5475327749566106e-09	-3.0633593e-08	-4.134959e-08	0.9323382	-1.8998827e-17	0.21153618
1.5500015471548907e-09	-2.6008102e-08	-6.0180774e-08	0.93118143	-1.8676519e-17	0.20991476
1.5525197044542357e-09	-1.0304476e-08	-7.9407016e-08	0.92029524	-1.832056e-17	0.21317953
1.5550378770770526e-09	1.9242703e-08	-8.954689e-08	0.8953181	-1.8094583e-17	0.23333108
1.5575066933198636e-09	5.1028554e-08	-9.060037e-08	0.8622732	-1.8211177e-17	0.25291252
1.560024881506013e-09	8.1909064e-08	-8.30284e-08	0.82810545	-1.8639675e-17	0.21423288
1.56254319315559e-09	1.0383488e-07	-4.6617053e-08	0.7942885	-1.9067871e-17	0.19978647
1.5650124303323595e-09	1.0472377e-07	3.6213813e-10	0.7628814	-1.9367648e-17	0.2003021
1.567530956415482e-09	8.755512e-08	3.9637666e-08	0.73468953	-1.9566266e-17	0.20566815
1.5700488597335896e-09	6.0032626e-08	6.149764e-08	0.7117615	-1.9687828e-17	0.20987499
1.5725174281152743e-09	3.3217944e-08	6.6765104e-08	0.6948269	-1.9755763e-17	0.21177904
1.575035462518204e-09	1.0469084e-08	6.070752e-08	0.682856	-1.979156e-17	0.21146888
1.5775040808992218e-09	-5.366229e-09	4.8855725e-08	0.67594475	-1.9807727e-17	0.21157506
1.5800220832031073e-09	-1.3646023e-08	3.4501888e-08	0.6731087	-1.981477e-17	0.21092354
1.5825400834889444e-09	-1.578593e-08	2.3703587e-08	0.6736303	-1.981857e-17	0.21096253
1.5850087592048194e-09	-1.4617212e-08	1.6065764e-08	0.6768349	-1.9822743e-17	0.21142316
1.587526855323112e-09	-1.2625452e-08	1.1456733e-08	0.6824593	-1.9829462e-17	0.21127428
1.5900449749795287e-09	-1.1300356e-08	8.823002e-09	0.6900292	-1.9839618e-17	0.21127456
1.5925137084573693e-09	-1.0057564e-08	6.3209566e-09	0.6988984	-1.9853198e-17	0.21154866
1.5950318193581751e-09	-9.135758e-09	3.555538e-09	0.7090487	-1.9870615e-17	0.21192276
1.5975005475094209e-09	-7.999961e-09	1.1851794e-09	0.71981186	-1.9890827e-17	0.21127228
1.6000186572456565e-09	-5.613141e-09	-7.2427625e-10	0.7313941	-1.9914153e-17	0.2119185
1.6025367710789213e-09	-4.2468926e-09	-1.975299e-10	0.74337214	-1.99396e-17	0.21277149
1.6050054884989133e-09	-2.9135658e-09	6.5843296e-11	0.7552911	-1.9965951e-17	0.2133713
1.6075235835993832e-09	-1.3827093e-09	-5.5966803e-10	0.7674191	-1.9993548e-17	0.21392006
1.6100416689845669e-09	-4.609031e-10	4.115206e-10	0.7793123	-2.002108e-17	0.21452789
1.6125103661530756e-09	1.8106906e-10	1.259253e-09	0.7905477	-2.004719e-17	0.21508296
1.6150284304572429e-09	6.522602e-10	2.3868196e-09	0.8013751	-2.0072107e-17	0.21680433
1.6175464764956108e-09	1.5473175e-09	2.722209e-09	0.8113716	-2.0094541e-17	0.21896225
1.6200151414163485e-09	2.3374371e-09	3.4403123e-09	0.82020825	-2.0113583e-17	0.22070584
1.6225331736754261e-09	2.9794092e-09	4.609031e-09	0.8281361	-2.0129735e-17	0.22139715
1.625001830028672e-09	3.654303e-09	5.7448277e-09	0.83481944	-2.0142394e-17	0.22350365
1.627519825693292e-09	3.917676e-09	6.3538783e-09	0.84057856	-2.0152294e-17	0.22423258
1.6300378263339582e-09	3.6872247e-09	6.6995556e-09	0.8453857	-2.0159498e-17	0.2255996
1.6325064327713803e-09	2.7983402e-09	7.5719795e-09	0.84931856	-2.0164291e-17	0.22523613
1.6350244079013435e-09	1.8436124e-09	7.901195e-09	0.85268706	-2.0167201e-17	0.2268369
1.6375423816535743e-09	1.2510226e-09	7.111076e-09	0.8555465	-2.016843e-17	0.22747448
1.6400109675338795e-09	1.218101e-09	6.9793895e-09	0.85796946	-2.0168304e-17	0.22740522
1.6425289478556223e-09	1.6131608e-09	7.3744495e-09	0.8601459	-2.0167065e-17	0.22780198
1.6450469087897333e-09	3.292165e-10	8.395021e-09	0.8620964	-2.0164928e-17	0.22864424
1.647515504781634e-09	-4.938247e-10	7.604901e-09	0.863843	-2.0162122e-17	0.22915725
1.6500334728450783e-09	-1.8436124e-09	6.913546e-09	0.8654969	-2.0158663e-17	0.22933719
1.6525020621069828e-09	-1.4156308e-09	6.288035e-09	0.8670246	-2.0154757e-17	0.2293183
1.6550200510986443e-09	-1.7119257e-09	5.9258967e-09	0.8685119	-2.0150307e-17	0.22904675
1.6575380379566755e-09	-2.1728288e-09	6.288035e-09	0.8699477	-2.0145405e-17	0.22853981
1.6600066395122152e-09	-2.0082205e-09	6.3209566e-09	0.87132126	-2.0140169e-17	0.22782601
1.6625246193441112e-09	-2.99587e-09	6.4526433e-09	0.872701	-2.0134374e-17	0.22688143
1.6650426119218037e-09	-3.3909298e-09	5.9258967e-09	0.87407184	-2.0128097e-17	0.2257163
1.6675112288277305e-09	-3.6213814e-09	4.8065605e-09	0.8754184	-2.0121422e-17	0.22435291
1.6700292166709437e-09	-3.3909298e-09	4.016441e-09	0.87680525	-2.0114018e-17	0.22291692
1.6725471991554686e-09	-3.2263217e-09	4.016441e-09	0.8782168	-2.0105937e-17	0.22258586
1.6750158201586667e-09	-3.358008e-09	4.411501e-09	0.87963563	-2.0097248e-17	0.22200108
1.6775338235311353e-09	-3.6213814e-09	4.213971e-09	0.88113093	-2.0087469e-17	0.22110924
1.6800024429468982e-09	-4.0822843e-09	4.213971e-09	0.8826574	-2.0076827e-17	0.21990365
1.6825204484398015e-09	-4.213971e-09	3.8847547e-09	0.8842913	-2.0064679e-17	0.21842131
1.6850384446130344e-09	-5.135777e-09	3.358008e-09	0.8860208	-2.0050956e-17	0.21836655
1.687507072788939e-09	-5.366229e-09	2.7654186e-09	0.8878295	-2.003564e-17	0.21788922
1.6900250846490994e-09	-6.2551133e-09	2.436202e-09	0.88981426	-2.0017665e-17	0.21686001
1.6925431077872636e-09	-7.242763e-09	1.6460824e-09	0.89197016	-1.9996727e-17	0.21527919
1.6950117568479992e-09	-7.473214e-09	1.3168659e-10	0.894285	-1.9972562e-17	0.21553826
1.6975297882728069e-09	-7.308606e-09	-2.6337318e-10	0.8968939	-1.9943154e-17	0.21495445
1.7000478215273976e-09	-8.625472e-09	-1.1851794e-09	0.8998046	-1.9907496e-17	0.21339606
1.702516481978666e-09	-1.05020055e-08	-3.358008e-09	0.90300924	-1.9864547e-17	0.21402362
1.705034545499052e-09	-1.0995831e-08	-6.2551133e-09	0.9067008	-1.9809824e-17	0.21280704
1.7075032271187313e-09	-1.1226282e-08	-9.481435e-09	0.91079324	-1.97417e-17	0.21348499
1.710021301955529e-09	-1.0864144e-08	-1.3432032e-08	0.915481	-1.965193e-17	0.21250488
1.7125393807379556e-09	-1.0995831e-08	-1.8436124e-08	0.92062604	-1.9533718e-17	0.21300367
1.7150080974563723e-09	-7.967039e-09	-2.4888767e-08	0.92583364	-1.9379249e-17	0.21319446
1.7175262124276322e-09	-3.6213814e-09	-3.3711768e-08	0.93051124	-1.9167088e-17	0.21198253
1.7200443481554449e-09	4.559648e-09	-4.253477e-08	0.93264973	-1.8883445e-17	0.21088424
1.722513121576913e-09	1.7448473e-08	-4.938247e-08	0.92857116	-1.8540504e-17	0.2094586
1.7250312928262304e-09	3.5966902e-08	-5.0040907e-08	0.9125922	-1.8208728e-17	0.21807444
1.727500099754033e-09	5.6559394e-08	-3.8715857e-08	0.88372105	-1.8089624e-17	0.2457752
1.7300182820296514e-09	7.492967e-08	-2.7390811e-08	0.84941775	-1.83525e-17	0.23653336
1.7325364805458715e-09	8.5332914e-08	-3.3250864e-09	0.8153507	-1.881227e-17	0.20587558
1.7350055255614116e-09	7.5127204e-08	2.674884e-08	0.7825955	-1.9190488e-17	0.1989628
1.7375242147501134e-09	5.152238e-08	5.188452e-08	0.7517651	-1.945299e-17	0.20251082
1.7400424671070412e-09	2.3835273e-08	6.2024384e-08	0.72543114	-1.9619407e-17	0.20768858
1.7425109616340727e-09	7.2427625e-10	5.912728e-08	0.7050009	-1.9717254e-17	0.2107008
1.7450289711850199e-09	-1.4814741e-08	4.6880427e-08	0.68973345	-1.9772277e-17	0.21172686
1.7475469942034536e-09	-2.1267384e-08	3.094635e-08	0.67967516	-1.9799347e-17	0.21179748
1.7500155823136224e-09	-2.2057504e-08	1.9357929e-08	0.67443466	-1.981108e-17	0.21129104
1.7525335796969404e-09	-1.958838e-08	1.0271554e-08	0.6729502	-1.9816331e-17	0.21084437
1.7550022365445623e-09	-1.5950539e-08	4.0822843e-09	0.67450404	-1.9819901e-17	0.21112613
1.757520310935195e-09	-1.2444383e-08	1.1851794e-09	0.67868596	-1.9824902e-17	0.21150522
1.760038413774435e-09	-9.218062e-09	-6.58433e-10	0.68509424	-1.9832836e-17	0.21081075
1.7625071483681303e-09	-6.5843295e-09	-1.316866e-09	0.6930986	-1.9844124e-17	0.21170332
1.7650252559676771e-09	-4.4444226e-09	-2.7654186e-09	0.70258945	-1.9859316e-17	0.2107763
1.767543373568765e-09	-2.814801e-09	-3.555538e-09	0.71308166	-1.9878002e-17	0.21195477
1.7700121017445901e-09	-4.773639e-10	-3.555538e-09	0.72409356	-1.9899282e-17	0.21216123
1.7725302039293725e-09	8.724237e-10	-2.7654186e-09	0.7358495	-1.9923477e-17	0.21191482
1.7750483062895322e-09	1.5802392e-09	-1.6460824e-09	0.74792004	-1.9949548e-17	0.21204458
1.7775170315539718e-09	1.9094557e-09	-7.2427625e-10	0.75985193	-1.9976253e-17	0.21322489
1.7800351166293786e-09	2.1728288e-09	5.2674637e-10	0.7719159	-2.0003919e-17	0.21429175
1.7825038258776363e-09	3.1275567e-09	8.230412e-10	0.7834423	-2.0030683e-17	0.21539803
1.785021904152978e-09	3.1275567e-09	1.1851794e-09	0.79469204	-2.0056779e-17	0.21655813
1.7875399612805976e-09	3.654303e-09	2.5061604e-09	0.8052294	-2.0080842e-17	0.217639
1.7900086476654906e-09	3.555538e-09	3.6357846e-09	0.8146906	-2.0101796e-17	0.21863355
1.7925266823571197e-09	2.8641833e-09	4.469114e-09	0.82331187	-2.0120029e-17	0.22118805
1.7950447151760082e-09	2.0082205e-09	3.917676e-09	0.83081776	-2.0134938e-17	0.22266495
1.7975133542127152e-09	2.633732e-09	4.7407176e-09	0.8370984	-2.0146445e-17	0.22338206
1.8000313479997022e-09	1.8436124e-09	5.1028555e-09	0.84248453	-2.0155293e-17	0.22502172
1.802549351982475e-09	1.218101e-09	5.2016205e-09	0.84697247	-2.0161578e-17	0.22558574
1.8050179567954651e-09	1.0864144e-09	4.6748743e-09	0.8506495	-2.0165598e-17	0.22599362
1.8075359307557093e-09	9.876494e-10	4.839482e-09	0.8538118	-2.0167843e-17	0.22716556
1.8100045244473246e-09	9.218062e-10	5.0040905e-09	0.8564628	-2.0168523e-17	0.22751862
1.8125225052477848e-09	-6.5843296e-11	5.1028555e-09	0.85881615	-2.0167955e-17	0.22723992
1.8150404620663205e-09	-4.938247e-10	5.135777e-09	0.8609003	-2.0166359e-17	0.22814009
1.817509062465419e-09	-2.9629485e-10	4.2798143e-09	0.8627459	-2.0163983e-17	0.22887291
1.820027022641072e-09	-6.58433e-10	4.7736393e-09	0.86447614	-2.0160893e-17	0.2292614
1.8225449966005575e-09	-4.609031e-10	4.4773443e-09	0.8660906	-2.0157225e-17	0.22935843
1.8250135938574337e-09	-6.58433e-10	4.5431876e-09	0.86758935	-2.0153144e-17	0.22924566
1.8275315725055426e-09	-4.938247e-10	4.5761093e-09	0.8690552	-2.0148522e-17	0.22888394
1.8300001754229988e-09	-4.938247e-10	4.7407176e-09	0.8704485	-2.0143555e-17	0.22830501
1.8325181694677925e-09	-5.925897e-10	4.510266e-09	0.8718402	-2.013805e-17	0.22749695
1.8350361422544393e-09	-9.218062e-10	4.938247e-09	0.8732153	-2.013208e-17	0.22647035
1.837504756315179e-09	-9.876494e-10	4.4773443e-09	0.8745589	-2.012574e-17	0.2252476
1.8400227369245835e-09	-1.0864144e-09	4.5431876e-09	0.87593603	-2.011872e-17	0.22377133
1.8425407303607015e-09	-1.218101e-09	4.609031e-09	0.87733084	-2.0111075e-17	0.22282255
1.8450093500593122e-09	-8.230412e-10	4.4773443e-09	0.87872624	-2.0102881e-17	0.22240543
1.8475273494079853e-09	-6.255113e-10	4.7407176e-09	0.8801898	-2.0093698e-17	0.2217042
1.8500453499348806e-09	-1.0534927e-09	5.0040905e-09	0.8817069	-2.0083533e-17	0.22068976
1.8525139785240622e-09	-2.0411421e-09	4.7407176e-09	0.88325995	-2.0072438e-17	0.21934609
1.8550319746534357e-09	-2.4691236e-09	5.267464e-09	0.88492733	-2.0059737e-17	0.21844633
1.8575005960783692e-09	-2.9300267e-09	5.530837e-09	0.886662	-2.004564e-17	0.21824683
1.8600186108270778e-09	-3.8847547e-09	5.8600533e-09	0.8885553	-2.0029209e-17	0.21757439
1.862536628236663e-09	-5.1028555e-09	5.464994e-09	0.8906006	-2.00102e-17	0.21630444
1.8650052731973382e-09	-5.3991505e-09	4.6748743e-09	0.89278406	-1.9988434e-17	0.21544126
1.8675232958060735e-09	-6.5843295e-09	4.609031e-09	0.8952311	-1.996217e-17	0.21543847
1.870041327137802e-09	-7.473214e-09	3.9505976e-09	0.89794654	-1.9930614e-17	0.21444221
1.872509983845782e-09	-9.086375e-09	3.1604783e-09	0.9009225	-1.989297e-17	0.21378635
1.8750280361118775e-09	-1.0469084e-08	2.633732e-09	0.9043395	-1.9845504e-17	0.21383019
1.8775460852478144e-09	-1.3695406e-08	6.58433e-10	0.9082076	-1.9785717e-17	0.21286236
1.880014770495903e-09	-1.5341488e-08	-1.7119257e-09	0.9124901	-1.971081e-17	0.21328825
1.882532838915701e-09	-1.8205672e-08	-5.135777e-09	0.91736466	-1.9611473e-17	0.21326458
1.8850015683302356e-09	-2.1596602e-08	-1.1325047e-08	0.9225205	-1.9482846e-17	0.21225291
1.887519672799449e-09	-2.376943e-08	-1.9357929e-08	0.92773175	-1.9307117e-17	0.21258116
1.890037778585581e-09	-2.3703587e-08	-3.0419603e-08	0.931766	-1.906979e-17	0.21188165
1.892506546398132e-09	-2.1119238e-08	-4.3983324e-08	0.93214285	-1.8764683e-17	0.21033484
1.8950247036067724e-09	-1.1909407e-08	-5.8863908e-08	0.9242624	-1.840561e-17	0.21096082
1.89754286960461e-09	8.9546885e-09	-6.9003775e-08	0.90282476	-1.8126485e-17	0.2254778
1.9000116874507487e-09	3.3382552e-08	-7.0847385e-08	0.870899	-1.8142837e-17	0.25485563
1.9025298617314923e-09	5.7942103e-08	-6.966221e-08	0.8366308	-1.8521658e-17	0.22158028
1.9050481190378802e-09	7.95387e-08	-4.6880427e-08	0.80266756	-1.8971424e-17	0.20100309
1.9075172762466526e-09	8.447695e-08	-1.0156328e-08	0.77061677	-1.9302293e-17	0.19938935
1.9100359280579983e-09	7.4180704e-08	2.35719e-08	0.7412903	-1.9524899e-17	0.20438497
1.912504546212535e-09	5.4748703e-08	4.4773444e-08	0.71738595	-1.966111e-17	0.20840885
1.9150224563880402e-09	3.2098608e-08	5.2279578e-08	0.6986428	-1.9742161e-17	0.21099156
1.9175404813676787e-09	1.2444383e-08	4.8987413e-08	0.68536997	-1.9784911e-17	0.21087456
1.920009123284996e-09	-1.0534927e-09	3.9374292e-08	0.6772843	-1.9804783e-17	0.21173055
1.9225270991372914e-09	-8.477325e-09	2.9629483e-08	0.673472	-1.9813508e-17	0.21104108
1.9250451001412177e-09	-1.0979369e-08	1.9621302e-08	0.6732227	-1.9817686e-17	0.21088111
1.9275137697985056e-09	-1.0962909e-08	1.3036973e-08	0.67578447	-1.9821507e-17	0.2113172
1.9300318582966066e-09	-1.0543158e-08	9.218062e-09	0.68085086	-1.9827481e-17	0.21143566
1.932500590417598e-09	-8.567859e-09	6.716016e-09	0.6878212	-1.983651e-17	0.21075691
1.9350187013721402e-09	-7.901195e-09	4.4773443e-09	0.6965198	-1.9849392e-17	0.21176627
1.937536822827173e-09	-6.6419426e-09	2.7654186e-09	0.7064204	-1.9865934e-17	0.21155803
1.940005545127668e-09	-5.333307e-09	1.4485525e-09	0.71700025	-1.9885397e-17	0.2113618
1.9425236721541368e-09	-3.6213814e-09	5.2674637e-10	0.72844994	-1.9908092e-17	0.21228941
1.945041788022202e-09	-2.9794092e-09	1.3168659e-10	0.7403492	-1.9933068e-17	0.2127297
1.9475104964831053e-09	-2.4526627e-09	-1.3168659e-10	0.7522432	-1.995913e-17	0.21291284
1.950028595746606e-09	-1.0534927e-09	4.609031e-10	0.7643979	-1.998662e-17	0.21309921
1.9525466907864202e-09	6.5843296e-11	8.230412e-10	0.7763691	-2.0014239e-17	0.21361943
1.9550153902853013e-09	8.5596286e-10	1.5143958e-09	0.78773034	-2.0040652e-17	0.21530348
1.9575334586519372e-09	1.1522577e-09	2.1810591e-09	0.79873616	-2.006608e-17	0.21703362
1.9600021376220607e-09	1.6460824e-09	3.063771e-09	0.8087657	-2.0088768e-17	0.21869838
1.96252018475366e-09	2.2715938e-09	3.2510128e-09	0.8180499	-2.0109017e-17	0.21996485
1.9650382309129752e-09	2.4032802e-09	3.6378422e-09	0.82625777	-2.0126006e-17	0.22097929
1.967506872587795e-09	2.7983402e-09	4.4444226e-09	0.8332143	-2.0139456e-17	0.22332421
1.9700248704454746e-09	3.456773e-09	4.872404e-09	0.83923197	-2.0150087e-17	0.2235405
1.9725428734375637e-09	3.6872247e-09	5.99174e-09	0.8442641	-2.0157932e-17	0.22546767
1.9750114872642147e-09	3.456773e-09	7.4073707e-09	0.84837973	-2.0163264e-17	0.22537325
1.9775294698286477e-09	2.0082205e-09	7.308606e-09	0.85189706	-2.0166642e-17	0.22655633
1.9800474325856313e-09	9.547279e-10	7.143998e-09	0.8548718	-2.0168263e-17	0.22738937
1.9825160225801248e-09	3.950598e-10	7.242763e-09	0.8573814	-2.0168443e-17	0.22747739
1.985033985503818e-09	4.2798143e-10	6.2551133e-09	0.8596249	-2.0167464e-17	0.22753659
1.987502591225783e-09	-3.2921648e-11	6.18927e-09	0.8615889	-2.0165583e-17	0.2284356
1.990020575176035e-09	-5.2674637e-10	6.7818595e-09	0.86341035	-2.01629e-17	0.22906068
1.9925385343617714e-09	-4.938247e-10	6.7818595e-09	0.86509305	-2.0159583e-17	0.2293217
1.9950071337960037e-09	-8.888845e-10	6.2551133e-09	0.8666419	-2.0155799e-17	0.2293469
1.9975250990823042e-09	-1.2510226e-09	6.3209566e-09	0.86814535	-2.0151463e-17	0.22913757
2e-09	-1.9094557e-09	5.530837e-09	0.86956793	-2.0146758e-17	0.22869761
