# t (s)	mx ()	my ()	mz ()	E_total (J)	MaxAngle (rad)
0	1.057608e-09	7.2427625e-10	0.9795362	-2.0725771e-17	0.2662736
2.521361540894311e-12	5.967049e-10	7.7365875e-10	0.97465837	-2.0706956e-17	0.24788925
5.048480941600755e-12	2.4691235e-10	1.1522577e-09	0.97066414	-2.0672625e-17	0.2386336
7.522112050763384e-12	-2.7983402e-10	1.0534927e-09	0.9679717	-2.062771e-17	0.23586856
1.004428193229e-11	-4.9382474e-11	5.925897e-10	0.9668841	-2.0574556e-17	0.23385665
1.251609438902968e-11	-1.3168659e-10	-3.2921648e-11	0.9676371	-2.0519371e-17	0.23484255
1.5036654199186838e-11	5.925897e-10	1.975299e-10	0.97019225	-2.0462744e-17	0.23510064
1.7507295399614468e-11	6.5843296e-11	2.6337318e-10	0.97418743	-2.0407846e-17	0.24005869
2.0026973040077464e-11	-6.5843296e-11	-4.609031e-10	0.97929776	-2.0352043e-17	0.25178647
2.2546334558306397e-11	8.5596286e-10	-7.901196e-10	0.9845518	-2.0294928e-17	0.30832487
2.5016106972527402e-11	1.0864144e-09	-9.218062e-10	0.9879506	-2.0239005e-17	0.57348305
2.7535142224245565e-11	1.9752988e-09	-6.58433e-10	0.98523045	-2.0205092e-17	0.40663555
3.000466155228029e-11	2.3703588e-09	4.609031e-10	0.9720119	-2.0240466e-17	0.21898064
3.252343656770867e-11	2.2386721e-09	1.4485525e-09	0.949694	-2.0332965e-17	0.21728012
3.5042115295333925e-11	1.1851794e-09	2.633732e-09	0.9245724	-2.0400345e-17	0.21783352
3.751130024402071e-11	7.571979e-10	1.0534927e-09	0.9025589	-2.0414227e-17	0.2207031
4.0029743144364895e-11	1.0699536e-09	9.876494e-10	0.88561803	-2.0393107e-17	0.22053696
4.254796681919101e-11	8.6007806e-10	4.609031e-10	0.8741683	-2.0363613e-17	0.21852304
4.5016693668650286e-11	1.2016401e-09	9.876495e-11	0.867229	-2.0335928e-17	0.21999025
4.7534798810877406e-11	1.4897046e-09	-2.9629485e-10	0.8634759	-2.0310295e-17	0.2200031
5.000355474795722e-11	1.8106907e-09	-4.609031e-10	0.8621724	-2.0288487e-17	0.22028068
5.2521691832151177e-11	2.3703588e-09	-5.2674637e-10	0.86253	-2.0270258e-17	0.22092734
5.50398084092042e-11	2.9629483e-09	0	0.8640351	-2.0255953e-17	0.22159006
5.750854130076353e-11	3.2263217e-09	6.58433e-10	0.86621946	-2.0244953e-17	0.22197835
6.002664952992166e-11	3.8189114e-09	9.876494e-10	0.8688929	-2.0235776e-17	0.22173998
6.254472987130034e-11	3.4403123e-09	1.3497876e-09	0.8718632	-2.0227686e-17	0.22056065
6.501346728531271e-11	3.8189114e-09	1.9423774e-09	0.87498367	-2.0220091e-17	0.21827959
6.753157740128206e-11	3.654303e-09	1.9752988e-09	0.87832576	-2.0212128e-17	0.21814138
7.00002983444004e-11	3.654303e-09	2.1069855e-09	0.8817279	-2.020369e-17	0.21671979
7.251840736841728e-11	3.8847547e-09	2.633732e-09	0.8853269	-2.0194023e-17	0.21576248
7.503652506218751e-11	4.5431876e-09	3.9505976e-09	0.889087	-2.0182873e-17	0.21515974
7.750526491577204e-11	4.2468926e-09	4.7407176e-09	0.89297897	-2.0170048e-17	0.21399865
8.002336937469893e-11	3.753068e-09	5.464994e-09	0.89721906	-2.01545e-17	0.2140211
8.254148994256444e-11	3.753068e-09	6.650173e-09	0.9018039	-2.013582e-17	0.21345404
8.501022606540831e-11	2.897105e-09	8.230412e-09	0.90671504	-2.0113712e-17	0.21325897
8.752834403028548e-11	9.218062e-10	8.559629e-09	0.91224617	-2.0086357e-17	0.21399136
9.00464767047846e-11	-1.1851794e-09	8.625472e-09	0.91840935	-2.0052992e-17	0.21426708
9.251524192262018e-11	-2.8312617e-09	8.9546885e-09	0.92515796	-2.0013086e-17	0.21467176
9.503338260424797e-11	-5.069934e-09	8.823002e-09	0.9328141	-1.9963286e-17	0.21564692
9.750216466183877e-11	-8.098725e-09	8.032882e-09	0.94102764	-1.9903134e-17	0.21657394
1.0002031921323657e-10	-1.2049323e-08	5.530837e-09	0.94986373	-1.9825997e-17	0.21551262
1.0253848500389103e-10	-1.5539019e-08	6.58433e-10	0.9584632	-1.9724792e-17	0.21555053
1.0500728813939372e-10	-1.7250944e-08	-5.79421e-09	0.9650965	-1.9589286e-17	0.2121932
1.0752548955859872e-10	-1.6942304e-08	-1.5143959e-08	0.96645504	-1.9411128e-17	0.20468548
1.1004367294922249e-10	-1.06172315e-08	-2.3440213e-08	0.9559558	-1.9273477e-17	0.20490706
1.1251247156436708e-10	1.3827093e-09	-2.7259125e-08	0.9300648	-1.932822e-17	0.21833739
1.1503064745591283e-10	1.3366189e-08	-2.3440213e-08	0.8941855	-1.9547692e-17	0.2322871
1.1754882639841517e-10	2.1859975e-08	-1.5539019e-08	0.8617301	-1.9780691e-17	0.22972412
1.2001771573944942e-10	2.4822922e-08	-6.5020256e-09	0.8370934	-1.994715e-17	0.20882702
1.2253615460927396e-10	2.5185061e-08	3.4073906e-09	0.81782997	-2.004954e-17	0.20502156
1.2500475840431467e-10	2.0032823e-08	1.0785955e-08	0.8040506	-2.0101098e-17	0.20697135
1.2752269674945954e-10	1.4501986e-08	1.4459805e-08	0.7947327	-2.0123453e-17	0.21085034
1.3004076892718385e-10	8.559629e-09	1.5736548e-08	0.7895576	-2.0129903e-17	0.21198595
1.3250952988661537e-10	3.8682937e-09	1.4168655e-08	0.78777105	-2.0130018e-17	0.21319221
1.35027631152059e-10	1.4485525e-09	1.1283895e-08	0.7887186	-2.0129091e-17	0.21306793
1.375457357811109e-10	-6.707786e-10	9.415592e-09	0.7918278	-2.0129619e-17	0.21314853
1.400144592794399e-10	-7.901196e-10	7.3518156e-09	0.7963745	-2.0132423e-17	0.21426877
1.4253259823966556e-10	-9.79419e-10	6.014374e-09	0.80213493	-2.01377e-17	0.21397732
1.4500136525255106e-10	-7.571979e-10	5.323019e-09	0.8085898	-2.0144907e-17	0.2156369
1.4751951447248855e-10	-9.876495e-11	4.504093e-09	0.81566864	-2.0153763e-17	0.2153124
1.5003767382044227e-10	3.1275565e-10	3.7612984e-09	0.8229074	-2.016343e-17	0.21746805
1.5250642961895764e-10	9.876494e-10	3.4238514e-09	0.82989395	-2.0173021e-17	0.2180061
1.550245779078039e-10	1.3497876e-09	3.670764e-09	0.83672667	-2.0182276e-17	0.21902536
1.575427105867711e-10	2.6008102e-09	3.5061556e-09	0.84315187	-2.0190503e-17	0.22014917
1.6001146132174535e-10	2.8641833e-09	3.7859897e-09	0.84899706	-2.0197226e-17	0.22023785
1.6252958142093173e-10	2.6008102e-09	4.872404e-09	0.85448	-2.0202484e-17	0.2213966
1.6504769510297027e-10	2.0411421e-09	5.3003855e-09	0.85950524	-2.0206032e-17	0.22125785
1.6751644069547492e-10	2.0082205e-09	5.366229e-09	0.86404574	-2.0207804e-17	0.22185269
1.7003454562069124e-10	7.2427625e-10	6.0246617e-09	0.86836195	-2.0207859e-17	0.22200352
1.7250327961155638e-10	5.2674637e-10	5.037012e-09	0.8723663	-2.0206194e-17	0.22037779
1.7502139002288472e-10	1.0534927e-09	5.0040905e-09	0.87629884	-2.0202748e-17	0.21830243
1.7753949025444773e-10	1.7448474e-09	6.650173e-09	0.88015306	-2.0197499e-17	0.21749431
1.8000821180443386e-10	1.1028752e-09	7.1769195e-09	0.88392466	-2.0190513e-17	0.2154538
1.825263280597711e-10	-1.975299e-10	8.230412e-09	0.8878345	-2.018133e-17	0.21548976
1.8504444138391718e-10	-1.3827093e-09	7.967039e-09	0.89188063	-2.0169822e-17	0.2135539
1.8751317677223796e-10	-1.8436124e-09	7.7695095e-09	0.89605516	-2.015591e-17	0.21421325
1.9003129705148603e-10	-3.1604783e-09	8.296255e-09	0.90060866	-2.0138544e-17	0.21295346
1.9250003883210825e-10	-4.839482e-09	8.888845e-09	0.9054527	-2.0117752e-17	0.21362054
1.9501816960556578e-10	-6.4197216e-09	7.703666e-09	0.91088265	-2.0091848e-17	0.21379367
1.9753629479719228e-10	-8.164569e-09	6.0575833e-09	0.9169143	-2.0060134e-17	0.21356656
2.0000505459028176e-10	-1.0436163e-08	4.609031e-09	0.92351013	-2.0022112e-17	0.2136734
2.02523197248307e-10	-1.3201581e-08	2.8312617e-09	0.9310004	-1.9974623e-17	0.21450746
2.0504134662448697e-10	-1.5308567e-08	-7.901196e-10	0.9392408	-1.9916066e-17	0.21607158
2.075101433871194e-10	-1.6065764e-08	-6.5843295e-09	0.9478495	-1.9844293e-17	0.2166771
2.100283104080016e-10	-1.5539019e-08	-1.3432032e-08	0.956601	-1.9749435e-17	0.21602848
2.125464962270037e-10	-1.0995831e-08	-2.1662444e-08	0.9639702	-1.9620304e-17	0.21241102
2.1501529131463575e-10	-3.9999803e-09	-2.9629483e-08	0.96689314	-1.9451736e-17	0.20639072
2.1753347516673999e-10	8.921766e-09	-3.397514e-08	0.9596419	-1.9290667e-17	0.20307134
2.2000229115640442e-10	2.3999881e-08	-2.8839365e-08	0.9371405	-1.9296205e-17	0.2151832
2.2252047373287133e-10	3.4370203e-08	-1.5539019e-08	0.9022683	-1.9491449e-17	0.22928213
2.2503863714551403e-10	3.595044e-08	-9.218062e-10	0.8682434	-1.9732668e-17	0.23393457
2.2750750588034416e-10	3.2592432e-08	1.2016402e-08	0.842115	-1.9914906e-17	0.21241781
2.300259210567658e-10	2.4065725e-08	2.2364087e-08	0.8216056	-2.0031447e-17	0.2051275
2.325440183913404e-10	1.2839443e-08	2.816447e-08	0.80645865	-2.0093087e-17	0.20675021
2.3501253900165973e-10	2.617271e-09	2.7376409e-08	0.79636186	-2.012003e-17	0.21026629
2.3753060980943515e-10	-4.946478e-09	2.2386722e-08	0.79032576	-2.0129056e-17	0.2114311
2.4004872915958485e-10	-7.596671e-09	1.5884696e-08	0.7878301	-2.0129996e-17	0.21310627
2.425174503348801e-10	-7.835352e-09	9.897071e-09	0.78821975	-2.0129038e-17	0.21318544
2.4503553787934434e-10	-7.012311e-09	5.6625233e-09	0.79090476	-2.0129123e-17	0.21279266
2.4750425791222837e-10	-6.1234267e-09	3.4053331e-09	0.79515576	-2.013139e-17	0.21408002
2.5002237668308824e-10	-4.1810493e-09	2.8374345e-09	0.8006911	-2.0136149e-17	0.21424185
2.5254054397538956e-10	-2.8641833e-09	3.1440175e-09	0.80712587	-2.0143102e-17	0.21531714
2.550093140954292e-10	-1.7448474e-09	2.5431974e-09	0.8139938	-2.0151526e-17	0.21562324
2.5752745786275125e-10	-1.316866e-09	2.374474e-09	0.8212282	-2.0161096e-17	0.21728732
2.6004559280600906e-10	-1.218101e-09	2.732497e-09	0.8284016	-2.0170923e-17	0.21731164
2.6251435063145944e-10	-5.925897e-10	3.1769392e-09	0.8351791	-2.0180175e-17	0.21911806
2.650324851788415e-10	1.6460824e-10	2.9464875e-09	0.8417075	-2.0188688e-17	0.21967646
2.675012419303261e-10	1.0864144e-09	2.9629483e-09	0.84766304	-2.0195752e-17	0.22048356
2.7001935988860856e-10	1.3497876e-09	3.5884598e-09	0.85325795	-2.0201403e-17	0.22106874
2.7253746662661997e-10	8.39502e-10	5.069934e-09	0.8583852	-2.0205354e-17	0.2215019
2.7500619696593527e-10	7.571979e-10	5.464994e-09	0.8630096	-2.0207531e-17	0.221583
2.7752430906839074e-10	2.9629485e-10	6.1563483e-09	0.86739206	-2.0207993e-17	0.2221345
2.800424011630829e-10	-1.975299e-10	6.2551133e-09	0.87152123	-2.0206687e-17	0.22086832
2.825111323338627e-10	6.5843296e-11	5.79421e-09	0.8754035	-2.0203695e-17	0.21824545
2.850292346070001e-10	-6.58433e-10	6.2551133e-09	0.8792694	-2.0198869e-17	0.21783379
2.875473357337707e-10	-1.4485525e-09	6.847703e-09	0.88311225	-2.019217e-17	0.21567701
2.9001606283795305e-10	-3.1604783e-09	6.716016e-09	0.88692576	-2.0183635e-17	0.21565028
2.9253416767355953e-10	-3.094635e-09	5.79421e-09	0.8909338	-2.0172692e-17	0.21414933
2.950028997810906e-10	-2.6995752e-09	5.8600533e-09	0.895053	-2.015943e-17	0.21426427
2.9752101440449923e-10	-3.358008e-09	6.3868e-09	0.89953005	-2.0142854e-17	0.21297066
3.000391189892366e-10	-5.3991505e-09	5.9258967e-09	0.9043765	-2.0122566e-17	0.21376473
3.02507853672892e-10	-7.242763e-09	5.464994e-09	0.9095842	-2.0098279e-17	0.21335076
3.050259811143636e-10	-8.9546885e-09	4.872404e-09	0.9154679	-2.0068007e-17	0.21321164
3.075441092645433e-10	-1.0205711e-08	1.8600731e-09	0.9220334	-2.0030921e-17	0.21433574
3.1001286968670293e-10	-1.1226282e-08	0	0.9292083	-1.9986429e-17	0.21514773
3.1253101418661524e-10	-1.257607e-08	-4.213971e-09	0.9372853	-1.9930679e-17	0.21528143
3.150491647464902e-10	-1.2411461e-08	-8.691315e-09	0.9459775	-1.9861167e-17	0.21660943
3.175179588618788e-10	-1.1456733e-08	-1.5539019e-08	0.9546424	-1.977375e-17	0.21551819
3.200361323196645e-10	-6.0246617e-09	-2.2386722e-08	0.96251786	-1.965383e-17	0.21407975
3.2250492724773365e-10	2.4855844e-09	-2.9102738e-08	0.9668431	-1.949423e-17	0.20776458
3.250230987797963e-10	1.6032843e-08	-3.1341408e-08	0.96260154	-1.9318883e-17	0.20249778
3.275412876553587e-10	2.9794093e-08	-2.3703587e-08	0.9432582	-1.9276218e-17	0.21205957
3.3001008248536995e-10	3.670764e-08	-8.164569e-09	0.91072744	-1.9436478e-17	0.22515951
3.325282392127839e-10	3.5818754e-08	5.7283667e-09	0.8754247	-1.9680504e-17	0.23567261
3.3504644516475275e-10	3.0617134e-08	1.7448473e-08	0.8471724	-1.9881615e-17	0.21531129
3.3751546044622504e-10	2.1036934e-08	2.7080114e-08	0.8258317	-2.0010273e-17	0.20482296
3.400336727941637e-10	7.967039e-09	2.992578e-08	0.80949223	-2.0082647e-17	0.20608307
3.4250216652924326e-10	-1.8518427e-09	2.6732378e-08	0.7983347	-2.0115793e-17	0.20937143
3.4502016929791846e-10	-8.353869e-09	2.0382616e-08	0.7913733	-2.0128004e-17	0.21141379
3.475382849485745e-10	-1.1226282e-08	1.4024622e-08	0.7881262	-2.0130112e-17	0.2129168
3.5000700981997084e-10	-1.037032e-08	8.119302e-09	0.7879048	-2.0129238e-17	0.2132477
3.525250834847787e-10	-7.930002e-09	4.571994e-09	0.79011804	-2.0128927e-17	0.21265574
3.5504315391660215e-10	-5.8600533e-09	2.8641833e-09	0.7941333	-2.01307e-17	0.213858
3.575118946763087e-10	-5.069934e-09	2.1728288e-09	0.7993271	-2.0134842e-17	0.21437302
3.6003003014550244e-10	-3.555538e-09	2.1213886e-09	0.8055817	-2.0141332e-17	0.21482979
3.625481719394799e-10	-2.2715938e-09	1.0226288e-09	0.8124893	-2.0149615e-17	0.21582012
3.6501692361747085e-10	-9.876494e-10	9.0123015e-10	0.8195595	-2.0158846e-17	0.2169118
3.675350516478422e-10	-4.938247e-10	1.8271515e-09	0.8267684	-2.0168678e-17	0.21711333
3.7000379886996224e-10	1.975299e-10	2.2880546e-09	0.8336183	-2.0178069e-17	0.21901575
3.7252193588712045e-10	1.6460824e-10	2.3045155e-09	0.84024405	-2.0186833e-17	0.2190248
3.7504004854363655e-10	9.547279e-10	2.2057505e-09	0.8464232	-2.0194359e-17	0.22056992
3.775087900111757e-10	1.1193361e-09	3.4896948e-09	0.8520132	-2.0200249e-17	0.2206165
3.8002687893462264e-10	2.0246813e-09	4.411501e-09	0.8572444	-2.02046e-17	0.22162367
3.825449836761588e-10	1.2510226e-09	6.18927e-09	0.8620466	-2.0207208e-17	0.22123557
3.850136909503222e-10	4.938247e-10	5.432072e-09	0.8664089	-2.0208046e-17	0.22216454
3.8753178450410455e-10	-1.3168659e-10	5.234542e-09	0.87058896	-2.0207147e-17	0.2213176
3.900004912131822e-10	-5.2674637e-10	4.411501e-09	0.87450296	-2.0204552e-17	0.21878299
3.9251856187602366e-10	-9.218062e-10	5.0040905e-09	0.87838423	-2.0200141e-17	0.21808077
3.95036647202705e-10	-1.3827093e-09	5.530837e-09	0.88222605	-2.0193884e-17	0.21633165
3.97505357132008e-10	-3.094635e-09	5.6625233e-09	0.8860226	-2.0185822e-17	0.21570736
4.000234262534709e-10	-3.654303e-09	4.609031e-09	0.8899967	-2.0175426e-17	0.21468464
4.025415125169763e-10	-2.9629483e-09	4.016441e-09	0.8941484	-2.0162513e-17	0.21419418
4.050102173563468e-10	-2.7654186e-09	3.8847547e-09	0.8984701	-2.0146971e-17	0.21352662
4.075283113748119e-10	-3.4896948e-09	4.016441e-09	0.90322286	-2.0127606e-17	0.21373045
4.1004639629645606e-10	-4.7407176e-09	4.411501e-09	0.90842223	-2.010391e-17	0.21274015
4.125151082775632e-10	-6.913546e-09	4.1481276e-09	0.9140564	-2.0075531e-17	0.21375714
4.1503321480332257e-10	-9.283905e-09	2.3045155e-09	0.92045635	-2.0040141e-17	0.21459313
4.175019437033303e-10	-1.0271554e-08	-1.2510226e-09	0.9274553	-1.9997695e-17	0.215347
4.200200611400588e-10	-1.0205711e-08	-4.872404e-09	0.93536174	-1.9944584e-17	0.21599956
4.225381816941158e-10	-9.5472785e-09	-8.230412e-09	0.94393873	-1.9878647e-17	0.2154694
4.250069396783781e-10	-8.888845e-09	-1.2641913e-08	0.9526362	-1.9796474e-17	0.21663523
4.275250797272022e-10	-5.5966805e-09	-1.817275e-08	0.9608891	-1.9684976e-17	0.21480379
4.3004322787172385e-10	4.773639e-10	-2.3308527e-08	0.9664014	-1.9531983e-17	0.20977111
4.3251198719430134e-10	1.0246863e-08	-2.6864065e-08	0.96472794	-1.9354423e-17	0.2037158
4.350301418202853e-10	2.2452564e-08	-2.2255035e-08	0.9491941	-1.9266006e-17	0.20845206
4.3754828881547544e-10	3.0682976e-08	-1.0798301e-08	0.9183845	-1.9389926e-17	0.22186948
4.4001705883601706e-10	3.1209723e-08	1.8436124e-09	0.88304734	-1.9625436e-17	0.23554187
4.4253521817330987e-10	2.8575991e-08	1.1357969e-08	0.8530345	-1.9841462e-17	0.22082505
4.450041701504698e-10	2.1333229e-08	1.9859984e-08	0.83035296	-1.998587e-17	0.20686981
4.4752248641533976e-10	1.0600771e-08	2.5431973e-08	0.8127959	-2.0070148e-17	0.20486046
4.5004028110601114e-10	3.1275565e-10	2.4781771e-08	0.8003512	-2.0110916e-17	0.20822412
4.5250888210083496e-10	-6.168694e-09	1.9357929e-08	0.7926187	-2.0126431e-17	0.21128677
4.550269444832945e-10	-9.327114e-09	1.2897056e-08	0.78858393	-2.0130085e-17	0.21262579
4.5754501759077725e-10	-9.135758e-09	6.954698e-09	0.7877311	-2.0129458e-17	0.21326657
4.600136973086936e-10	-6.6830945e-09	4.213971e-09	0.7894248	-2.0128845e-17	0.21287026
4.6253175022919375e-10	-4.312736e-09	1.689292e-09	0.79307866	-2.0130074e-17	0.21356769
4.650004513667028e-10	-2.6995752e-09	1.5843543e-09	0.7980121	-2.0133659e-17	0.21439207
4.675185333952027e-10	-1.1193361e-09	1.5473175e-09	0.80406976	-2.0139654e-17	0.21420962
4.70036643337319e-10	-8.888845e-10	1.1913521e-09	0.8108573	-2.014758e-17	0.21586521
4.725053757145689e-10	-1.2510226e-09	1.0864144e-09	0.81788754	-2.0156611e-17	0.21634637
4.75023492030348e-10	1.3168659e-10	1.2674835e-09	0.8251199	-2.0166409e-17	0.2173998
4.775415784252203e-10	1.3827093e-09	1.9012252e-09	0.8321705	-2.0176097e-17	0.21874921
4.800102943486039e-10	1.316866e-09	3.0123308e-09	0.8387538	-2.018491e-17	0.21861047
4.825283928680321e-10	1.1522577e-09	3.8847547e-09	0.84504074	-2.0192751e-17	0.22050536
4.850464722521463e-10	1.6131608e-09	3.6872247e-09	0.85084957	-2.0199114e-17	0.22010331
4.875151661982695e-10	1.9423774e-09	3.0287917e-09	0.8560783	-2.020375e-17	0.22161743
4.900332108259889e-10	1.6954649e-09	4.7407176e-09	0.86097366	-2.0206758e-17	0.22074775
4.925019079442506e-10	1.975299e-10	5.530837e-09	0.86540926	-2.0208e-17	0.22209093
4.950199609073841e-10	-6.58433e-10	5.7612883e-09	0.8696445	-2.0207513e-17	0.2216741
4.975380008062566e-10	-6.255113e-10	5.8600533e-09	0.87367195	-2.0205255e-17	0.21946439
5.000066787098027e-10	-1.7448474e-09	5.135777e-09	0.87749505	-2.0201317e-17	0.21823747
5.025247265211847e-10	-1.3827093e-09	2.1069855e-09	0.8813396	-2.0195499e-17	0.21689159
5.050427780316102e-10	-2.3045155e-10	2.436202e-09	0.8851993	-2.018773e-17	0.21567115
5.075114565408463e-10	2.9629485e-10	5.069934e-09	0.88906693	-2.0178034e-17	0.21510391
5.100295073258541e-10	-1.7119257e-09	5.464994e-09	0.8931707	-2.0165734e-17	0.21399865
5.125475507735568e-10	-3.3909298e-09	5.7283667e-09	0.89751434	-2.0150586e-17	0.21389534
5.150162463500666e-10	-4.971169e-09	6.4526433e-09	0.9020904	-2.0132426e-17	0.21351114
5.175343072355159e-10	-7.209841e-09	5.069934e-09	0.9071773	-2.0109808e-17	0.21302903
5.2000301066074e-10	-7.506136e-09	2.2386721e-09	0.9126771	-2.0082726e-17	0.21397227
5.225210925855273e-10	-7.473214e-09	1.8436124e-09	0.91891605	-2.0048956e-17	0.21441168
5.25039173192552e-10	-9.053453e-09	1.4485525e-09	0.9258846	-2.0007572e-17	0.21499525
5.275078934157224e-10	-1.037032e-08	-5.2674637e-10	0.93347085	-1.9957848e-17	0.21587744
5.300259903729895e-10	-1.0403241e-08	-4.213971e-09	0.9419134	-1.989522e-17	0.21649098
5.325441078690292e-10	-8.625472e-09	-7.111076e-09	0.95077145	-1.981603e-17	0.21618582
5.350128588991499e-10	-6.716016e-09	-1.0962909e-08	0.9591217	-1.9713916e-17	0.21491085
5.375309885789135e-10	-3.456773e-09	-1.4353839e-08	0.9655602	-1.9571373e-17	0.21163097
5.400491303954407e-10	1.8477275e-09	-1.7119257e-08	0.96600705	-1.9391147e-17	0.2043659
5.425178855994987e-10	9.810651e-09	-1.7514317e-08	0.9542703	-1.9268507e-17	0.2054512
5.450360245305325e-10	1.8913488e-08	-1.4090466e-08	0.9264823	-1.9345104e-17	0.21882172
5.475047743939691e-10	2.317684e-08	-4.4773443e-09	0.89107966	-1.9568312e-17	0.2346655
5.500229149411644e-10	2.3703587e-08	2.7654186e-09	0.8592736	-1.979739e-17	0.22711025
5.525412047639467e-10	2.034558e-08	1.037032e-08	0.8347573	-1.9960485e-17	0.20794338
5.550101984082624e-10	1.3728328e-08	1.7547238e-08	0.8163782	-2.0055331e-17	0.20479923
5.575280396252125e-10	4.411501e-09	2.0008132e-08	0.80279464	-2.0104315e-17	0.20693886
5.600459284147223e-10	-2.6913447e-09	1.6501977e-08	0.79394174	-2.0124436e-17	0.21103397
5.625145892802847e-10	-6.909431e-09	1.0958794e-08	0.7892111	-2.0129846e-17	0.2122034
5.650326441599339e-10	-6.5184866e-09	6.3621086e-09	0.78767484	-2.012971e-17	0.21323869
5.675012918946357e-10	-3.9670587e-09	4.032902e-09	0.78883356	-2.0128866e-17	0.21303524
5.700193186728399e-10	-2.2715938e-09	1.9547228e-09	0.7920951	-2.0129584e-17	0.21324572
5.72537383911019e-10	-5.925897e-10	2.3775604e-09	0.7968549	-2.0132684e-17	0.21432315
5.750060853750041e-10	-4.4444226e-10	2.8415499e-09	0.80259454	-2.0138081e-17	0.2138712
5.775241610155623e-10	-5.5966803e-10	2.3209763e-09	0.809243	-2.014561e-17	0.21573882
5.800422396177647e-10	-5.925897e-10	1.3148084e-09	0.81635755	-2.0154593e-17	0.21566753
5.825109511245545e-10	7.571979e-10	9.403246e-10	0.8234585	-2.0164135e-17	0.2174849
5.850290361005178e-10	1.5473175e-09	1.6296217e-09	0.830568	-2.0173903e-17	0.21826693
5.875471015407372e-10	2.0740638e-09	2.2880546e-09	0.8373676	-2.018309e-17	0.21893206
5.900157797673378e-10	1.876534e-09	3.2592433e-09	0.8436303	-2.019106e-17	0.2202695
5.925338458666621e-10	2.3374371e-09	3.358008e-09	0.84955126	-2.0197787e-17	0.2200902
5.950025362806256e-10	3.1934e-09	2.2386721e-09	0.85488683	-2.0202806e-17	0.22147666
5.975205759580186e-10	3.7201462e-09	4.2798143e-09	0.8598792	-2.020622e-17	0.22114782
6.000386128871583e-10	2.6008102e-09	5.069934e-09	0.86447966	-2.0207875e-17	0.22193529
6.025072707459869e-10	1.4156308e-09	4.839482e-09	0.8686878	-2.0207781e-17	0.22193693
6.050252979156061e-10	1.2510226e-09	3.358008e-09	0.8727559	-2.0205935e-17	0.22012624
6.075433217436185e-10	1.9752988e-09	4.872404e-09	0.8766777	-2.0202313e-17	0.21829996
6.100119830036296e-10	1.777769e-09	4.7407176e-09	0.8804528	-2.019701e-17	0.21735808
6.125300217836037e-10	1.8271515e-09	4.7407176e-09	0.8843026	-2.0189705e-17	0.21553937
6.150480517794153e-10	1.316866e-09	6.2551133e-09	0.88822246	-2.0180312e-17	0.21538939
6.175167088083374e-10	6.58433e-10	7.703666e-09	0.89220434	-2.0168812e-17	0.2136852
6.200347476543574e-10	-1.9094557e-09	7.901195e-09	0.89648503	-2.0154365e-17	0.21415016
6.225034184910841e-10	-3.2921648e-09	7.967039e-09	0.900979	-2.0137035e-17	0.21312177
6.250214637668154e-10	-5.069934e-09	6.8312422e-09	0.90595907	-2.0115448e-17	0.21349342
6.275395167857652e-10	-6.4197216e-09	6.3868e-09	0.9114428	-2.0089032e-17	0.21390434
6.300082089136368e-10	-7.604901e-09	6.3868e-09	0.91741264	-2.005738e-17	0.21384002
6.325262735440439e-10	-9.481435e-09	4.938247e-09	0.9242059	-2.0017897e-17	0.21409546
6.35044355215315e-10	-1.1160439e-08	2.5678886e-09	0.9317721	-1.9969447e-17	0.21507487
6.375130669265229e-10	-1.4287996e-08	-3.950598e-10	0.9399095	-1.991095e-17	0.21634164
6.400311657895968e-10	-1.6065764e-08	-5.9258967e-09	0.9487171	-1.9836165e-17	0.21630277
6.425492794644561e-10	-1.5341488e-08	-1.3168659e-08	0.9574115	-1.9738607e-17	0.21603434
6.450180249583521e-10	-1.2213931e-08	-2.1333229e-08	0.96441346	-1.9608407e-17	0.21246248
6.475361577892519e-10	-4.3456576e-09	-3.0682976e-08	0.9667576	-1.9433613e-17	0.20562147
6.500049207283809e-10	8.7571586e-09	-3.4501888e-08	0.9584431	-1.9283225e-17	0.2035817
6.525230450917582e-10	2.4296178e-08	-2.7390811e-08	0.9341109	-1.9308604e-17	0.21631028
6.550411784452476e-10	3.331671e-08	-1.3432032e-08	0.89870584	-1.9515487e-17	0.23179747
6.575099163719178e-10	3.4238514e-08	-9.876494e-10	0.8659167	-1.9749544e-17	0.23290046
6.60028152269449e-10	3.1078038e-08	1.1193361e-08	0.8398693	-1.9929205e-17	0.21097049
6.625465612488423e-10	2.2518408e-08	2.118508e-08	0.81990445	-2.0039506e-17	0.20515501
6.650151166755925e-10	1.237854e-08	2.576119e-08	0.80549425	-2.0096193e-17	0.20686604
6.675329391049401e-10	2.5843494e-09	2.4227248e-08	0.7955979	-2.012152e-17	0.2105494
6.70001547237239e-10	-3.0864045e-09	1.9267395e-08	0.79001504	-2.0129313e-17	0.2116165
6.725195984165526e-10	-5.8189014e-09	1.4279765e-08	0.7877655	-2.0129935e-17	0.2131522
6.750376246035505e-10	-6.8312422e-09	9.522587e-09	0.78838986	-2.0128967e-17	0.21314628
6.775062627025272e-10	-6.3044956e-09	6.2386523e-09	0.7911895	-2.0129215e-17	0.21290834
6.80024270362335e-10	-4.855943e-09	3.3600658e-09	0.7956452	-2.0131743e-17	0.2141681
6.825423258097257e-10	-3.8847547e-09	2.3127458e-09	0.8012807	-2.0136733e-17	0.214151
6.850110097396224e-10	-2.057603e-09	2.0411421e-09	0.8076518	-2.0143716e-17	0.21544766
6.875290777818736e-10	-1.3497876e-09	1.7510202e-09	0.81469005	-2.0152424e-17	0.21548085
6.900471555820986e-10	-1.6460824e-10	1.5041078e-09	0.8219299	-2.016205e-17	0.2173882
6.9251582831779e-10	6.255113e-10	2.814801e-09	0.82894677	-2.0171674e-17	0.21758406
6.950338955962481e-10	8.5596286e-10	3.7695287e-09	0.8358296	-2.0181048e-17	0.21910407
6.975025671857549e-10	8.5596286e-10	4.312736e-09	0.84219307	-2.0189293e-17	0.21985556
7.000206164031201e-10	1.2510226e-09	3.5061556e-09	0.84822565	-2.019637e-17	0.22040123
7.025386551121583e-10	1.3744789e-09	3.0617133e-09	0.8537737	-2.0201865e-17	0.22122553
7.050073122693872e-10	1.3827093e-09	3.8189114e-09	0.8587624	-2.0205587e-17	0.22143297
7.075253391054388e-10	1.6296217e-09	4.7407176e-09	0.86344665	-2.0207652e-17	0.22171043
7.100433462749633e-10	1.316866e-09	3.1604783e-09	0.8678007	-2.0207945e-17	0.22209175
7.125119885375787e-10	9.547279e-10	2.6008102e-09	0.8718312	-2.0206517e-17	0.22069876
7.150300020112269e-10	2.1069855e-09	4.0822843e-09	0.8757798	-2.020331e-17	0.21828152
7.175480207626439e-10	1.777769e-09	7.045233e-09	0.8796402	-2.0198305e-17	0.21770301
7.200166588246869e-10	-7.571979e-10	9.218062e-09	0.8834088	-2.0191573e-17	0.21543764
7.22534698176143e-10	-3.6213814e-09	7.506136e-09	0.8873059	-2.0182684e-17	0.21559566
7.250033305233746e-10	-4.6748743e-09	4.938247e-09	0.8912488	-2.0171749e-17	0.21394475
7.275213571094384e-10	-4.2798143e-09	3.4238514e-09	0.8954711	-2.0157973e-17	0.2142595
7.300393856889997e-10	-3.9835193e-09	3.753068e-09	0.89997935	-2.0141074e-17	0.21268792
7.325080496506794e-10	-4.115206e-09	3.8847547e-09	0.90476644	-2.0120834e-17	0.21373297
7.350260977546357e-10	-5.4979155e-09	3.9505976e-09	0.910124	-2.0095622e-17	0.21356627
7.375441481684392e-10	-8.065804e-09	3.2263217e-09	0.91606873	-2.0064755e-17	0.21301183
7.400128346650952e-10	-1.0403241e-08	8.5596286e-10	0.9225673	-2.0027755e-17	0.21414314
7.425308988578427e-10	-1.1917637e-08	-2.7654186e-09	0.9299529	-1.9981557e-17	0.2148681
7.450489959770333e-10	-1.2016402e-08	-6.3868e-09	0.93809927	-1.9924655e-17	0.21534811
7.475177070345868e-10	-1.0864144e-08	-1.1325047e-08	0.946658	-1.985513e-17	0.2167683
7.500358029176268e-10	-7.5719795e-09	-1.6724197e-08	0.9554677	-1.9763793e-17	0.21548948
7.525045524052895e-10	-2.436202e-09	-2.1201542e-08	0.96302253	-1.9642952e-17	0.21345937
7.55022672744149e-10	6.3868e-09	-2.594226e-08	0.96692353	-1.9476583e-17	0.20726468
7.57540813064692e-10	1.8436124e-08	-2.594226e-08	0.9614704	-1.9306061e-17	0.20316412
7.600095611810217e-10	3.0452526e-08	-1.698757e-08	0.941108	-1.9282353e-17	0.21330205
7.625276856058768e-10	3.5094477e-08	-3.950598e-10	0.9071976	-1.9459017e-17	0.22774602
7.650457909787173e-10	3.0682976e-08	1.2839443e-08	0.872374	-1.9702656e-17	0.23422085
7.675146287302543e-10	2.3440213e-08	2.2584251e-08	0.8453039	-1.989408e-17	0.21396834
7.700330095417808e-10	1.27736e-08	2.8228255e-08	0.8240331	-2.0019481e-17	0.2048631
7.725016876549457e-10	4.115206e-10	2.675707e-08	0.80845606	-2.0086321e-17	0.20636077
7.750194466113442e-10	-7.703666e-09	2.1783844e-08	0.79748356	-2.011769e-17	0.20978658
7.775373941235337e-10	-1.0670729e-08	1.4827087e-08	0.7909134	-2.0128496e-17	0.21143253
7.800060485174799e-10	-1.0979369e-08	8.6419325e-09	0.78801054	-2.0130085e-17	0.21299097
7.825240722864329e-10	-9.135758e-09	4.8230215e-09	0.7880204	-2.0129147e-17	0.21322657
7.850420443525756e-10	-7.1604584e-09	1.3703636e-09	0.79043454	-2.0128994e-17	0.21259727
7.875106824072618e-10	-5.135777e-09	7.469099e-10	0.79449695	-2.0130936e-17	0.21394391
7.900287175537184e-10	-3.4896948e-09	3.7654135e-10	0.7998886	-2.0135371e-17	0.21433239
7.925467698693637e-10	-1.8436124e-09	-1.0905296e-10	0.80622	-2.0142056e-17	0.2150489
7.950154549726885e-10	-7.901196e-10	1.2139859e-10	0.8130317	-2.0150303e-17	0.21576834
7.975335144572532e-10	1.6460824e-10	4.876519e-10	0.8202534	-2.0159778e-17	0.21709174
8.000022010909681e-10	9.876494e-10	1.1275665e-09	0.82730937	-2.0169421e-17	0.21697633
8.025202509840164e-10	1.2510226e-09	2.0905246e-09	0.8342691	-2.0178947e-17	0.21908295
8.050382826524133e-10	1.2839443e-09	2.2715938e-09	0.84085464	-2.0187613e-17	0.21931842
8.075069525149115e-10	1.1522577e-09	2.4032802e-09	0.8468728	-2.019487e-17	0.22055466
8.100249847812929e-10	1.5143958e-09	3.6213814e-09	0.8525327	-2.020074e-17	0.22081172
8.125430109080827e-10	2.2386721e-09	4.411501e-09	0.8577203	-2.0204924e-17	0.22158842
8.150116495090397e-10	1.4650133e-09	5.135777e-09	0.8623953	-2.0207332e-17	0.22137299
8.175296644142387e-10	1.6460824e-10	4.016441e-09	0.86681813	-2.0208034e-17	0.22216426
8.200476671790901e-10	-3.4567732e-10	3.8847547e-09	0.8709765	-2.0206972e-17	0.2211432
8.225162986688089e-10	-6.5843296e-11	2.8312617e-09	0.8748766	-2.0204207e-17	0.21845211
8.250343060318908e-10	6.58433e-10	4.5431876e-09	0.87875104	-2.0199628e-17	0.21799013
8.275029393596034e-10	6.255113e-10	5.8600533e-09	0.88251716	-2.019333e-17	0.21612746
8.300209495214134e-10	-9.218062e-10	6.716016e-09	0.88639563	-2.0184934e-17	0.21569593
8.325389495230385e-10	-2.7983402e-09	5.530837e-09	0.89038306	-2.0174313e-17	0.21447861
8.35007595278584e-10	-3.2921648e-09	4.3456576e-09	0.89447176	-2.0161419e-17	0.21423233
8.375256084701253e-10	-2.897105e-09	4.4773443e-09	0.8989061	-2.0145292e-17	0.21331753
8.400436277474145e-10	-3.753068e-09	4.4444226e-09	0.90369666	-2.0125547e-17	0.21376894
8.425122949255242e-10	-4.707796e-09	3.9505976e-09	0.908836	-2.0101917e-17	0.21298137
8.450303276639023e-10	-6.5843295e-09	3.8847547e-09	0.9146352	-2.0072467e-17	0.21357414
8.475483767274592e-10	-8.296255e-09	2.633732e-09	0.9211027	-2.0036389e-17	0.21454246
8.500170703962214e-10	-1.0041103e-08	0	0.92817414	-1.9993108e-17	0.2153428
8.525351332428242e-10	-1.0929988e-08	-2.9629483e-09	0.9361514	-1.9938929e-17	0.215814
8.55003847183952e-10	-1.0995831e-08	-6.7818595e-09	0.9446049	-1.9873029e-17	0.21585156
8.575219492046738e-10	-9.711886e-09	-1.1720107e-08	0.9534683	-1.978728e-17	0.2163833
8.600400618990899e-10	-7.341528e-09	-1.698757e-08	0.96157944	-1.967241e-17	0.21472296
8.625088051828859e-10	-1.876534e-09	-2.3045153e-08	0.9665985	-1.9518648e-17	0.20905632
8.650269299619923e-10	7.975269e-09	-2.7522498e-08	0.9639479	-1.9339054e-17	0.20318569
8.675450440046313e-10	2.1399071e-08	-2.4098647e-08	0.94684845	-1.9268684e-17	0.2102089
8.70013798013584e-10	3.0650053e-08	-1.1720107e-08	0.9156668	-1.9406043e-17	0.22392868
8.725319084241035e-10	3.1802312e-08	2.1069855e-09	0.87985414	-1.9648435e-17	0.23654735
8.750006953796051e-10	2.7818793e-08	1.2740678e-08	0.8510784	-1.985502e-17	0.21922798
8.775190585857942e-10	1.91604e-08	2.1304421e-08	0.82845384	-1.9996332e-17	0.20612268
8.800372249265457e-10	7.999961e-09	2.4880537e-08	0.8114021	-2.0075558e-17	0.20543747
8.825056036098305e-10	-1.0452623e-09	2.2966965e-08	0.7996077	-2.0112777e-17	0.20867401
8.850235007696753e-10	-6.2839196e-09	1.7652177e-08	0.79208153	-2.0127149e-17	0.21135584
8.875415160796663e-10	-7.99173e-09	1.2724217e-08	0.7883755	-2.0130118e-17	0.2127602
8.900101365760999e-10	-8.329177e-09	7.4402924e-09	0.7877801	-2.0129377e-17	0.21326403
8.925281085447524e-10	-6.716016e-09	4.411501e-09	0.7896979	-2.0128864e-17	0.21278927
8.950461094645471e-10	-4.938247e-09	2.6666536e-09	0.7935039	-2.0130314e-17	0.21369193
8.975147526310231e-10	-3.654303e-09	1.9999902e-09	0.79854614	-2.0134129e-17	0.21439683
9.00032807010232e-10	-2.9629483e-09	1.4197461e-09	0.80468667	-2.0140333e-17	0.21447946
9.025014882188049e-10	-2.1728288e-09	8.127532e-10	0.8113871	-2.0148235e-17	0.2158716
9.050195294915011e-10	-8.724237e-10	3.6831094e-10	0.81857413	-2.0157528e-17	0.21660085
9.075375757353458e-10	5.5966803e-10	1.1934098e-09	0.8257981	-2.016734e-17	0.21730721
9.1000624412984e-10	1.4814742e-09	2.1892896e-09	0.83268726	-2.0176803e-17	0.21886373
9.125242704905675e-10	1.8436124e-09	4.1481276e-09	0.8393682	-2.0185707e-17	0.2185651
9.150423060006341e-10	1.218101e-09	4.2633537e-09	0.845611	-2.019342e-17	0.22055168
9.175109647228796e-10	1.7119257e-09	4.4773443e-09	0.8512655	-2.0199527e-17	0.22030142
9.200289664403691e-10	1.0534927e-09	4.411501e-09	0.8565592	-2.0204111e-17	0.22163588
9.225469839001317e-10	6.58433e-10	4.2798143e-09	0.8614159	-2.0206955e-17	0.22096108
9.250156186415087e-10	2.9629485e-10	4.3785793e-09	0.8658208	-2.0208027e-17	0.2221345
9.275336102338297e-10	1.6460824e-10	4.6748743e-09	0.8700328	-2.020737e-17	0.22154069
9.300022427817326e-10	-1.0205711e-09	5.267464e-09	0.87396735	-2.0205015e-17	0.21923128
9.325202410541898e-10	-1.1522577e-09	4.609031e-09	0.8778596	-2.0200847e-17	0.2181846
9.350382300864028e-10	-1.218101e-09	4.3456576e-09	0.8817024	-2.0194849e-17	0.21667461
9.375068500992249e-10	-9.218062e-10	5.530837e-09	0.88549054	-2.0187065e-17	0.21569315
9.40024866220709e-10	-2.732497e-09	5.333307e-09	0.8894463	-2.0176983e-17	0.21494663
9.425428618141662e-10	-3.8189114e-09	4.7407176e-09	0.89356905	-2.0164435e-17	0.21409462
9.450114950031199e-10	-4.9053255e-09	3.9505976e-09	0.897851	-2.0149324e-17	0.21378018
9.475295298220078e-10	-5.8600533e-09	3.0287917e-09	0.9025506	-2.0130482e-17	0.21362308
9.5004755236925e-10	-6.1234267e-09	1.5143958e-09	0.9076828	-2.0107432e-17	0.21277063
9.525162206060428e-10	-6.716016e-09	1.1851794e-09	0.9132367	-2.0079826e-17	0.21392286
9.55034264212503e-10	-7.934117e-09	2.6337318e-10	0.91954064	-2.0045405e-17	0.21453603
9.57502941396039e-10	-8.427942e-09	-1.6460824e-09	0.9264362	-2.0004129e-17	0.21517482
9.600210171087187e-10	-8.9546885e-09	-4.872404e-09	0.9342387	-1.9952511e-17	0.2160282
9.625390903917765e-10	-8.79008e-09	-7.703666e-09	0.9427381	-1.988856e-17	0.2162225
9.650077988762345e-10	-7.111076e-09	-1.1917637e-08	0.9514325	-1.9809247e-17	0.21649958
9.675259124399622e-10	-2.732497e-09	-1.5934077e-08	0.9598575	-1.9702362e-17	0.21436097
9.700440263467914e-10	3.8847547e-09	-1.8699497e-08	0.96594423	-1.9555562e-17	0.21095856
9.725127772559654e-10	1.1608996e-08	-1.9752989e-08	0.96562386	-1.9377846e-17	0.20416315
9.75030895527086e-10	2.1267384e-08	-1.6065764e-08	0.9523064	-1.9265956e-17	0.2071314
9.775490169470726e-10	2.6929909e-08	-4.1481276e-09	0.92322433	-1.9362503e-17	0.22092761
9.80017752058634e-10	2.5744729e-08	7.111076e-09	0.8877579	-1.9591781e-17	0.23566163
9.82535887493942e-10	1.976122e-08	1.517688e-08	0.85668087	-1.9815836e-17	0.22394289
9.850048266188552e-10	1.2510227e-08	1.996698e-08	0.8331727	-1.9969793e-17	0.20766833
9.875231284438119e-10	2.8312617e-09	2.0785906e-08	0.8148829	-2.0061673e-17	0.20448215
9.900408797008034e-10	-3.555538e-09	1.758016e-08	0.8017676	-2.0107182e-17	0.20728755
9.925093780029203e-10	-6.9793895e-09	1.32262725e-08	0.79345447	-2.0125212e-17	0.21114121
9.950273668245714e-10	-7.917657e-09	8.658394e-09	0.7889345	-2.0129971e-17	0.21239434
9.97545348796227e-10	-7.539057e-09	4.707796e-09	0.7876805	-2.0129607e-17	0.21325698
1.0000139626321375e-09	-5.267464e-09	1.8929949e-09	0.7890615	-2.0128846e-17	0.21297406
1.0025319347253424e-09	-3.4238514e-09	8.5596286e-10	0.7924868	-2.0129768e-17	0.21337974
1.0050005721172835e-09	-1.9752988e-09	7.335355e-10	0.7972572	-2.0133014e-17	0.2143562
1.0075186100884933e-09	-5.2674637e-10	7.448523e-10	0.80319035	-2.0138708e-17	0.21378635
1.0100366681351013e-09	-4.609031e-10	8.950573e-10	0.8098977	-2.01464e-17	0.21581121
1.0125053372929025e-09	-1.3168659e-10	7.304491e-10	0.816896	-2.0155301e-17	0.21592447
1.0150233786434549e-09	6.255113e-10	1.1604882e-09	0.8241359	-2.0165059e-17	0.21747552
1.017541409140591e-09	8.230412e-10	1.0864144e-09	0.8312223	-2.01748e-17	0.21848813
1.0200100660839987e-09	1.5802392e-09	2.3209763e-09	0.83785754	-2.0183736e-17	0.21883655
1.022528106515708e-09	1.0864144e-09	2.518506e-09	0.8442071	-2.0191757e-17	0.2203865
1.0250461206249029e-09	1.679004e-09	2.633732e-09	0.85008246	-2.019834e-17	0.21992278
1.0275147665748066e-09	2.2057505e-09	2.9629483e-09	0.8553742	-2.0203202e-17	0.22155073
1.0300327725520333e-09	1.7119257e-09	4.1481276e-09	0.8603267	-2.0206454e-17	0.22099996
1.0325013986620878e-09	1.218101e-09	4.609031e-09	0.8648079	-2.0207931e-17	0.22199757
1.0350193881141791e-09	1.876534e-09	5.135777e-09	0.86907804	-2.0207682e-17	0.2218424
1.0375373862476857e-09	1.0534927e-09	4.9053255e-09	0.87312907	-2.0205668e-17	0.2198684
1.0400060009450615e-09	1.3168659e-10	4.872404e-09	0.87696505	-2.0201974e-17	0.21828675
1.0425239969835654e-09	7.571979e-10	4.3456576e-09	0.8808131	-2.0196407e-17	0.21718083
1.0450419775323387e-09	5.2674637e-10	5.6625233e-09	0.88466626	-2.0188918e-17	0.21560486
1.047510588996219e-09	-4.2798143e-10	5.99174e-09	0.88851804	-2.0179524e-17	0.21530013
1.050028606985258e-09	-1.4156308e-09	5.5966805e-09	0.8925952	-2.0167583e-17	0.21382654
1.0525466214204845e-09	-2.4691236e-09	5.79421e-09	0.89690083	-2.0152853e-17	0.2140646
1.0550152700223328e-09	-2.8312617e-09	5.3991505e-09	0.90142745	-2.0135187e-17	0.2132995
1.057533281966893e-09	-2.9300267e-09	5.5966805e-09	0.90645015	-2.011319e-17	0.21333301
1.0600019348648717e-09	-4.2468926e-09	5.3991505e-09	0.9118723	-2.0086852e-17	0.21395627
1.0625199750050505e-09	-6.4526433e-09	5.79421e-09	0.9180178	-2.005401e-17	0.2141165
1.0650380235277257e-09	-9.744808e-09	4.5761093e-09	0.9248818	-2.0013766e-17	0.2145209
1.0675067176131272e-09	-1.178595e-08	1.316866e-09	0.93236375	-1.9965438e-17	0.21542536
1.0700247861391058e-09	-1.3366189e-08	-2.436202e-09	0.94071907	-1.9904672e-17	0.21653537
1.0725428846183164e-09	-1.3794171e-08	-6.847703e-09	0.9495512	-1.9828148e-17	0.2156887
1.0750115999908188e-09	-1.2839443e-08	-1.3168659e-08	0.9580191	-1.9730145e-17	0.21581706
1.0775297202130425e-09	-9.1522185e-09	-2.0806482e-08	0.964911	-1.959369e-17	0.21228912
1.080047830716854e-09	-1.3497876e-09	-2.8444305e-08	0.9665292	-1.9416235e-17	0.20482765
1.0825165789334178e-09	1.0962909e-08	-3.0287918e-08	0.9568615	-1.9275868e-17	0.20471714
1.085034686645116e-09	2.4460785e-08	-2.317684e-08	0.93108666	-1.9322267e-17	0.21765278
1.0875034206236743e-09	3.0682976e-08	-1.0139868e-08	0.89601254	-1.9533948e-17	0.23242557
1.0900215340825558e-09	3.1473096e-08	2.0411421e-09	0.863174	-1.9769372e-17	0.23102745
1.0925398085262864e-09	2.7324969e-08	1.2707757e-08	0.83775955	-1.9942339e-17	0.20937002
1.0950087949095472e-09	1.7909377e-08	2.0189201e-08	0.8186427	-2.004531e-17	0.20509268
1.097526615764463e-09	9.069915e-09	2.3448445e-08	0.80436945	-2.0099678e-17	0.20694292
1.1000444299633176e-09	1.3250964e-09	2.1849687e-08	0.7949001	-2.0122801e-17	0.21077515
1.1025130271828925e-09	-4.1810493e-09	1.7061645e-08	0.7896676	-2.012957e-17	0.21187742
1.1050310219229065e-09	-6.6419426e-09	1.2074015e-08	0.78771067	-2.0129849e-17	0.21319503
1.1075490011703345e-09	-6.2551133e-09	8.020536e-09	0.7885742	-2.0128916e-17	0.21310176
1.1100176115467349e-09	-5.5472977e-09	5.333307e-09	0.7915462	-2.0129351e-17	0.21304539
1.1125355976112012e-09	-4.7736393e-09	3.6933974e-09	0.7961275	-2.0132107e-17	0.21424073
1.1150042411604211e-09	-3.4073906e-09	3.156363e-09	0.8017356	-2.0137193e-17	0.21406683
1.1175222764187616e-09	-2.1728288e-09	2.3271491e-09	0.80829245	-2.0144472e-17	0.21558535
1.120040321768953e-09	-7.901196e-10	2.0452575e-09	0.8153636	-2.0153296e-17	0.21531212
1.1225089881294482e-09	-3.950598e-10	1.7901146e-09	0.82246447	-2.0162779e-17	0.21744125
1.1250270170053663e-09	2.6337318e-10	1.7119257e-09	0.82960457	-2.0172581e-17	0.21788482
1.1275450579587511e-09	8.5596286e-10	2.7983402e-09	0.8364543	-2.018188e-17	0.21905828
1.1300137100491142e-09	1.0864144e-09	3.3250864e-09	0.84277725	-2.0190018e-17	0.2200446
1.1325317217056615e-09	2.3045155e-09	3.3250864e-09	0.8487647	-2.0196955e-17	0.22029379
1.135000370161179e-09	2.1728288e-09	4.2798143e-09	0.85416466	-2.02022e-17	0.22132656
1.1375183570963946e-09	1.1851794e-09	4.5761093e-09	0.8592163	-2.0205857e-17	0.22133307
1.1400363691210318e-09	8.5596286e-10	4.7407176e-09	0.8638662	-2.0207753e-17	0.22181448
1.1425049762136215e-09	1.1522577e-09	4.9053255e-09	0.86811143	-2.0207898e-17	0.22204682
1.1450229801477046e-09	1.0534927e-09	4.7407176e-09	0.87220585	-2.0206294e-17	0.22047837
1.147540966430094e-09	-1.3168659e-10	5.2016205e-09	0.8761431	-2.0202919e-17	0.2183005
1.1500095745574426e-09	-2.9629485e-10	5.530837e-09	0.8799236	-2.019786e-17	0.21759178
1.1525275638151512e-09	-1.0205711e-09	5.7283667e-09	0.88376945	-2.0190832e-17	0.21541505
1.1550455640077262e-09	-1.316866e-09	6.18927e-09	0.88767517	-2.018174e-17	0.21552488
1.1575141924058713e-09	-2.7654186e-09	5.79421e-09	0.8916332	-2.0170581e-17	0.21367648
1.1600322008130394e-09	-2.897105e-09	5.3991505e-09	0.8958786	-2.0156537e-17	0.21423288
1.1625008316928825e-09	-3.4896948e-09	5.333307e-09	0.9003257	-2.0139684e-17	0.21281296
1.1650188535958118e-09	-4.510266e-09	5.2016205e-09	0.90524465	-2.0118689e-17	0.21366188
1.1675368790806725e-09	-5.464994e-09	5.5966805e-09	0.91065246	-2.0092998e-17	0.21373439
1.1700055364801006e-09	-7.7695095e-09	4.7407176e-09	0.9165333	-2.0062225e-17	0.21333104
1.1725235934122634e-09	-1.017279e-08	2.8312617e-09	0.9232237	-2.0023834e-17	0.21383467
1.175041643162936e-09	-1.1654263e-08	7.901196e-10	0.9306822	-1.9976738e-17	0.21447694
1.1775103457175182e-09	-1.3102816e-08	-2.897105e-09	0.9387267	-1.9919958e-17	0.21578589
1.1800284218304296e-09	-1.3102816e-08	-7.901195e-09	0.9474885	-1.9847615e-17	0.21675582
1.1825465150616296e-09	-1.1621342e-08	-1.4090466e-08	0.9562598	-1.9753847e-17	0.21592976
1.185015244222388e-09	-7.489675e-09	-2.0016362e-08	0.9636095	-1.9629315e-17	0.21247633
1.1875333656100572e-09	3.292165e-10	-2.6864065e-08	0.96692085	-1.9459292e-17	0.20667876
1.190002104693781e-09	1.2065784e-08	-2.8971051e-08	0.96050125	-1.9297207e-17	0.20329495
1.1925202127119375e-09	2.5481356e-08	-2.2518408e-08	0.9383712	-1.929159e-17	0.21403569
1.195038334564285e-09	3.2855805e-08	-9.218062e-09	0.9037645	-1.9481498e-17	0.22832134
1.1975070552333869e-09	3.252659e-08	3.6213814e-09	0.870085	-1.971929e-17	0.23431507
1.200025274527913e-09	2.6600691e-08	1.4683056e-08	0.84307265	-1.9908712e-17	0.21295036
1.2025436726118084e-09	1.7415552e-08	2.2234458e-08	0.82233334	-2.0027917e-17	0.20507659
1.2050122404580302e-09	7.341528e-09	2.6271476e-08	0.80723006	-2.0090528e-17	0.20662358
1.2075300055514368e-09	-1.6954649e-09	2.3124372e-08	0.79669523	-2.0119354e-17	0.21013261
1.2100479472403267e-09	-6.5658115e-09	1.8168635e-08	0.7904981	-2.0128904e-17	0.21143481
1.2125165876351165e-09	-8.312716e-09	1.3209812e-08	0.78789276	-2.0130037e-17	0.21306595
1.215034564284333e-09	-8.395021e-09	8.016421e-09	0.7881543	-2.0129068e-17	0.2132001
1.2175031591748032e-09	-6.946468e-09	4.117264e-09	0.79068863	-2.0129058e-17	0.21270543
1.2200211332282855e-09	-5.333307e-09	2.4269429e-09	0.79495186	-2.0131245e-17	0.21404244
1.2225391455053679e-09	-4.016441e-09	1.668716e-09	0.80044353	-2.0135904e-17	0.21427464
1.2250078074737752e-09	-3.555538e-09	5.967049e-10	0.80671465	-2.0142627e-17	0.21520162
1.2275258574528935e-09	-1.8106907e-09	9.938222e-10	0.8136981	-2.015115e-17	0.21567506
1.2300438800066017e-09	-6.58433e-10	4.753063e-10	0.82092905	-2.0160691e-17	0.2172345
1.2325125564578256e-09	3.950598e-10	7.2839146e-10	0.8279706	-2.017033e-17	0.2170815
1.2350305812295212e-09	7.2427625e-10	1.0864144e-09	0.8349001	-2.0179797e-17	0.21911477
1.2375486041767148e-09	2.1069855e-09	1.777769e-09	0.841446	-2.0188357e-17	0.2195736
1.2400172570569574e-09	2.5678886e-09	2.534967e-09	0.84742063	-2.0195484e-17	0.22051243
1.2425352780869515e-09	2.1069855e-09	3.8847547e-09	0.8530354	-2.0201206e-17	0.22099587
1.2450038998465856e-09	1.4485525e-09	3.654303e-09	0.8580843	-2.0205165e-17	0.22154638
1.2475218998611824e-09	5.2674637e-10	4.707796e-09	0.8628206	-2.020747e-17	0.2215217
1.2500398821381627e-09	7.2427625e-10	4.8065605e-09	0.8672152	-2.0208009e-17	0.2221475
1.2525084923107255e-09	6.090505e-10	5.2016205e-09	0.87127405	-2.0206823e-17	0.22099751
1.2550264782656971e-09	-7.2427625e-10	5.629602e-09	0.87524074	-2.0203858e-17	0.21822675
1.2575444627231735e-09	-1.6131608e-09	5.530837e-09	0.87910897	-2.0199104e-17	0.21788591
1.2600130717128016e-09	-1.5143958e-09	4.8065605e-09	0.88287556	-2.0192638e-17	0.21586241
1.262531063503405e-09	-1.876534e-09	4.6748743e-09	0.88676107	-2.018404e-17	0.2156681
1.2650490534930849e-09	-2.2386721e-09	4.5431876e-09	0.89076257	-2.0173198e-17	0.21425727
1.2675176905620794e-09	-2.6995752e-09	4.411501e-09	0.8948719	-2.0160056e-17	0.21425924
1.2700356936435368e-09	-3.456773e-09	4.1481276e-09	0.89933544	-2.0143618e-17	0.21308541
1.2725043427575631e-09	-4.6419526e-09	4.213971e-09	0.90406543	-2.0123938e-17	0.21377513
1.2750223698376824e-09	-6.0246617e-09	3.4238514e-09	0.9093503	-2.0099422e-17	0.21324459
1.2775403963196744e-09	-7.242763e-09	2.436202e-09	0.9152072	-2.0069408e-17	0.21333753
1.280009057868731e-09	-8.493785e-09	1.2510226e-09	0.9216067	-2.0033436e-17	0.21444976
1.2825271158026104e-09	-9.481435e-09	-8.5596286e-10	0.92888427	-1.9988532e-17	0.21523345
1.2850451795737582e-09	-1.0139868e-08	-3.6213814e-09	0.9369304	-1.9933276e-17	0.21548364
1.2875138805908042e-09	-1.0008181e-08	-7.5719795e-09	0.94542885	-1.9865958e-17	0.2163747
1.2900319710381588e-09	-7.901195e-09	-1.1851793e-08	0.9542774	-1.977803e-17	0.21585241
1.2925007023316123e-09	-4.2468926e-09	-1.6724197e-08	0.9620957	-1.9662427e-17	0.21444865
1.2950188167846713e-09	2.8312617e-09	-2.1201542e-08	0.96678245	-1.950192e-17	0.20816328
1.2975369289877328e-09	1.1732452e-08	-2.2650093e-08	0.9630529	-1.9324944e-17	0.20232551
1.3000056777423132e-09	2.1728289e-08	-1.7250944e-08	0.9449363	-1.927224e-17	0.21030799
1.3025237890210502e-09	2.7061596e-08	-6.0575833e-09	0.912279	-1.9426768e-17	0.22462602
1.305041890967031e-09	2.6337318e-08	5.135777e-09	0.8767951	-1.9670563e-17	0.23621723
1.307510694394657e-09	2.1069855e-08	1.3432032e-08	0.84871566	-1.9871188e-17	0.21697356
1.3100290672850266e-09	1.3399111e-08	1.920361e-08	0.82664174	-2.000603e-17	0.20525856
1.3125471407857881e-09	4.460883e-09	2.1135698e-08	0.8100809	-2.0080501e-17	0.2059021
1.3150155050110778e-09	-1.8436124e-09	1.8699497e-08	0.7987251	-2.011489e-17	0.20916744
1.3175334123053701e-09	-5.5905076e-09	1.4536965e-08	0.7915882	-2.0127756e-17	0.21140015
1.3200020400057836e-09	-7.3003754e-09	9.452628e-09	0.78823346	-2.013012e-17	0.21285021
1.3225200224598736e-09	-6.748938e-09	5.6995604e-09	0.78786045	-2.012928e-17	0.21325473
1.3250379956800056e-09	-5.613141e-09	2.8312617e-09	0.7899823	-2.0128904e-17	0.21270005
1.3275066034443487e-09	-3.4896948e-09	1.3127507e-09	0.7938412	-2.0130519e-17	0.21378355
1.3300246048302502e-09	-2.2057505e-09	1.0277728e-09	0.799079	-2.0134613e-17	0.2143845
1.3325426307508628e-09	-1.1193361e-09	1.1481425e-09	0.8052981	-2.0141012e-17	0.21472463
1.3350112875953362e-09	-2.3045155e-10	1.7818842e-09	0.8120455	-2.0149058e-17	0.21585129
1.3375293242234327e-09	-2.6337318e-10	1.358018e-09	0.8192485	-2.0158428e-17	0.21682066
1.3400473672589216e-09	-6.5843296e-11	1.3868244e-09	0.8264623	-2.0168255e-17	0.21718277
1.3425160155994625e-09	4.609031e-10	1.4897046e-09	0.8333246	-2.0177668e-17	0.21897598
1.345034041149073e-09	1.3497876e-09	1.777769e-09	0.8399679	-2.0186478e-17	0.21888348
1.3475026880926929e-09	2.3045155e-09	2.156368e-09	0.84605014	-2.0193926e-17	0.22056939
1.3500207032563122e-09	1.5637783e-09	3.555538e-09	0.8517773	-2.0200027e-17	0.22052252
1.3525387123195642e-09	1.0534927e-09	3.6872247e-09	0.8570281	-2.0204447e-17	0.22163208
1.3550073263899112e-09	3.950598e-10	3.917676e-09	0.86175656	-2.0207093e-17	0.22111441
1.3575253157346326e-09	6.9135464e-10	3.358008e-09	0.8662229	-2.0208044e-17	0.22215858
1.360043298465317e-09	9.547279e-10	3.654303e-09	0.8704127	-2.0207223e-17	0.22139226
1.3625119166054763e-09	9.218062e-10	3.8189114e-09	0.874333	-2.0204704e-17	0.21892877
1.3650299021576026e-09	3.950598e-10	4.872404e-09	0.8782175	-2.0200368e-17	0.21811768
1.3675478882272699e-09	1.975299e-10	4.8065605e-09	0.8820594	-2.0194195e-17	0.21644521
1.3700165034677975e-09	-2.9629485e-10	5.135777e-09	0.88585305	-2.0186225e-17	0.21570708
1.3725344894749706e-09	-9.547279e-10	5.069934e-09	0.889821	-2.0175928e-17	0.21477331
1.375003121727948e-09	-1.1522577e-09	5.267464e-09	0.89387995	-2.0163408e-17	0.21415351
1.3775211157020225e-09	-1.9752988e-09	5.267464e-09	0.8982721	-2.014773e-17	0.21361436
1.3800391321250456e-09	-3.0287917e-09	5.267464e-09	0.9030075	-2.012853e-17	0.21370347
1.3825077873666003e-09	-3.917676e-09	4.938247e-09	0.9080787	-2.010555e-17	0.21253991
1.3850258156217677e-09	-5.432072e-09	4.8065605e-09	0.9137934	-2.0076918e-17	0.2138226
1.387543855213102e-09	-6.485565e-09	3.8189114e-09	0.9201624	-2.0041838e-17	0.21459118
1.3900125266472061e-09	-8.427942e-09	2.1069855e-09	0.9271281	-1.9999771e-17	0.21531408
1.3925305871733502e-09	-9.5802e-09	-5.2674637e-10	0.93500143	-1.9947143e-17	0.21604212
1.3950486498399648e-09	-1.0436163e-08	-3.6213814e-09	0.94355404	-1.9881852e-17	0.21575804
1.3975173658536869e-09	-9.613121e-09	-7.506136e-09	0.95225215	-1.9800613e-17	0.2166552
1.4000354539750225e-09	-7.901195e-09	-1.2246853e-08	0.96056384	-1.9690624e-17	0.21473444
1.4025041905526502e-09	-4.5267265e-09	-1.7646004e-08	0.96620476	-1.9543009e-17	0.21034509
1.4050223096161666e-09	2.8312617e-09	-2.2123348e-08	0.96504295	-1.9361769e-17	0.20388396
1.4075404286619811e-09	1.3366189e-08	-2.1728289e-08	0.9502244	-1.9265501e-17	0.20734923
1.4100091507482538e-09	2.1958739e-08	-1.4090466e-08	0.9206446	-1.9376904e-17	0.2216253
1.4125272682246602e-09	2.4822922e-08	-4.016441e-09	0.8845416	-1.961472e-17	0.2351431
1.4150454025154903e-09	2.35719e-08	5.135777e-09	0.8541884	-1.98334e-17	0.22165106
1.4175143554737824e-09	1.91604e-08	1.2390886e-08	0.83124477	-1.9980855e-17	0.20716558
1.4200326031973878e-09	1.2312697e-08	1.8032834e-08	0.8134544	-2.0067522e-17	0.2045573
1.4225009532895611e-09	4.2468926e-09	1.8580156e-08	0.8009978	-2.0109242e-17	0.20780995
1.42501882423815e-09	-6.296265e-10	1.606165e-08	0.7928788	-2.0126065e-17	0.21124642
1.4275368070571977e-09	-3.275704e-09	1.2353849e-08	0.78869	-2.0130056e-17	0.212558
1.4300054146545727e-09	-4.609031e-09	8.707776e-09	0.78770155	-2.012953e-17	0.21326432
1.432523385593576e-09	-4.3785793e-09	5.9670486e-09	0.78930396	-2.0128843e-17	0.21290608
1.4350413547688417e-09	-2.436202e-09	4.4649986e-09	0.7928855	-2.0129971e-17	0.21350834
1.4375099891055304e-09	-1.777769e-09	2.7715914e-09	0.79776704	-2.0133445e-17	0.2143845
1.4400280078515994e-09	-4.938247e-10	1.8518427e-09	0.80378526	-2.0139348e-17	0.21407805
1.4425460436400543e-09	6.58433e-10	1.9876445e-09	0.8105475	-2.0147196e-17	0.21585546
1.445014716437841e-09	1.876534e-09	2.4794116e-09	0.81756794	-2.015619e-17	0.21621665
1.4475327493469367e-09	1.5802392e-09	3.0822893e-09	0.82480305	-2.0165977e-17	0.2174327
1.450001402682386e-09	1.1193361e-09	3.9423673e-09	0.8317297	-2.0175494e-17	0.21863768
1.4525194183000251e-09	1.1193361e-09	3.654303e-09	0.83846563	-2.0184532e-17	0.21869098
1.4550374356634828e-09	1.4814742e-09	3.654303e-09	0.84477264	-2.0192432e-17	0.220474
1.4575060744768797e-09	1.2510226e-09	4.1481276e-09	0.8504933	-2.0198756e-17	0.21992387
1.460024078649075e-09	6.58433e-10	3.851833e-09	0.85585177	-2.0203579e-17	0.22160062
1.4625420700649305e-09	1.0534927e-09	3.6872247e-09	0.8607654	-2.0206667e-17	0.22083457
1.4650106897022787e-09	1.5473175e-09	3.4238514e-09	0.8652155	-2.0207981e-17	0.22206524
1.4675286728023376e-09	1.3662484e-09	3.7859897e-09	0.8694618	-2.0207569e-17	0.22173293
1.4700466585442843e-09	1.218101e-09	5.2016205e-09	0.87349653	-2.0205392e-17	0.21959877
1.4725152738763704e-09	3.950598e-10	5.464994e-09	0.8773237	-2.0201537e-17	0.2182573
1.4750332569779296e-09	3.6213813e-10	5.530837e-09	0.8811691	-2.0195798e-17	0.21698962
1.4775018740981511e-09	-3.6213813e-10	5.3991505e-09	0.8849502	-2.018829e-17	0.21564499
1.4800198673988525e-09	-1.0534927e-09	5.7283667e-09	0.8888888	-2.0178523e-17	0.21517232
1.4825378646586573e-09	-1.6460824e-09	6.5843295e-09	0.8929836	-2.016634e-17	0.21394841
1.4850064965776502e-09	-2.2386721e-09	5.99174e-09	0.897227	-2.0151653e-17	0.21398097
1.4875244965817444e-09	-3.2263217e-09	5.530837e-09	0.9018745	-2.0133331e-17	0.21344925
1.4900425131925447e-09	-4.0493626e-09	5.6625233e-09	0.9069403	-2.0110916e-17	0.21313784
1.4925111661947393e-09	-5.4979155e-09	5.7283667e-09	0.9124144	-2.0084078e-17	0.21397927
1.4950292066827044e-09	-7.835352e-09	5.069934e-09	0.91862285	-2.0050615e-17	0.21433072
1.4975472456062654e-09	-9.711886e-09	3.555538e-09	0.92555726	-2.0009602e-17	0.21486138
1.500015923503313e-09	-1.1357969e-08	4.609031e-10	0.93310964	-1.9960338e-17	0.21576054
1.5025339923757981e-09	-1.2444383e-08	-3.8189114e-09	0.9415243	-1.9898324e-17	0.21654953
1.5050027068817997e-09	-1.198348e-08	-8.427942e-09	0.95020115	-1.9821754e-17	0.21578671
1.507520798496181e-09	-1.0436163e-08	-1.4617212e-08	0.9587669	-1.971927e-17	0.2152764
1.5100389042349062e-09	-5.2016205e-09	-2.1464915e-08	0.96536016	-1.9578723e-17	0.21189158
1.5125076378076507e-09	3.6666485e-09	-2.6073947e-08	0.9662802	-1.9402807e-17	0.20455964
1.5150257581893374e-09	1.5489636e-08	-2.7127438e-08	0.95514846	-1.9270438e-17	0.20478106
1.5175438725233988e-09	2.6995751e-08	-1.817275e-08	0.9280002	-1.9337332e-17	0.21896555
1.5200126053845376e-09	3.1407254e-08	-5.6625233e-09	0.8926738	-1.9557137e-17	0.23362324
1.5225307180671608e-09	2.9979276e-08	6.0575833e-09	0.86052686	-1.9788417e-17	0.2285185
1.5250490074309517e-09	2.4658315e-08	1.6683046e-08	0.835722	-1.9954726e-17	0.20804758
1.5275179719838012e-09	1.5275646e-08	2.3115113e-08	0.8171042	-2.0052177e-17	0.20491849
1.5300357263374728e-09	5.053473e-09	2.3999881e-08	0.8032975	-2.0102866e-17	0.20695423
1.5325041823295942e-09	-1.5020503e-09	2.1349688e-08	0.7943808	-2.0123705e-17	0.21092267
1.535022152764089e-09	-6.032892e-09	1.5868235e-08	0.7893529	-2.0129768e-17	0.2121046
1.5375401389936695e-09	-7.555518e-09	1.0353858e-08	0.78768075	-2.0129755e-17	0.21322714
1.5400087454134903e-09	-7.0781545e-09	6.2016157e-09	0.78873146	-2.0128881e-17	0.21306285
1.5425267130928644e-09	-5.069934e-09	3.8682937e-09	0.7919129	-2.01295e-17	0.2131818
1.5450446951304067e-09	-3.456773e-09	2.5946374e-09	0.7966151	-2.0132491e-17	0.21429989
1.5475133390082766e-09	-2.8641833e-09	2.5308518e-09	0.8023124	-2.0137788e-17	0.21394026
1.5500313843185417e-09	-1.7119257e-09	2.2613058e-09	0.8089316	-2.0145236e-17	0.2156951
1.5525000516338693e-09	-1.7119257e-09	1.7242714e-09	0.815891	-2.0153983e-17	0.21543233
1.5550180864518001e-09	-8.230412e-10	1.8827069e-09	0.82313406	-2.0163692e-17	0.2174794
1.5575361150435187e-09	6.9135464e-10	2.0822943e-09	0.8302537	-2.0173468e-17	0.21814992
1.5600047681103184e-09	1.4156308e-09	2.4691236e-09	0.83693993	-2.0182524e-17	0.21900012
1.5625227875394052e-09	1.9752988e-09	2.99587e-09	0.8433523	-2.0190723e-17	0.22020294
1.5650408013386016e-09	1.6131608e-09	3.2098608e-09	0.84929496	-2.019752e-17	0.22016363
1.567509422304096e-09	1.2674835e-09	4.115206e-09	0.85465145	-2.0202613e-17	0.22143324
1.5700274126218464e-09	1.0370319e-09	4.5431876e-09	0.859663	-2.0206108e-17	0.22121385
1.5725454012158276e-09	2.9629485e-10	4.2798143e-09	0.8642794	-2.020784e-17	0.22190009
1.5750140252689803e-09	-8.230412e-11	3.9835193e-09	0.8684996	-2.020782e-17	0.22197725
1.5775320093250747e-09	6.58433e-10	4.4773443e-09	0.872576	-2.020605e-17	0.2202455
1.5800006186918019e-09	-3.1275565e-10	4.4773443e-09	0.8764265	-2.0202603e-17	0.21830437
1.58251860640592e-09	-8.888845e-10	5.333307e-09	0.8802794	-2.0197292e-17	0.21743849
1.5850365973097802e-09	-1.4814742e-09	5.135777e-09	0.8841277	-2.019008e-17	0.21550314
1.587505212238614e-09	-2.4691236e-09	5.135777e-09	0.8879648	-2.0180988e-17	0.21545799
1.5900231980357612e-09	-3.0287917e-09	4.2798143e-09	0.89201653	-2.0169398e-17	0.2136107
1.5925412031214357e-09	-3.3250864e-09	4.2798143e-09	0.8962855	-2.0155086e-17	0.2141824
1.5950098394064729e-09	-3.4896948e-09	4.4773443e-09	0.90076375	-2.013791e-17	0.21302593
1.5975278467118329e-09	-4.6748743e-09	5.3991505e-09	0.9057235	-2.011652e-17	0.21355812
1.6000458763374574e-09	-6.18927e-09	5.0040905e-09	0.91118205	-2.0090344e-17	0.21385968
1.6025145233782608e-09	-7.901195e-09	4.5431876e-09	0.91712224	-2.0058986e-17	0.21368548
1.6050325725771485e-09	-1.0008181e-08	2.1069855e-09	0.92388165	-2.0019865e-17	0.21386221
1.6075012577452369e-09	-1.1917637e-08	-9.876494e-10	0.93125725	-1.9972906e-17	0.21470897
1.6100193090886242e-09	-1.3168659e-08	-4.5431876e-09	0.93951964	-1.9913943e-17	0.21619833
1.6125373902399335e-09	-1.3234502e-08	-1.0139868e-08	0.9483134	-1.9839975e-17	0.21650985
1.6150061116684688e-09	-1.158842e-08	-1.6065764e-08	0.9568724	-1.9745863e-17	0.21606742
1.6175242073338424e-09	-6.5843295e-09	-2.317684e-08	0.96415806	-1.9615379e-17	0.2124554
1.6200423140787615e-09	2.8888747e-09	-3.0024545e-08	0.96683323	-1.9442055e-17	0.2059942
1.622511062276978e-09	1.6427903e-08	-3.1473096e-08	0.9591552	-1.928743e-17	0.20280577
1.6250291753395488e-09	3.0682976e-08	-2.2650093e-08	0.9355383	-1.9302587e-17	0.21607548
1.6275472778296862e-09	3.6872247e-08	-5.79421e-09	0.9003648	-1.9504237e-17	0.23086652
1.6300159999067134e-09	3.5621223e-08	7.637823e-09	0.86727065	-1.9739729e-17	0.2335769
1.6325342440247412e-09	2.8049245e-08	1.9176861e-08	0.84091014	-1.9922619e-17	0.21167722
1.6350032510096455e-09	1.6888805e-08	2.6576e-08	0.82103574	-2.0034179e-17	0.20515151
1.6375211269573557e-09	5.432072e-09	2.8394922e-08	0.80605525	-2.00944e-17	0.2068045
1.6400389137707292e-09	-4.7242565e-09	2.4752964e-08	0.79595006	-2.0120844e-17	0.21042389
1.6425074966645358e-09	-9.372382e-09	1.8543119e-08	0.7901947	-2.0129169e-17	0.21147966
1.6450254698779304e-09	-1.0650154e-08	1.16048815e-08	0.78780127	-2.0129973e-17	0.2131274
1.6475434503620633e-09	-9.333287e-09	6.230422e-09	0.7883075	-2.0128998e-17	0.21316656
1.6500120462300931e-09	-7.818891e-09	2.6872295e-09	0.791021	-2.012916e-17	0.21284147
1.6525300345121245e-09	-5.415611e-09	1.0236575e-09	0.7954142	-2.0131576e-17	0.21412995
1.655048049581566e-09	-3.851833e-09	9.506126e-10	0.8010028	-2.0136455e-17	0.21419755
1.6575167008865296e-09	-2.2057505e-09	3.7036854e-10	0.8073416	-2.0143353e-17	0.21537293
1.660034733675225e-09	-8.1481083e-10	3.6419573e-10	0.81436247	-2.0152e-17	0.21555218
1.6625033964773517e-09	-1.6460824e-10	2.8806443e-10	0.82145786	-2.0161409e-17	0.2173252
1.665021424704717e-09	1.0205711e-09	9.711887e-10	0.82862526	-2.0171234e-17	0.21742716
1.6675394511104718e-09	1.876534e-09	1.7283865e-09	0.83552366	-2.0180636e-17	0.21911559
1.6700080896353201e-09	2.0411421e-09	3.1934e-09	0.8419064	-2.0188934e-17	0.21975331
1.672526099256861e-09	2.2057505e-09	4.213971e-09	0.84796095	-2.0196083e-17	0.2204443
1.675044107081659e-09	7.571979e-10	4.872404e-09	0.853531	-2.0201651e-17	0.22115599
1.6775127386898048e-09	-6.4197214e-10	4.5431876e-09	0.85853934	-2.0205451e-17	0.22147584
1.6800307288307953e-09	-9.547279e-10	4.510266e-09	0.8632406	-2.0207596e-17	0.22165269
1.6825487125466407e-09	-1.2510226e-09	4.411501e-09	0.86760783	-2.020797e-17	0.22211394
1.6850173203288435e-09	-1.1687186e-09	4.0822843e-09	0.87164736	-2.020662e-17	0.2208011
1.6875353170749382e-09	-6.255113e-10	5.0040905e-09	0.8756018	-2.0203494e-17	0.2182672
1.6900039263999215e-09	-6.58433e-10	5.6625233e-09	0.8793894	-2.019869e-17	0.21779324
1.6925219129813604e-09	-2.3703588e-09	6.18927e-09	0.8832324	-2.0191927e-17	0.21558228
1.695039896854381e-09	-2.9629483e-09	5.464994e-09	0.8871255	-2.0183137e-17	0.2156238
1.6975085277817486e-09	-3.7201462e-09	5.069934e-09	0.8910612	-2.0172311e-17	0.21406937
1.7000265261950343e-09	-4.411501e-09	4.3456576e-09	0.8952724	-2.0158671e-17	0.21426511
1.7025445182283093e-09	-4.1481276e-09	3.8189114e-09	0.8997656	-2.014192e-17	0.2128268
1.7050131602119041e-09	-5.2016205e-09	3.6872247e-09	0.9045335	-2.012187e-17	0.21375519
1.7075311733015579e-09	-6.2221917e-09	2.5678886e-09	0.9098668	-2.0096892e-17	0.21346979
1.71004919722679e-09	-7.2756845e-09	1.9752988e-09	0.91578215	-2.006631e-17	0.21304567
1.7125178591695235e-09	-8.691315e-09	7.901196e-10	0.92224765	-2.0029654e-17	0.21426511
1.7150359132587298e-09	-9.711886e-09	-1.4485525e-09	0.92959756	-1.998389e-17	0.2150162
1.7175046040479381e-09	-1.0864144e-08	-3.8189114e-09	0.9375451	-1.9928765e-17	0.21511395
1.720022680108329e-09	-1.1127518e-08	-8.427942e-09	0.9462506	-1.9858757e-17	0.21669151
1.7225407685677732e-09	-8.79008e-09	-1.4485526e-08	0.9550755	-1.9768574e-17	0.21516702
1.7250094893539943e-09	-3.6213814e-09	-1.9621302e-08	0.96272266	-1.9649498e-17	0.2138521
1.7275276014327378e-09	4.6748743e-09	-2.4625393e-08	0.96689534	-1.9485027e-17	0.20751072
1.7300457194233422e-09	1.6065764e-08	-2.5283827e-08	0.9620287	-1.9312009e-17	0.20290369
1.7325144536821993e-09	2.6501928e-08	-1.8436124e-08	0.94240797	-1.9278513e-17	0.21271501
1.7350325647358429e-09	3.2427824e-08	-3.6872247e-09	0.9088846	-1.9448168e-17	0.2267664
1.7375012906300569e-09	2.976117e-08	8.427942e-09	0.8744458	-1.968761e-17	0.23516408
1.7400194821091372e-09	2.3835273e-08	1.7843533e-08	0.84642106	-1.9886648e-17	0.21445145
1.7425378631929517e-09	1.4320917e-08	2.351223e-08	0.824886	-2.001515e-17	0.20470807
1.7450065114866968e-09	3.8024504e-09	2.5110987e-08	0.8090752	-2.0084137e-17	0.206201
1.747524255983029e-09	-4.1645887e-09	2.1802363e-08	0.79788566	-2.0116806e-17	0.20959587
1.7500421736453596e-09	-8.588435e-09	1.5820909e-08	0.7911293	-2.012827e-17	0.21142514
1.7525107902782453e-09	-9.514356e-09	9.917646e-09	0.78807807	-2.0130104e-17	0.21294811
1.75502876521116e-09	-8.592551e-09	4.6831046e-09	0.78796214	-2.0129189e-17	0.2132384
1.75754673152674e-09	-6.814781e-09	2.2921698e-09	0.79028076	-2.012896e-17	0.21260348
1.760015330538829e-09	-4.4197312e-09	1.2222162e-09	0.79427665	-2.0130792e-17	0.2138928
1.762533331950439e-09	-2.897105e-09	1.4608982e-10	0.7996179	-2.0135116e-17	0.21435481
1.7650019939428904e-09	-5.432072e-10	2.5308516e-10	0.80578196	-2.0141557e-17	0.21490192
1.7675200321596098e-09	-3.6213813e-10	7.8806195e-10	0.8127036	-2.0149883e-17	0.21580285
1.7700380713127159e-09	5.2674637e-10	1.0452623e-09	0.81991976	-2.015933e-17	0.21700928
1.7725067275469237e-09	6.666634e-10	2.3909348e-09	0.826982	-2.016897e-17	0.21706215
1.7750247543051914e-09	8.230412e-10	2.8065705e-09	0.83395624	-2.0178522e-17	0.2190558
1.7775427695400549e-09	9.876494e-10	2.99587e-09	0.84056115	-2.0187239e-17	0.21918167
1.7800114067655747e-09	1.0864144e-09	2.534967e-09	0.84660053	-2.019456e-17	0.22056639
1.7825294288813315e-09	1.7119257e-09	2.5678886e-09	0.8522827	-2.0200505e-17	0.22071835
1.7850474210464679e-09	2.0411421e-09	3.2263217e-09	0.85749125	-2.0204768e-17	0.22160767
1.7875160461836513e-09	1.4485525e-09	3.9505976e-09	0.8621838	-2.0207256e-17	0.22129206
1.7900340206246587e-09	5.2674637e-10	3.9505976e-09	0.8666208	-2.0208042e-17	0.2221667
1.7925026310427264e-09	3.2921648e-11	4.312736e-09	0.8707098	-2.0207094e-17	0.22126573
1.7950206172079587e-09	-1.3168659e-10	3.6872247e-09	0.8746962	-2.0204378e-17	0.21861431
1.7975386004112247e-09	-5.5966803e-10	3.4238514e-09	0.87857366	-2.0199878e-17	0.2180356
1.8000072160561247e-09	-1.975299e-10	4.1481276e-09	0.8823398	-2.0193669e-17	0.21625333
1.802525197727876e-09	-8.5596286e-10	3.9505976e-09	0.8862149	-2.018537e-17	0.21570317
1.8050431880206037e-09	-1.1851794e-09	3.8189114e-09	0.8901958	-2.0174852e-17	0.21458137
1.807511802509936e-09	-1.0534927e-09	4.213971e-09	0.8942743	-2.0162087e-17	0.21421157
1.8100298114221453e-09	-1.6460824e-09	4.938247e-09	0.89869434	-2.0146111e-17	0.21342337
1.81254782027055e-09	-3.1604783e-09	5.0040905e-09	0.9034664	-2.0126552e-17	0.21375461
1.81501645413273e-09	-3.0617133e-09	4.4773443e-09	0.9085826	-2.0103138e-17	0.21283725
1.8175344971730586e-09	-4.411501e-09	4.4773443e-09	0.9143536	-2.007396e-17	0.21367058
1.8200031557461515e-09	-7.012311e-09	3.094635e-09	0.92065495	-2.0038993e-17	0.21458557
1.822521202165056e-09	-7.341528e-09	1.1851794e-09	0.92782414	-1.9995346e-17	0.2153576
1.8250392606966202e-09	-8.230412e-09	-5.2674637e-10	0.935767	-1.9941692e-17	0.21592252
1.8275079589688567e-09	-9.283905e-09	-3.8189114e-09	0.94419676	-1.987648e-17	0.21553436
1.830026046012176e-09	-8.395021e-09	-7.901195e-09	0.95306456	-1.9791778e-17	0.21654177
1.8325441405392428e-09	-5.9588183e-09	-1.237854e-08	0.9612469	-1.9678566e-17	0.21480155
1.8350128733637689e-09	-7.2427625e-10	-1.5934077e-08	0.96648264	-1.9526839e-17	0.209497
1.8375309849001822e-09	4.9217865e-09	-1.817275e-08	0.96434385	-1.934642e-17	0.20347731
1.8400490984433406e-09	1.3004051e-08	-1.659251e-08	0.9480074	-1.9267111e-17	0.20957181
1.8425178406562924e-09	1.9456694e-08	-1.0139868e-08	0.91733605	-1.9396088e-17	0.2228247
1.8450359364307756e-09	2.1399071e-08	-1.1851794e-09	0.88139915	-1.9637286e-17	0.23623608
1.8475047075644345e-09	1.9884675e-08	6.1234267e-09	0.8522734	-1.9846756e-17	0.2202253
1.8500230595768168e-09	1.4814741e-08	1.2666605e-08	0.82937175	-1.9991316e-17	0.20650558
1.8525412224214395e-09	9.086375e-09	1.5892926e-08	0.812075	-2.0072972e-17	0.20517023
1.8550095941753215e-09	3.2098608e-09	1.6016383e-08	0.8000611	-2.0111653e-17	0.20840366
1.857527457576913e-09	-4.897095e-10	1.31069315e-08	0.792339	-2.0126811e-17	0.21132515
1.8600454628276361e-09	-2.9876397e-09	9.481435e-09	0.78847367	-2.0130105e-17	0.21269809
1.8625140604348713e-09	-3.1604783e-09	5.8765144e-09	0.7877482	-2.0129425e-17	0.21326628
1.8650320095572803e-09	-2.3703588e-09	3.9094457e-09	0.7895624	-2.0128855e-17	0.21283019
1.8675006144618458e-09	-1.4485525e-09	2.8991627e-09	0.79320693	-2.0130147e-17	0.21360677
1.8700186147320992e-09	-3.6213813e-10	2.7345544e-09	0.7982842	-2.0133897e-17	0.21439683
1.8725366457661927e-09	-9.711887e-10	2.596695e-09	0.80438435	-2.0140002e-17	0.2143506
1.875005313258186e-09	-6.9135464e-10	1.2818867e-09	0.81106037	-2.0147828e-17	0.21587105
1.8775233471295474e-09	9.547279e-10	1.9320892e-09	0.8182385	-2.0157076e-17	0.21648043
1.8800413832916275e-09	1.1851794e-09	2.6995752e-09	0.82546663	-2.0166885e-17	0.21735725
1.8825100351235955e-09	1.8106907e-09	3.0452525e-09	0.8323686	-2.0176366e-17	0.21879645
1.8850280603884156e-09	2.2057505e-09	3.094635e-09	0.83906806	-2.0185318e-17	0.21851645
1.88754608627414e-09	2.732497e-09	3.917676e-09	0.84533244	-2.0193092e-17	0.22053342
1.8900147083676665e-09	2.436202e-09	3.851833e-09	0.8510089	-2.0199272e-17	0.22018111
1.8925327097546398e-09	2.353898e-09	4.2798143e-09	0.8563242	-2.0203936e-17	0.2216291
1.8950013290990565e-09	1.8436124e-09	3.8847547e-09	0.86110777	-2.020682e-17	0.22081307
1.8975193120692824e-09	2.4691236e-09	3.7201462e-09	0.8656194	-2.0208017e-17	0.22211531
1.900037304818037e-09	2.732497e-09	4.6419526e-09	0.86984265	-2.0207442e-17	0.22160904
1.9025059125564617e-09	2.5678886e-09	5.530837e-09	0.8737846	-2.0205164e-17	0.2193773
1.9050238875951732e-09	1.4485525e-09	6.3209566e-09	0.8776808	-2.0201084e-17	0.21821241
1.9075418780809413e-09	6.255113e-10	6.9793895e-09	0.8815243	-2.019517e-17	0.21678354
1.910010490449612e-09	3.2921648e-11	6.9793895e-09	0.88531	-2.018748e-17	0.21568146
1.912528471103664e-09	-5.925897e-10	6.4526433e-09	0.88925976	-2.0177503e-17	0.21502681
1.9150464714464846e-09	-2.4691236e-09	6.650173e-09	0.89337295	-2.0165078e-17	0.21405001
1.917515096040241e-09	-3.2592433e-09	6.847703e-09	0.89764196	-2.015011e-17	0.21385406
1.920033106364731e-09	-3.9505976e-09	6.5843295e-09	0.90232384	-2.0131444e-17	0.21357219
1.922501748709104e-09	-5.168699e-09	5.7612883e-09	0.90732867	-2.0109097e-17	0.21295515
1.9250197679156497e-09	-6.18927e-09	6.3209566e-09	0.91296065	-2.0081262e-17	0.21395375
1.927537793113746e-09	-8.427942e-09	5.6625233e-09	0.9192325	-2.0047162e-17	0.21448395
1.9300064766089835e-09	-1.1127518e-08	3.9505976e-09	0.92609286	-2.0006273e-17	0.21506983
1.9325245322532085e-09	-1.297113e-08	1.3827093e-09	0.93385994	-1.9955152e-17	0.21597092
1.9350426045223494e-09	-1.4617212e-08	-3.358008e-09	0.9423316	-1.9891859e-17	0.21637969
1.937511314078675e-09	-1.3827092e-08	-9.218062e-09	0.9510218	-1.9813479e-17	0.21632415
1.9400294066801917e-09	-1.178595e-08	-1.5407332e-08	0.95949733	-1.9708098e-17	0.21444473
1.942547514199824e-09	-7.341528e-09	-2.2650093e-08	0.9657616	-1.9563397e-17	0.21130894
1.945016253039057e-09	1.2530802e-09	-2.9234425e-08	0.96587086	-1.9386088e-17	0.20428804
1.9475343689521516e-09	1.4074005e-08	-3.0682976e-08	0.95329285	-1.9266952e-17	0.206471
1.9500030987407865e-09	2.7242665e-08	-2.2518408e-08	0.9255157	-1.9350168e-17	0.21916494
1.952521205139413e-09	3.3514237e-08	-8.823002e-09	0.889388	-1.9580235e-17	0.2353712
1.9550393283798655e-09	3.3382552e-08	3.6213814e-09	0.8579507	-1.9806822e-17	0.22554256
1.9575082433729363e-09	2.8707678e-08	1.4897046e-08	0.8341554	-1.9964047e-17	0.20785356
1.9600265582297573e-09	1.8436124e-08	2.3925809e-08	0.8156143	-2.0058602e-17	0.20464998
1.9625442985231524e-09	7.094615e-09	2.6419624e-08	0.80226886	-2.0105798e-17	0.20693131
1.965012756044439e-09	-1.637852e-09	2.3543095e-08	0.7937556	-2.0124735e-17	0.21107636
1.9675307527384488e-09	-6.646058e-09	1.6814733e-08	0.7890673	-2.0129913e-17	0.21230413
1.970048724483203e-09	-7.341528e-09	1.0691306e-08	0.78767467	-2.0129659e-17	0.2132491
1.972517320142414e-09	-6.946468e-09	6.9217765e-09	0.7889467	-2.0128855e-17	0.21300535
1.9750352962705793e-09	-5.9258967e-09	4.2468926e-09	0.7922917	-2.012967e-17	0.21331471
1.977503912255054e-09	-4.7407176e-09	2.9001914e-09	0.7970054	-2.0132805e-17	0.21433687
1.9800219407707044e-09	-3.5390773e-09	1.84567e-09	0.80289495	-2.0138395e-17	0.21379226
1.982539977572768e-09	-2.3703588e-09	1.0925872e-09	0.8095736	-2.0146012e-17	0.21577865
1.9850086476357763e-09	-9.218062e-10	1.6872345e-10	0.8165595	-2.015486e-17	0.21576639
1.9875266691392614e-09	1.4814742e-09	7.571979e-10	0.823801	-2.0164602e-17	0.2174849
1.990044698604683e-09	1.6131608e-09	2.2386721e-09	0.83089894	-2.0174356e-17	0.21838333
1.9925133445106996e-09	2.436202e-09	2.8641833e-09	0.8375514	-2.0183333e-17	0.21889886
1.9950313503366773e-09	2.7654186e-09	3.8189114e-09	0.84392214	-2.0191411e-17	0.22033197
1.997500002611699e-09	1.7448474e-09	5.267464e-09	0.84970903	-2.0197954e-17	0.22004378
2e-09	1.0534927e-09	4.9053255e-09	0.85509616	-2.0202978e-17	0.2215103
