# t (s)	mx ()	my ()	mz ()	E_total (J)	MaxAngle (rad)
0	1.2427922e-09	7.901196e-10	0.9795362	-2.0725773e-17	0.26627314
2.51463668450987e-12	1.3415572e-09	1.2839443e-09	0.9707323	-2.0685896e-17	0.2407626
5.042062401321677e-12	1.3333268e-09	2.1399071e-09	0.962199	-2.0598771e-17	0.23052478
7.517016839643208e-12	9.876495e-11	4.4444226e-09	0.9553543	-2.047244e-17	0.22750488
1.0040378318166593e-11	-2.0411421e-09	5.0040905e-09	0.9509233	-2.0310523e-17	0.22532979
1.2512855478851547e-11	-5.79421e-09	5.267464e-09	0.94927007	-2.0125668e-17	0.22494665
1.5033739885458742e-11	-1.0600771e-08	3.753068e-09	0.9498587	-1.9905446e-17	0.22214127
1.7504499553678956e-11	-1.5407332e-08	-5.2674637e-10	0.9515835	-1.9641468e-17	0.2204124
2.0024175114752998e-11	-2.0115127e-08	-8.823002e-09	0.9520488	-1.9297639e-17	0.21556501
2.2543615595925994e-11	-2.074887e-08	-2.1464915e-08	0.945795	-1.8881695e-17	0.2106053
2.5013475013054108e-11	-1.4399106e-08	-3.397514e-08	0.9248929	-1.8540254e-17	0.21630804
2.7532605019441205e-11	1.7119257e-09	-4.0954532e-08	0.8871462	-1.8485386e-17	0.2515016
3.000220764691854e-11	1.8041064e-08	-3.9374292e-08	0.84956217	-1.8792963e-17	0.24090455
3.2520972604519864e-11	3.272412e-08	-3.0600674e-08	0.81615865	-1.9209564e-17	0.20642738
3.5039754136761896e-11	4.2798142e-08	-1.4131618e-08	0.78611535	-1.9511548e-17	0.19881557
3.750918829892818e-11	4.490513e-08	2.633732e-09	0.7607534	-1.969381e-17	0.2022297
4.002746970864789e-11	3.8699397e-08	1.5835314e-08	0.7399512	-1.9802143e-17	0.20838638
4.2545488971105694e-11	2.7292046e-08	2.4098647e-08	0.72460085	-1.9860774e-17	0.21141577
4.501430654282358e-11	1.6872345e-08	2.5810573e-08	0.71446186	-1.9888987e-17	0.21196866
4.7532503005923105e-11	7.851813e-09	2.278178e-08	0.7086044	-1.9901463e-17	0.21206467
5.000126546220649e-11	1.8436124e-09	1.8699497e-08	0.70674014	-1.9906412e-17	0.21153276
5.2519370625787745e-11	-1.0041102e-09	1.5407332e-08	0.707934	-1.9909445e-17	0.21159577
5.5037523470547627e-11	-3.1934e-09	1.1720107e-08	0.711586	-1.9913523e-17	0.2118587
5.7506334419012456e-11	-3.753068e-09	1.0008181e-08	0.71719	-1.9920079e-17	0.21120377
6.002452589346918e-11	-3.835372e-09	7.901195e-09	0.72461367	-1.9930019e-17	0.21224414
6.254271863040002e-11	-3.2592433e-09	6.4526433e-09	0.7333364	-1.9943334e-17	0.2114896
6.501154120492859e-11	-3.4896948e-09	5.267464e-09	0.7427678	-1.9959374e-17	0.21289621
6.752974557407017e-11	-2.1069855e-09	4.213971e-09	0.75298446	-1.9978258e-17	0.213237
7.004794763173134e-11	-1.2839443e-09	3.555538e-09	0.7635595	-1.9999007e-17	0.21309528
7.251678654072774e-11	-1.1193361e-09	2.5678886e-09	0.77404714	-2.0020398e-17	0.2143534
7.503499887669731e-11	-4.2798143e-10	2.534967e-09	0.7846218	-2.0042419e-17	0.21592169
7.750380301648492e-11	2.9629485e-10	2.897105e-09	0.7946262	-2.0063365e-17	0.21723753
8.002198843780753e-11	1.0864144e-09	2.6995752e-09	0.80422676	-2.0083254e-17	0.21820994
8.254016666162977e-11	1.9999902e-09	2.2263265e-09	0.8130154	-2.0100974e-17	0.21987687
8.50089801329917e-11	3.4896948e-09	2.0329118e-09	0.820698	-2.0115815e-17	0.22223079
8.752714135179589e-11	4.938247e-09	2.534967e-09	0.82750094	-2.0128239e-17	0.22288807
9.004530152753972e-11	6.0575833e-09	4.1975103e-09	0.8332555	-2.0138043e-17	0.22516967
9.251406826266773e-11	5.5966805e-09	5.7612883e-09	0.8379435	-2.0145372e-17	0.22512962
9.503220623076835e-11	4.7407176e-09	5.7448277e-09	0.8418678	-2.0150828e-17	0.2271587
9.750094498864692e-11	3.9999803e-09	4.2798143e-09	0.84501	-2.0154505e-17	0.22789039
1.000190746369955e-10	4.6419526e-09	4.1892796e-09	0.8476348	-2.0156848e-17	0.22779857
1.0253718011695462e-10	5.267464e-09	4.4773443e-09	0.84979886	-2.0158037e-17	0.22863214
1.0500592468289465e-10	4.3456576e-09	5.464994e-09	0.8515737	-2.0158329e-17	0.22954291
1.0752402807923988e-10	3.5226164e-09	5.135777e-09	0.85311115	-2.015796e-17	0.23009892
1.1004213654792784e-10	2.897105e-09	5.5966805e-09	0.85443544	-2.0157081e-17	0.23045643
1.1251086137360774e-10	3.4073906e-09	5.2016205e-09	0.8555726	-2.0155872e-17	0.2306364
1.150289789812817e-10	2.9629483e-09	6.1234267e-09	0.8566028	-2.0154385e-17	0.23068646
1.1754708365269834e-10	2.436202e-09	6.6830945e-09	0.8575286	-2.0152724e-17	0.23064162
1.2001580688497847e-10	8.230412e-10	5.4979155e-09	0.85835433	-2.0150982e-17	0.23107456
1.2253390094078228e-10	6.748938e-10	3.9505976e-09	0.8591278	-2.0149124e-17	0.23156878
1.250026334872826e-10	9.547279e-10	3.2263217e-09	0.8598299	-2.0147256e-17	0.23196529
1.2752073461780482e-10	1.4814742e-09	2.897105e-09	0.8604975	-2.0145327e-17	0.2322972
1.3003884335989642e-10	2.633732e-09	4.411501e-09	0.8611232	-2.0143378e-17	0.2325632
1.3250756124393882e-10	2.0905246e-09	5.2016205e-09	0.8617015	-2.0141464e-17	0.23281288
1.3502565323293066e-10	2.436202e-09	4.2798143e-09	0.86226004	-2.0139512e-17	0.23303652
1.3754375312892725e-10	1.6296217e-09	4.9053255e-09	0.8627908	-2.013757e-17	0.23322047
1.400124777134131e-10	1.3497876e-09	4.839482e-09	0.8632873	-2.0135666e-17	0.23336254
1.425305795629816e-10	1.4156308e-09	4.7407176e-09	0.8637722	-2.0133737e-17	0.23347488
1.4504868585890774e-10	1.2510226e-09	4.2468926e-09	0.86423767	-2.0131816e-17	0.23355834
1.4751741558191617e-10	1.218101e-09	4.609031e-09	0.8646772	-2.0129937e-17	0.23361449
1.5003551593125462e-10	9.218062e-10	4.5761093e-09	0.86511	-2.012803e-17	0.23364872
1.5250424466328812e-10	1.1193361e-09	4.6748743e-09	0.86552083	-2.0126166e-17	0.23366056
1.5502233941805218e-10	3.950598e-10	4.5761093e-09	0.86592734	-2.0124269e-17	0.23365077
1.5754043044115438e-10	1.3168659e-10	3.2921648e-09	0.8663229	-2.0122371e-17	0.23363559
1.6000915235991246e-10	9.218062e-10	3.7859897e-09	0.8667007	-2.0120512e-17	0.23361629
1.6252726268503802e-10	8.5596286e-10	3.753068e-09	0.86707735	-2.0118614e-17	0.23358048
1.6504535719001821e-10	7.2427625e-10	3.358008e-09	0.86744606	-2.0116712e-17	0.23352794
1.6751407865029818e-10	9.218062e-10	3.2263217e-09	0.8678006	-2.0114839e-17	0.23346226
1.7003216250124834e-10	1.3497876e-09	3.5884598e-09	0.86815614	-2.0112921e-17	0.23338057
1.7250089235733763e-10	1.0534927e-09	4.0822843e-09	0.8684994	-2.0111027e-17	0.23328699
1.750189957572363e-10	6.9135464e-10	4.411501e-09	0.86884505	-2.0109083e-17	0.23318024
1.7753708966187574e-10	2.9629485e-10	4.1481276e-09	0.86918676	-2.010712e-17	0.23305638
1.8000581194791398e-10	1.3168659e-10	3.8847547e-09	0.86951846	-2.0105179e-17	0.23292473
1.8252389941142414e-10	2.6337318e-10	4.1481276e-09	0.8698544	-2.0103172e-17	0.23277853
1.850419910804951e-10	5.925897e-10	4.213971e-09	0.8701884	-2.010114e-17	0.23261672
1.8751072689440431e-10	1.3168659e-10	4.7407176e-09	0.8705146	-2.0099117e-17	0.23244679
1.9002882886482985e-10	-4.609031e-10	5.333307e-09	0.87084645	-2.0097023e-17	0.23225912
1.9254692039097043e-10	-4.609031e-10	5.5966805e-09	0.87117845	-2.0094889e-17	0.23205912
1.9501564710607293e-10	-8.5596286e-10	4.6748743e-09	0.8715041	-2.0092755e-17	0.23184912
1.975337505654512e-10	-1.3168659e-10	4.4773443e-09	0.8718376	-2.0090531e-17	0.2316176
2.000024697127558e-10	-3.292165e-10	4.609031e-09	0.8721663	-2.0088303e-17	0.23137783
2.0252055797560747e-10	-3.292165e-10	4.4773443e-09	0.87250376	-2.008597e-17	0.23111907
2.0503864386075243e-10	-3.6213813e-10	4.609031e-09	0.87284434	-2.008358e-17	0.2308397
2.0750738016849372e-10	3.292165e-10	4.609031e-09	0.8731819	-2.0081164e-17	0.23055112
2.1002547048772573e-10	3.292165e-10	5.7283667e-09	0.87353045	-2.007863e-17	0.2302366
2.1254357136772172e-10	-1.975299e-10	6.0575833e-09	0.87388414	-2.007601e-17	0.22990231
2.1501228931248494e-10	-1.0534927e-09	5.530837e-09	0.87423635	-2.007335e-17	0.22955365
2.1753040291196232e-10	-1.2839443e-09	4.7407176e-09	0.8746026	-2.007054e-17	0.22917351
2.2004850731561857e-10	-1.0205711e-09	4.6748743e-09	0.8749763	-2.0067617e-17	0.22877042
2.2251721803815384e-10	-7.901196e-10	4.8065605e-09	0.8753509	-2.0064632e-17	0.22834794
2.2503531599360203e-10	-8.5596286e-10	4.8065605e-09	0.8757423	-2.0061458e-17	0.22788537
2.2750403701447945e-10	-9.876494e-10	4.5431876e-09	0.8761365	-2.0058197e-17	0.22740337
2.3002213635194707e-10	-1.0534927e-09	5.0040905e-09	0.87655014	-2.0054711e-17	0.22687559
2.3254023419690378e-10	-1.6460824e-09	4.938247e-09	0.8769769	-2.0051043e-17	0.22630809
2.3500894876208986e-10	-1.0534927e-09	5.3991505e-09	0.8774094	-2.0047252e-17	0.22571148
2.3752705566357315e-10	-1.5143958e-09	5.267464e-09	0.87786645	-2.004316e-17	0.22545381
2.400451508451329e-10	-1.8436124e-09	5.6625233e-09	0.87834144	-2.003882e-17	0.2252767
2.4251388193084644e-10	-2.0740638e-09	5.333307e-09	0.8788262	-2.003429e-17	0.22506607
2.4503197746937266e-10	-2.1728288e-09	5.069934e-09	0.8793426	-2.0029353e-17	0.22480978
2.475007193590296e-10	-2.897105e-09	5.0040905e-09	0.87987256	-2.0024173e-17	0.22450797
2.5001881601966567e-10	-2.7654186e-09	5.0040905e-09	0.8804401	-2.0018489e-17	0.22414249
2.525369167871403e-10	-3.094635e-09	5.135777e-09	0.8810382	-2.0012348e-17	0.2237125
2.5500564728530685e-10	-3.8189114e-09	4.3456576e-09	0.8816574	-2.0005816e-17	0.223216
2.5752374512329524e-10	-3.8847547e-09	4.6748743e-09	0.88232684	-1.9998565e-17	0.22262312
2.6004184581103163e-10	-4.213971e-09	4.411501e-09	0.8830392	-1.9990621e-17	0.221925
2.6251057229629553e-10	-4.0822843e-09	4.609031e-09	0.8837845	-1.9982055e-17	0.22112283
2.6502868463762044e-10	-4.7407176e-09	4.6748743e-09	0.88459903	-1.9972387e-17	0.22023076
2.675467804375894e-10	-4.938247e-09	5.3991505e-09	0.8854759	-1.996162e-17	0.2201306
2.700155034462816e-10	-6.3538783e-09	5.0040905e-09	0.8864046	-1.9949798e-17	0.2199318
2.72533612168464e-10	-7.3744495e-09	4.411501e-09	0.8874323	-1.9936196e-17	0.21957196
2.7500236400026555e-10	-8.164569e-09	3.4238514e-09	0.88853073	-1.9921039e-17	0.21902509
2.77520468122736e-10	-8.230412e-09	2.5678886e-09	0.8897582	-1.9903317e-17	0.21821325
2.800385723660872e-10	-8.098725e-09	2.897105e-09	0.89111084	-1.9882791e-17	0.21707182
2.8250731853655267e-10	-9.481435e-09	1.9752988e-09	0.8925785	-1.9859276e-17	0.21643881
2.850254379231101e-10	-1.1259204e-08	1.0534927e-09	0.8942434	-1.9830944e-17	0.21639606
2.8754354940400765e-10	-1.27736e-08	-5.925897e-10	0.89610624	-1.9797005e-17	0.2158858
2.900123090596881e-10	-1.3629562e-08	-2.5020452e-09	0.8981553	-1.9756698e-17	0.21472521
2.925304449945128e-10	-1.5736548e-08	-4.411501e-09	0.9005052	-1.9706167e-17	0.21415745
2.950485751522308e-10	-1.8238593e-08	-8.559629e-09	0.9031476	-1.9642969e-17	0.21417512
2.975173468172086e-10	-1.9292086e-08	-1.3102816e-08	0.90603584	-1.9564408e-17	0.21290185
3.000354854275872e-10	-2.077356e-08	-1.8699497e-08	0.90925634	-1.9461135e-17	0.21316713
3.025042851288337e-10	-2.2320878e-08	-2.5678887e-08	0.91255546	-1.9328706e-17	0.21251757
3.050224526297227e-10	-2.3012232e-08	-3.6674717e-08	0.9157117	-1.9149959e-17	0.21214792
3.0754062298492335e-10	-2.0707716e-08	-5.1357773e-08	0.9178374	-1.8912239e-17	0.21204032
3.1000944294451486e-10	-1.4683056e-08	-6.808197e-08	0.91730714	-1.860913e-17	0.21183091
3.12527645000049e-10	-1.0534927e-09	-8.5991346e-08	0.9112759	-1.8233923e-17	0.21428195
3.150458670017441e-10	2.0722121e-08	-9.9160005e-08	0.89646566	-1.7851302e-17	0.22729231
3.175147205201492e-10	4.8658197e-08	-1.119336e-07	0.8733274	-1.7625786e-17	0.25572422
3.2003296744916253e-10	8.981026e-08	-1.3168659e-07	0.8446865	-1.7778758e-17	0.23313458
3.225018491187394e-10	1.4380176e-07	-1.17530284e-07	0.8127995	-1.823093e-17	0.2029522
3.2502023439039383e-10	1.7560407e-07	-5.3629364e-08	0.7770841	-1.8704299e-17	0.19601242
3.2753892594989534e-10	1.6697861e-07	2.3308527e-08	0.7410706	-1.9068e-17	0.20027754
3.3000828356105247e-10	1.333656e-07	7.993376e-08	0.70861125	-1.9318474e-17	0.20647477
3.3252640316778936e-10	8.7374055e-08	1.07983006e-07	0.6806177	-1.9486822e-17	0.20983838
3.3504445561103114e-10	4.332489e-08	1.1061674e-07	0.6586727	-1.958868e-17	0.21188563
3.375132141732924e-10	7.868274e-09	9.929169e-08	0.6429404	-1.9643917e-17	0.21181023
3.400313379863543e-10	-1.5555479e-08	7.8748585e-08	0.6325178	-1.967204e-17	0.21049006
3.4250007807529506e-10	-2.8197393e-08	5.767873e-08	0.62705296	-1.9684422e-17	0.21115543
3.4501822401418534e-10	-3.195046e-08	3.792574e-08	0.6253915	-1.9690103e-17	0.21113439
3.475363910692813e-10	-3.015623e-08	2.3308527e-08	0.6270629	-1.9694108e-17	0.21115828
3.500052110158109e-10	-2.6195345e-08	1.3695406e-08	0.6314832	-1.9699425e-17	0.21085519
3.5252344166852846e-10	-2.2152154e-08	7.637823e-09	0.6383241	-1.9707902e-17	0.21072443
3.550416694010845e-10	-1.866246e-08	4.213971e-09	0.64701194	-1.9720194e-17	0.21132429
3.575105174642124e-10	-1.6530782e-08	6.58433e-10	0.6569201	-1.9736083e-17	0.21105047
3.6002874632695403e-10	-1.4230382e-08	-2.1069855e-09	0.668139	-1.9756034e-17	0.21096623
3.6254698519470665e-10	-1.0119292e-08	-3.9505976e-09	0.68023276	-1.977939e-17	0.21169452
3.650158285257596e-10	-5.9258967e-09	-5.530837e-09	0.69272196	-1.9805134e-17	0.21170785
3.675340290795713e-10	-4.3785793e-09	-5.267464e-09	0.70590174	-1.9833768e-17	0.21140185
3.700028609349679e-10	-3.670764e-09	-5.267464e-09	0.71907544	-1.9863637e-17	0.211214
3.725210832883662e-10	-2.3045155e-09	-4.609031e-09	0.73260206	-1.9895368e-17	0.21208479
3.7503927014134323e-10	-9.876495e-11	-3.753068e-09	0.74605936	-1.992776e-17	0.21291144
3.77508081085031e-10	1.1851794e-09	-2.5020452e-09	0.75903016	-1.9959512e-17	0.21382484
3.8002625034510034e-10	1.3497876e-09	-1.218101e-09	0.7718649	-1.9991174e-17	0.21486948
3.825444333337883e-10	1.5143958e-09	-3.4567732e-10	0.78411645	-2.0021318e-17	0.21612856
3.85013226470043e-10	2.3045155e-09	1.975299e-10	0.79537165	-2.0048616e-17	0.21751584
3.8753137231938854e-10	2.5678886e-09	2.0329118e-09	0.80588925	-2.007344e-17	0.21890709
3.9000012695449666e-10	3.0781742e-09	3.3724115e-09	0.81509566	-2.0094308e-17	0.22001347
3.9251824488153796e-10	3.9835193e-09	4.452653e-09	0.8232501	-2.0111864e-17	0.22286595
3.9503636406207056e-10	5.0040905e-09	6.0740444e-09	0.8301288	-2.0125789e-17	0.2243588
3.975050888234939e-10	5.069934e-09	8.032882e-09	0.83569336	-2.0136283e-17	0.22558628
4.0002318303503773e-10	3.9505976e-09	9.876494e-09	0.84029794	-2.0144234e-17	0.22657783
4.025412551367232e-10	1.9423774e-09	9.5802e-09	0.8439923	-2.0149865e-17	0.22789751
4.050099541187119e-10	1.6460824e-09	8.032882e-09	0.8469036	-2.0153544e-17	0.22801118
4.075280292292969e-10	2.2057505e-09	7.967039e-09	0.8493088	-2.0155778e-17	0.2284077
4.1004609173276115e-10	1.9752988e-09	8.032882e-09	0.8512787	-2.0156812e-17	0.22947112
4.125147775928868e-10	1.9752988e-09	7.242763e-09	0.85289	-2.0156944e-17	0.23007174
4.1503284462102733e-10	1.9094557e-09	7.4402924e-09	0.8542862	-2.0156423e-17	0.23045382
4.1750151971539233e-10	6.9135464e-10	7.7695095e-09	0.8554698	-2.0155445e-17	0.23064135
4.200195860835927e-10	4.9382474e-11	6.8806245e-09	0.8565313	-2.0154125e-17	0.23069455
4.225376482757817e-10	-2.3045155e-10	5.79421e-09	0.8574778	-2.015257e-17	0.23064527
4.250063374302684e-10	3.950598e-10	4.9053255e-09	0.8583166	-2.0150896e-17	0.23106988
4.275243993987933e-10	1.4320917e-09	5.0040905e-09	0.8590991	-2.0149084e-17	0.23156515
4.3004247488316256e-10	1.7448474e-09	4.7407176e-09	0.85982066	-2.0147208e-17	0.23197047
4.3251117567019026e-10	1.218101e-09	5.432072e-09	0.86047864	-2.0145335e-17	0.23229381
4.3502923700466027e-10	4.938247e-10	5.432072e-09	0.86110705	-2.0143398e-17	0.23256163
4.3754729474843106e-10	9.876495e-11	4.8065605e-09	0.86169857	-2.0141453e-17	0.23281288
4.4001600158109025e-10	5.2674637e-10	3.8189114e-09	0.86224717	-2.0139548e-17	0.23303367
4.4253406264050973e-10	1.0864144e-09	3.753068e-09	0.8627791	-2.0137604e-17	0.23321609
4.4500276388384387e-10	1.218101e-09	3.917676e-09	0.86327624	-2.0135705e-17	0.23335944
4.475208289529511e-10	1.1522577e-09	4.115206e-09	0.8637618	-2.013378e-17	0.2334736
4.500388989940309e-10	1.0534927e-09	3.358008e-09	0.8642277	-2.0131856e-17	0.23355705
4.5250759308118573e-10	8.5596286e-10	3.1275567e-09	0.8646676	-2.0129976e-17	0.2336137
4.5502566577606075e-10	7.571979e-10	2.534967e-09	0.86510074	-2.0128072e-17	0.23364794
4.575437448426962e-10	8.230412e-10	2.897105e-09	0.86552	-2.012617e-17	0.23365954
4.600124434136824e-10	1.0864144e-09	3.094635e-09	0.8659189	-2.0124308e-17	0.23365258
4.625305032355254e-10	1.5143958e-09	3.1604783e-09	0.8663144	-2.0122414e-17	0.23363714
4.6504857147554784e-10	1.2510226e-09	2.897105e-09	0.86670005	-2.0120517e-17	0.23361655
4.67517262710188e-10	1.1193361e-09	3.2263217e-09	0.86706936	-2.0118655e-17	0.23358074
4.700353209462527e-10	1.218101e-09	3.9505976e-09	0.8674382	-2.0116751e-17	0.23352976
4.725040017919051e-10	7.571979e-10	3.555538e-09	0.8677929	-2.0114879e-17	0.23346458
4.750220797680462e-10	6.9135464e-10	3.6213814e-09	0.8681485	-2.0112961e-17	0.2333829
4.775401442890856e-10	9.876494e-10	3.7201462e-09	0.86849874	-2.0111032e-17	0.23328778
4.80008830974611e-10	1.1522577e-09	3.2263217e-09	0.8688376	-2.0109126e-17	0.23318152
4.825269013151958e-10	1.8106907e-09	4.0822843e-09	0.8691793	-2.0107163e-17	0.23306128
4.850449792088071e-10	1.316866e-09	4.872404e-09	0.8695179	-2.010518e-17	0.23292577
4.875136707308234e-10	8.230412e-10	5.0040905e-09	0.86984724	-2.0103214e-17	0.2327806
4.900317443717332e-10	3.292165e-10	4.312736e-09	0.87018126	-2.0101185e-17	0.2326219
4.925004248433589e-10	4.938247e-10	4.0822843e-09	0.87050736	-2.009916e-17	0.23245093
4.950185006547579e-10	3.2921648e-11	4.016441e-09	0.8708393	-2.0097066e-17	0.23226379
4.975365719215589e-10	5.925897e-10	3.6213814e-09	0.87117106	-2.009493e-17	0.23206379
5.000052647241106e-10	5.925897e-10	3.8847547e-09	0.87149704	-2.0092803e-17	0.23185274
5.025233254813666e-10	8.5596286e-10	3.094635e-09	0.8718304	-2.0090583e-17	0.23162435
5.050413859626103e-10	1.1851794e-09	3.6213814e-09	0.87216574	-2.0088306e-17	0.23137963
5.075100860223227e-10	1.218101e-09	4.1481276e-09	0.87249655	-2.0086021e-17	0.23112375
5.100281536350813e-10	1.1851794e-09	4.2798143e-09	0.87283707	-2.0083631e-17	0.23084699
5.125461968113967e-10	5.925897e-10	3.4238514e-09	0.87318116	-2.0081171e-17	0.23055138
5.150148892008526e-10	1.1193361e-09	3.753068e-09	0.8735228	-2.0078686e-17	0.23024392
5.175329660243918e-10	1.1193361e-09	4.2798143e-09	0.8738764	-2.0076066e-17	0.22991043
5.20001662556349e-10	1.218101e-09	3.6872247e-09	0.87422854	-2.0073407e-17	0.22956178
5.225197186445872e-10	1.3827093e-09	3.4896948e-09	0.87459445	-2.0070601e-17	0.22918376
5.250377952877475e-10	1.4814742e-09	3.9505976e-09	0.87496805	-2.0067681e-17	0.22877963
5.275064777502462e-10	1.2510226e-09	4.7407176e-09	0.87534237	-2.0064698e-17	0.22835688
5.300245550559293e-10	5.925897e-10	4.7407176e-09	0.8757337	-2.0061527e-17	0.22789778
5.325426196857822e-10	-3.292165e-10	4.5431876e-09	0.8761356	-2.0058207e-17	0.22740418
5.350113104380421e-10	-1.3168659e-10	4.0822843e-09	0.87654096	-2.005479e-17	0.22688673
5.375293758279724e-10	-3.950598e-10	4.3456576e-09	0.87696743	-2.0051126e-17	0.22632217
5.400474450844171e-10	6.5843296e-11	4.4773443e-09	0.8774084	-2.004726e-17	0.22571255
5.425161342373872e-10	-4.609031e-10	5.135777e-09	0.8778562	-2.0043255e-17	0.225457
5.450341979658197e-10	-6.255113e-10	5.333307e-09	0.87833077	-2.0038915e-17	0.22528201
5.475029030916208e-10	-1.3827093e-09	5.7283667e-09	0.87881523	-2.003439e-17	0.22507274
5.500209662399204e-10	-1.7119257e-09	5.79421e-09	0.8793311	-2.0029467e-17	0.22481513
5.525390269255534e-10	-1.6460824e-09	6.3868e-09	0.8798713	-2.0024185e-17	0.22450906
5.550077187163798e-10	-2.0411421e-09	5.79421e-09	0.8804275	-2.0018618e-17	0.22415242
5.575257884295153e-10	-2.3045155e-09	5.8600533e-09	0.8810247	-2.0012485e-17	0.22372244
5.600438540512491e-10	-2.5020452e-09	5.464994e-09	0.8816559	-2.0005835e-17	0.22321843
5.625125590204537e-10	-3.0617133e-09	6.1234267e-09	0.8823117	-1.9998732e-17	0.22263716
5.650306184083877e-10	-3.6213814e-09	6.847703e-09	0.883023	-1.9990803e-17	0.22194207
5.675486975191463e-10	-5.0040905e-09	6.847703e-09	0.88378274	-1.9982075e-17	0.22112608
5.70017396066134e-10	-5.79421e-09	6.847703e-09	0.8845805	-1.9972613e-17	0.22023185
5.725354644704387e-10	-7.242763e-09	7.1769195e-09	0.88545585	-1.996187e-17	0.22013362
5.750041681790654e-10	-7.506136e-09	6.3868e-09	0.88638276	-1.9950076e-17	0.219937
5.775222413452003e-10	-8.098725e-09	5.6625233e-09	0.8874087	-1.9936515e-17	0.21958263
5.800403215290006e-10	-8.559629e-09	5.464994e-09	0.888528	-1.9921077e-17	0.21902671
5.825090146290495e-10	-9.942338e-09	6.0575833e-09	0.8897298	-1.9903736e-17	0.21823445
5.850271022031758e-10	-1.0864144e-08	5.464994e-09	0.8910795	-1.9883273e-17	0.21710116
5.875451829596556e-10	-1.297113e-08	5.3991505e-09	0.8925745	-1.985934e-17	0.21643881
5.900139062028173e-10	-1.5078115e-08	4.4773443e-09	0.8942047	-1.9831625e-17	0.21640024
5.925320061942899e-10	-1.698757e-08	2.633732e-09	0.8960628	-1.9797825e-17	0.21590416
5.950007170901679e-10	-2.0115127e-08	1.6460824e-10	0.8981065	-1.9757699e-17	0.21476072
5.975188144073288e-10	-2.3901118e-08	-1.777769e-09	0.90045017	-1.970741e-17	0.21414624
6.000369351768952e-10	-2.7324969e-08	-5.267464e-09	0.9030859	-1.9644532e-17	0.21418744
6.025056679611475e-10	-3.1078038e-08	-1.0403241e-08	0.9059675	-1.9566405e-17	0.21294811
6.050237841523078e-10	-3.578583e-08	-1.7514317e-08	0.9091828	-1.946373e-17	0.21315868
6.075419148791974e-10	-4.1020375e-08	-2.8049245e-08	0.91254693	-1.9329093e-17	0.21252295
6.100106873543381e-10	-4.4806363e-08	-4.1612964e-08	0.9156486	-1.91545e-17	0.21213348
6.125288448677839e-10	-4.753886e-08	-6.0839206e-08	0.9178114	-1.8918253e-17	0.21205193
6.15047022672232e-10	-4.454299e-08	-8.5727976e-08	0.9173141	-1.8610014e-17	0.2118312
6.175158177025917e-10	-3.4831103e-08	-1.12987095e-07	0.9114951	-1.8242694e-17	0.21413977
6.200340226735819e-10	-1.2641913e-08	-1.4090466e-07	0.8969008	-1.7858962e-17	0.22685069
6.225028517305619e-10	1.9720067e-08	-1.6908558e-07	0.8739181	-1.7627426e-17	0.25510305
6.250210782531814e-10	6.847703e-08	-2.1175204e-07	0.8453633	-1.7770854e-17	0.23413838
6.275393351387732e-10	1.4788405e-07	-2.1484668e-07	0.81288886	-1.8229615e-17	0.20302464
6.300083562405198e-10	2.1636107e-07	-1.4334086e-07	0.77789307	-1.869487e-17	0.19612072
6.32527032351627e-10	2.3660789e-07	-3.5259085e-08	0.74184865	-1.9061188e-17	0.2000236
6.350456592207039e-10	2.1221295e-07	5.59668e-08	0.7086926	-1.9317923e-17	0.20645326
6.375143391985233e-10	1.63028e-07	1.12328664e-07	0.6811759	-1.9483877e-17	0.209652
6.400323987822858e-10	1.0488837e-07	1.3432033e-07	0.6590958	-1.9586983e-17	0.21186693
6.425011324577357e-10	5.211497e-08	1.3300345e-07	0.6432356	-1.9643025e-17	0.2118003
6.450191975128574e-10	1.0139868e-08	1.149624e-07	0.6326931	-1.9671624e-17	0.21044785
6.47537286197448e-10	-1.6822963e-08	9.165387e-08	0.6270625	-1.9684404e-17	0.21115571
6.500060180088562e-10	-2.9086276e-08	6.768691e-08	0.6253904	-1.9690012e-17	0.21113466
6.52524152835082e-10	-3.334963e-08	4.806561e-08	0.6269926	-1.9694012e-17	0.21115942
6.550423168829419e-10	-3.237844e-08	3.3448394e-08	0.6314674	-1.9699406e-17	0.2108586
6.575111225487545e-10	-2.9802322e-08	2.3835273e-08	0.6381491	-1.9707674e-17	0.21068881
6.600293204580362e-10	-2.7370236e-08	1.580239e-08	0.64680046	-1.9719878e-17	0.2113382
6.62547504805618e-10	-2.454309e-08	8.823002e-09	0.6568903	-1.9736035e-17	0.21104705
6.650163329419208e-10	-2.156368e-08	4.4773443e-09	0.66787714	-1.9755546e-17	0.2110146
6.675345313892371e-10	-1.896287e-08	7.901196e-10	0.6799536	-1.9778831e-17	0.21170047
6.700033489692117e-10	-1.496289e-08	-2.7654186e-09	0.69243056	-1.9804514e-17	0.2116724
6.725215337647737e-10	-1.1028752e-08	-4.872404e-09	0.7056025	-1.9833103e-17	0.21132855
6.750396981775905e-10	-8.329177e-09	-5.135777e-09	0.71903694	-1.9863546e-17	0.21122481
6.775084843159458e-10	-5.79421e-09	-4.4773443e-09	0.7322981	-1.9894643e-17	0.21214311
6.800266630312824e-10	-3.654303e-09	-4.3456576e-09	0.74575865	-1.9927027e-17	0.21294951
6.825448007274959e-10	-1.777769e-09	-3.2921648e-09	0.75899225	-1.9959418e-17	0.21382794
6.850135756800668e-10	-1.7119257e-09	-1.8436124e-09	0.7715817	-1.9990472e-17	0.2148628
6.875317272787878e-10	-1.7119257e-09	-2.9629485e-10	0.7838483	-2.0020663e-17	0.21609716
6.900004580419438e-10	-8.6007806e-10	5.7612887e-10	0.7951225	-2.0048022e-17	0.2174501
6.925185770664087e-10	1.3168659e-10	1.7654234e-09	0.805664	-2.007292e-17	0.21880935
6.950366778786688e-10	2.534967e-09	1.6296217e-09	0.8150697	-2.0094255e-17	0.22001974
6.975053898977094e-10	4.7736393e-09	3.851833e-09	0.8230801	-2.011151e-17	0.2228514
7.00023460882818e-10	6.814781e-09	5.8600533e-09	0.8299871	-2.0125511e-17	0.22429316
7.025415185874241e-10	7.242763e-09	8.263334e-09	0.8356779	-2.0136253e-17	0.22558762
7.050101950997389e-10	7.111076e-09	9.613121e-09	0.8402044	-2.0144078e-17	0.22653165
7.075282423376592e-10	5.7283667e-09	1.078184e-08	0.84391737	-2.014976e-17	0.22788326
7.10046271035647e-10	4.1481276e-09	1.0518467e-08	0.84689546	-2.0153534e-17	0.22801225
7.125149083310032e-10	3.5390773e-09	1.0469084e-08	0.8492595	-2.015574e-17	0.22837743
7.150329259866875e-10	3.0781742e-09	9.810651e-09	0.851238	-2.01568e-17	0.22945277
7.175015630044214e-10	1.9094557e-09	9.514356e-09	0.8528557	-2.015695e-17	0.23006207
7.200195589051097e-10	1.3827093e-09	9.119296e-09	0.85425675	-2.0156441e-17	0.23044834
7.22537572498163e-10	4.938247e-10	9.415592e-09	0.85546625	-2.0155452e-17	0.23064214
7.250062277157882e-10	-1.6460824e-10	8.230412e-09	0.85650855	-2.0154158e-17	0.23069428
7.275242421142035e-10	-5.2674637e-10	8.164569e-09	0.8574573	-2.0152608e-17	0.23064838
7.300422493890021e-10	-1.0864144e-09	7.143998e-09	0.8583139	-2.0150899e-17	0.23106779
7.325108902637079e-10	-1.316866e-09	6.7818595e-09	0.85908186	-2.0149129e-17	0.2315558
7.35028901909085e-10	-9.218062e-10	6.18927e-09	0.85980475	-2.0147253e-17	0.23196217
7.375469196972856e-10	-3.292165e-10	5.695445e-09	0.86047643	-2.0145339e-17	0.23229381
7.40015562003718e-10	1.975299e-10	5.99174e-09	0.8610931	-2.0143444e-17	0.23255648
7.425335778553337e-10	-4.609031e-10	6.1234267e-09	0.86168534	-2.01415e-17	0.23280747
7.450022369692902e-10	-5.2674637e-10	5.79421e-09	0.8622347	-2.0139593e-17	0.23302954
7.475202485046201e-10	-9.876494e-10	5.8600533e-09	0.86276716	-2.013765e-17	0.23321402
7.500382616011627e-10	-1.2839443e-09	5.8600533e-09	0.8632746	-2.0135712e-17	0.23335995
7.525069032874498e-10	-1.7448474e-09	4.4773443e-09	0.8637509	-2.0133821e-17	0.23347153
7.55024931007179e-10	-1.1193361e-09	4.2798143e-09	0.8642172	-2.0131902e-17	0.23355629
7.575429483375533e-10	-2.6337318e-10	3.6872247e-09	0.86466604	-2.0129984e-17	0.23361397
7.600116042332905e-10	1.975299e-10	4.411501e-09	0.8650909	-2.0128117e-17	0.23364769
7.625296291500812e-10	4.938247e-10	4.872404e-09	0.8655105	-2.0126216e-17	0.23366006
7.65047653386386e-10	-3.6213813e-10	5.0040905e-09	0.8659174	-2.0124315e-17	0.23365258
7.675162966649043e-10	-6.255113e-10	3.7201462e-09	0.86630535	-2.0122455e-17	0.23363739
7.700343274172342e-10	-9.547279e-10	3.5884598e-09	0.8666912	-2.012056e-17	0.23361808
7.725029637418148e-10	-2.9629485e-10	3.1604783e-09	0.86706066	-2.0118698e-17	0.23358358
7.75020973308378e-10	-9.876495e-11	3.6213814e-09	0.8674297	-2.0116796e-17	0.23353077
7.775389945736483e-10	1.6460824e-10	3.1604783e-09	0.86779153	-2.0114888e-17	0.23346509
7.800076281542734e-10	3.950598e-10	3.094635e-09	0.86814034	-2.0113007e-17	0.23338598
7.825256584546176e-10	4.938247e-10	3.3909298e-09	0.86849064	-2.0111075e-17	0.23329061
7.850436799582839e-10	8.5596286e-10	3.1604783e-09	0.86883634	-2.010913e-17	0.23318256
7.875123194817651e-10	7.2427625e-10	4.016441e-09	0.86917144	-2.0107209e-17	0.23306388
7.900303263332433e-10	7.901196e-10	4.3785793e-09	0.86951005	-2.0105227e-17	0.23292963
7.925483442625201e-10	2.9629485e-10	5.135777e-09	0.8698459	-2.0103222e-17	0.23278214
7.950169836568338e-10	-1.975299e-10	4.4773443e-09	0.8701734	-2.0101232e-17	0.232625
7.975350026750104e-10	-1.3168659e-10	4.1481276e-09	0.8705061	-2.0099169e-17	0.23245223
8.000036553102612e-10	1.3168659e-10	4.0822843e-09	0.8708316	-2.0097117e-17	0.23226896
8.025216650015228e-10	7.2427625e-10	4.5431876e-09	0.8711634	-2.0094988e-17	0.23206924
8.050396881856606e-10	3.292165e-10	4.1481276e-09	0.8714957	-2.0092811e-17	0.23185456
8.075083357451424e-10	1.3827093e-09	4.5431876e-09	0.8718226	-2.0090634e-17	0.23163033
8.100263541829429e-10	1.975299e-10	5.0040905e-09	0.87215775	-2.008836e-17	0.23138587
8.125443566021784e-10	1.3168659e-10	4.609031e-09	0.87249523	-2.0086033e-17	0.23112558
8.15012995167954e-10	2.6337318e-10	4.2798143e-09	0.8728289	-2.0083689e-17	0.23085377
8.175310211522879e-10	6.5843296e-11	4.5431876e-09	0.873173	-2.0081229e-17	0.23055974
8.200490382804441e-10	-6.58433e-10	4.0822843e-09	0.87352145	-2.0078693e-17	0.23024574
8.225176813815188e-10	-6.5843296e-11	3.6872247e-09	0.873868	-2.007613e-17	0.2299188
8.250357048057359e-10	3.292165e-10	3.4896948e-09	0.87422717	-2.0073422e-17	0.22956386
8.275043321234077e-10	-2.3045155e-10	3.753068e-09	0.87458587	-2.0070667e-17	0.22919267
8.30022353057318e-10	-3.292165e-10	4.213971e-09	0.8749592	-2.006775e-17	0.22878961
8.325403713472429e-10	-9.876495e-11	4.5431876e-09	0.8753409	-2.0064715e-17	0.228359
8.350090150466923e-10	6.5843296e-11	4.3456576e-09	0.8757243	-2.0061606e-17	0.22790885
8.37527025565353e-10	1.975299e-10	4.213971e-09	0.8761258	-2.0058286e-17	0.22741765
8.400450540241446e-10	-3.950598e-10	4.3456576e-09	0.8765393	-2.0054805e-17	0.22689043
8.425136926806512e-10	-6.58433e-10	5.0040905e-09	0.8769572	-2.0051212e-17	0.22633545
8.450317161100681e-10	-1.2510226e-09	5.3991505e-09	0.8773977	-2.0047356e-17	0.22572854
8.475003585548983e-10	-1.2510226e-09	5.135777e-09	0.8778453	-2.0043352e-17	0.22546153
8.500183747235236e-10	-1.5143958e-09	5.0040905e-09	0.8783193	-2.0039023e-17	0.22528629
8.525363852489445e-10	-1.7119257e-09	5.0040905e-09	0.8788131	-2.0034412e-17	0.22507407
8.550050320086828e-10	-2.436202e-09	5.2016205e-09	0.87931854	-2.0029591e-17	0.22482234
8.575230544945262e-10	-1.777769e-09	4.8065605e-09	0.87985814	-2.0024317e-17	0.22451629
8.600410683265794e-10	-2.1728288e-09	5.267464e-09	0.8804249	-2.0018643e-17	0.22415403
8.625097132406442e-10	-1.679004e-09	4.7407176e-09	0.88101	-2.0012639e-17	0.22373426
8.650277378689475e-10	-1.9752988e-09	5.135777e-09	0.8816403	-2.0006002e-17	0.22323106
8.675457578794174e-10	-2.5020452e-09	5.069934e-09	0.8823087	-1.9998762e-17	0.2226404
8.700144110076415e-10	-2.8312617e-09	4.8065605e-09	0.8830054	-1.9991003e-17	0.22196075
8.725324372666007e-10	-3.8189114e-09	4.6748743e-09	0.88376385	-1.9982295e-17	0.22114728
8.750010802344063e-10	-3.555538e-09	4.1481276e-09	0.8845602	-1.9972855e-17	0.22023459
8.775191076190702e-10	-4.312736e-09	4.411501e-09	0.88543415	-1.9962145e-17	0.22013715
8.800371496372248e-10	-4.2798143e-09	4.0822843e-09	0.8863785	-1.9950137e-17	0.21993835
8.825057807643335e-10	-5.2016205e-09	4.016441e-09	0.887383	-1.993686e-17	0.21959303
8.85023822177066e-10	-5.6625233e-09	3.8189114e-09	0.8884998	-1.9921475e-17	0.21904346
8.875418618049767e-10	-6.0575833e-09	3.555538e-09	0.88972414	-1.9903818e-17	0.21823886
8.900105266837661e-10	-7.045233e-09	2.1728288e-09	0.8910454	-1.9883806e-17	0.21713354
8.925285764263649e-10	-8.032882e-09	2.1069855e-09	0.89253664	-1.9859963e-17	0.21643798
8.950466225080816e-10	-8.888845e-09	1.1851794e-09	0.89419675	-1.9831761e-17	0.21640134
8.97515285456786e-10	-1.0139868e-08	1.3168659e-10	0.89601547	-1.979872e-17	0.21592335
9.000333500337808e-10	-1.1917637e-08	-1.2510226e-09	0.8980964	-1.9757902e-17	0.21476854
9.0250204165283e-10	-1.36624845e-08	-3.4156211e-09	0.90039027	-1.9708756e-17	0.2141322
9.050201085712416e-10	-1.537441e-08	-6.18927e-09	0.9030186	-1.9646231e-17	0.21420006
9.07538185773354e-10	-1.7185101e-08	-1.0205711e-08	0.90595335	-1.9566812e-17	0.21295741
9.100068952023605e-10	-1.91604e-08	-1.5539019e-08	0.9091024	-1.946655e-17	0.2131491
9.125250001120845e-10	-2.0279735e-08	-2.2123348e-08	0.9124659	-1.933282e-17	0.21256278
9.150430982417193e-10	-2.03785e-08	-3.055129e-08	0.91563535	-1.9155445e-17	0.21213008
9.175118531488059e-10	-1.9357929e-08	-4.253477e-08	0.9177815	-1.8924794e-17	0.21206439
9.200299918559363e-10	-1.4287996e-08	-5.7151983e-08	0.91737735	-1.8618376e-17	0.21182668
9.225481381467017e-10	-4.230432e-09	-7.2164255e-08	0.91154045	-1.8244529e-17	0.21410978
9.250169353012357e-10	1.2395001e-08	-8.506954e-08	0.8973714	-1.786742e-17	0.22633705
9.275351207413095e-10	3.6197353e-08	-9.652627e-08	0.87404215	-1.7627796e-17	0.25496507
9.300039461182429e-10	6.8345344e-08	-1.1417228e-07	0.8461016	-1.7762402e-17	0.23519427
9.325221714898573e-10	1.14303965e-07	-1.0745626e-07	0.8137247	-1.8217326e-17	0.20369458
9.350405538612796e-10	1.459746e-07	-5.74812e-08	0.77806437	-1.8692862e-17	0.19614153
9.375098367029668e-10	1.4562892e-07	6.847703e-09	0.7427024	-1.9053664e-17	0.1997228
9.40028533693389e-10	1.2003233e-07	5.9390654e-08	0.70944345	-1.931282e-17	0.20625485
9.42546521303681e-10	8.177737e-08	8.8493394e-08	0.6812943	-1.9483248e-17	0.2096119
9.45015146600728e-10	4.4839286e-08	9.310242e-08	0.6595617	-1.9585106e-17	0.21183518
9.475332122104369e-10	1.3168659e-08	8.454279e-08	0.64329886	-1.964283e-17	0.21179888
9.500018742678482e-10	-7.934117e-09	6.808197e-08	0.63288736	-1.9671157e-17	0.21040304
9.52519894762281e-10	-1.9538998e-08	4.951416e-08	0.6271495	-1.9684204e-17	0.2111543
9.55037946191067e-10	-2.2436103e-08	3.410683e-08	0.6253905	-1.9689989e-17	0.21113494
9.575066548656272e-10	-2.2189191e-08	2.2650093e-08	0.62691724	-1.9693906e-17	0.21116056
9.600247968929407e-10	-2.0929939e-08	1.4485526e-08	0.6313277	-1.969924e-17	0.21087627
9.625429370233258e-10	-1.902254e-08	8.164569e-09	0.63811123	-1.9707624e-17	0.21068111
9.650117200294137e-10	-1.5860005e-08	3.4238514e-09	0.6465701	-1.9719528e-17	0.21135186
9.675298828657446e-10	-1.3432032e-08	7.901196e-10	0.65662867	-1.9735593e-17	0.21099953
9.700480372139125e-10	-1.0255094e-08	-1.8436124e-09	0.6678199	-1.975544e-17	0.211026
9.725168158010192e-10	-7.641938e-09	-3.1604783e-09	0.67964864	-1.9778224e-17	0.21170558
9.750349727349039e-10	-5.0040905e-09	-4.213971e-09	0.6923665	-1.980438e-17	0.21166474
9.775037343182038e-10	-2.716036e-09	-3.8189114e-09	0.7052752	-1.9832375e-17	0.21124442
9.800218731850376e-10	-1.218101e-09	-2.7654186e-09	0.7187051	-1.9862782e-17	0.21131434
9.825400139290095e-10	5.2674637e-10	-2.897105e-09	0.732231	-1.9894485e-17	0.21215613
9.850087690004753e-10	9.876495e-11	-5.2674637e-10	0.7454297	-1.992623e-17	0.21298787
9.875268771299368e-10	-1.975299e-10	5.925897e-10	0.7586708	-1.9958627e-17	0.21384338
9.900449791212923e-10	-3.6213813e-10	7.901196e-10	0.77151847	-1.999032e-17	0.21486138
9.925137052102683e-10	-5.5966803e-10	5.1028554e-10	0.7835545	-2.0019943e-17	0.2160574
9.950317925232594e-10	1.975299e-10	-2.3045155e-10	0.7950667	-2.0047887e-17	0.21743545
9.975004886122213e-10	1.218101e-09	6.028777e-10	0.80541694	-2.0072345e-17	0.21869895
1.0000185556266146e-09	2.8641833e-09	1.4156308e-09	0.8148521	-2.0093772e-17	0.22006126
1.0025365992083057e-09	4.0493626e-09	3.1110958e-09	0.8230416	-2.011143e-17	0.22284816
1.0050052595984243e-09	4.2798143e-09	4.609031e-09	0.8298314	-2.0125207e-17	0.22421946
1.007523273992716e-09	3.9835193e-09	5.7777494e-09	0.8355509	-2.0136021e-17	0.22559081
1.0100412741646652e-09	3.4238514e-09	6.2551133e-09	0.8401831	-2.0144047e-17	0.2265221
1.0125098965861584e-09	2.897105e-09	6.814781e-09	0.84383494	-2.0149647e-17	0.22786744
1.0150278698415167e-09	2.4691236e-09	6.946468e-09	0.8468291	-2.0153462e-17	0.2280183
1.0175458500737206e-09	1.8436124e-09	6.485565e-09	0.8492482	-2.0155733e-17	0.22837032
1.0200144544857722e-09	2.1069855e-09	6.2551133e-09	0.85119325	-2.0156785e-17	0.22943287
1.0225324210359215e-09	2.2386721e-09	6.5843295e-09	0.85284775	-2.0156952e-17	0.23005973
1.0250010185749391e-09	1.3827093e-09	6.9793895e-09	0.8542245	-2.015646e-17	0.23044129
1.0275189945373845e-09	3.950598e-10	6.3868e-09	0.85543823	-2.015548e-17	0.23064005
1.0300369579214415e-09	3.950598e-10	5.79421e-09	0.8565033	-2.0154166e-17	0.2306948
1.0325055677885346e-09	6.58433e-10	5.234542e-09	0.85743475	-2.0152646e-17	0.230651
1.0350235378704012e-09	4.938247e-10	5.037012e-09	0.85829365	-2.0150942e-17	0.23105453
1.037541512585076e-09	9.218062e-10	4.609031e-09	0.8590779	-2.0149137e-17	0.23155347
1.0400101209095053e-09	6.255113e-10	4.411501e-09	0.8597873	-2.01473e-17	0.23195337
1.0425281036468939e-09	4.609031e-10	4.5431876e-09	0.8604602	-2.0145388e-17	0.2322858
1.0450460880439124e-09	4.2798143e-10	2.99587e-09	0.8610897	-2.0143454e-17	0.23255518
1.0475147041684444e-09	9.218062e-10	2.9300267e-09	0.8616709	-2.0141547e-17	0.23280178
1.0500326843920297e-09	1.1687186e-09	3.2921648e-09	0.86223173	-2.0139601e-17	0.23302878
1.0525012891626246e-09	1.3827093e-09	3.7201462e-09	0.862754	-2.0137699e-17	0.23320913
1.055019281822453e-09	9.547279e-10	4.2798143e-09	0.8632622	-2.0135762e-17	0.23335686
1.0575372758255358e-09	-3.2921648e-11	3.7859897e-09	0.8637483	-2.0133833e-17	0.23347102
1.0600058747816209e-09	2.3045155e-10	2.897105e-09	0.8642058	-2.0131947e-17	0.23355474
1.0625238672059246e-09	6.5843296e-11	3.1275567e-09	0.8646551	-2.0130032e-17	0.2336132
1.0650418435039586e-09	3.7859896e-10	3.4238514e-09	0.8650886	-2.0128128e-17	0.23364718
1.0675104682046388e-09	6.255113e-10	3.555538e-09	0.8655001	-2.012626e-17	0.23366031
1.0700284583416626e-09	5.2674637e-10	4.1481276e-09	0.8659073	-2.0124365e-17	0.23365337
1.0725464487363063e-09	2.9629485e-10	3.7201462e-09	0.86630315	-2.0122465e-17	0.23363739
1.0750150602485082e-09	6.255113e-10	3.358008e-09	0.8666816	-2.0120608e-17	0.23361886
1.0775330492981718e-09	6.58433e-10	3.2263217e-09	0.8670586	-2.011871e-17	0.23358306
1.0800016457986549e-09	1.0205711e-09	3.5884598e-09	0.8674204	-2.0116844e-17	0.23353311
1.0825196414503166e-09	1.1851794e-09	3.1934e-09	0.8677826	-2.0114933e-17	0.23346664
1.085037624825362e-09	1.1193361e-09	3.9505976e-09	0.8681384	-2.0113017e-17	0.23338677
1.0875062427083751e-09	8.888845e-10	4.5431876e-09	0.8684819	-2.0111123e-17	0.23329395
1.0900242317274103e-09	7.901196e-10	3.3909298e-09	0.8688277	-2.0109181e-17	0.23318617
1.0925422203517203e-09	9.547279e-10	3.2592433e-09	0.86916953	-2.0107222e-17	0.23306465
1.0950108388592804e-09	1.0534927e-09	3.0287917e-09	0.86950153	-2.0105278e-17	0.2329335
1.0975288240840713e-09	1.0205711e-09	3.1275567e-09	0.8698375	-2.0103273e-17	0.23278628
1.10004680988603e-09	1.4814742e-09	3.555538e-09	0.8701716	-2.0101245e-17	0.23262681
1.1025154324317403e-09	1.9423774e-09	4.2798143e-09	0.8704977	-2.0099223e-17	0.2324574
1.1050334194559565e-09	2.2386721e-09	4.411501e-09	0.87082964	-2.009713e-17	0.23227052
1.107502029822901e-09	1.7119257e-09	5.333307e-09	0.871155	-2.0095041e-17	0.23207416
1.1100200145519062e-09	1.3827093e-09	5.135777e-09	0.8714874	-2.0092864e-17	0.23186027
1.1125380082431259e-09	3.950598e-10	4.609031e-09	0.8718208	-2.0090645e-17	0.23163138
1.11500663474029e-09	1.6460824e-10	4.213971e-09	0.8721493	-2.0088419e-17	0.23139212
1.1175246143152174e-09	5.2674637e-10	4.0822843e-09	0.87248665	-2.0086093e-17	0.23113208
1.1200426087159825e-09	1.3497876e-09	4.411501e-09	0.87282693	-2.0083704e-17	0.2308561
1.1225112196388117e-09	7.901196e-10	4.872404e-09	0.87316424	-2.0081293e-17	0.23056754
1.1250292182313357e-09	9.876494e-10	5.069934e-09	0.8735125	-2.0078759e-17	0.23025437
1.1275472153938881e-09	7.2427625e-10	5.0040905e-09	0.87386596	-2.0076145e-17	0.22992113
1.1300158330560883e-09	3.292165e-10	4.8065605e-09	0.8742179	-2.0073493e-17	0.22957304
1.1325338244507525e-09	-2.9629485e-10	4.3456576e-09	0.87458366	-2.0070686e-17	0.22919556
1.135002440642318e-09	-3.292165e-10	4.7407176e-09	0.87494963	-2.0067827e-17	0.22880039
1.137520438387138e-09	-4.609031e-10	4.7407176e-09	0.87533104	-2.0064791e-17	0.2283711
1.14003842817655e-09	-7.901196e-10	5.333307e-09	0.87572205	-2.0061623e-17	0.22791228
1.1425070506032247e-09	-1.1851794e-09	6.18927e-09	0.8761157	-2.005837e-17	0.22743008
1.145025047439485e-09	-1.7119257e-09	6.3868e-09	0.8765286	-2.0054898e-17	0.22690447
1.1475430528568919e-09	-1.9094557e-09	5.530837e-09	0.8769547	-2.0051239e-17	0.2263397
1.1500116792158808e-09	-2.2386721e-09	5.6625233e-09	0.87738633	-2.0047455e-17	0.22574478
1.1525296663678197e-09	-2.5678886e-09	5.069934e-09	0.8778425	-2.0043379e-17	0.2254618
1.155047666042687e-09	-2.7654186e-09	5.267464e-09	0.8783165	-2.003905e-17	0.2252879
1.1575162918308598e-09	-3.6872247e-09	4.8065605e-09	0.8788002	-2.0034533e-17	0.22508022
1.160034290723091e-09	-4.1481276e-09	4.0822843e-09	0.8793154	-2.0029614e-17	0.22482422
1.1625029243389267e-09	-4.0822843e-09	3.6213814e-09	0.87984407	-2.0024454e-17	0.22452512
1.1650209233711274e-09	-4.8065605e-09	3.555538e-09	0.8804102	-2.0018792e-17	0.22416341
1.167538920677161e-09	-4.609031e-09	3.4896948e-09	0.88100636	-2.0012675e-17	0.22373694
1.1700075486669577e-09	-5.267464e-09	3.2921648e-09	0.88162386	-2.0006175e-17	0.2232456
1.1725255598873725e-09	-5.135777e-09	3.358008e-09	0.8822912	-1.9998957e-17	0.22265686
1.1750435612847602e-09	-4.872404e-09	2.9629483e-09	0.8830011	-1.9991051e-17	0.2219648
1.1775122010884612e-09	-5.0040905e-09	2.7983402e-09	0.88374394	-1.9982531e-17	0.22117011
1.1800302106310983e-09	-5.135777e-09	2.1069855e-09	0.88455534	-1.9972916e-17	0.22023486
1.1825482192921947e-09	-5.267464e-09	2.3045155e-09	0.88542867	-1.9962206e-17	0.2201377
1.1850168558046466e-09	-6.3209566e-09	1.5802392e-09	0.88635343	-1.995046e-17	0.21994628
1.187534880433543e-09	-6.4526433e-09	7.2427625e-10	0.88737667	-1.9936944e-17	0.21959549
1.190003524736467e-09	-5.99174e-09	9.876494e-10	0.88847	-1.9921894e-17	0.21905991
1.1925215442663939e-09	-5.8600533e-09	5.2674637e-10	0.8896913	-1.9904303e-17	0.21826279
1.195039563827379e-09	-6.7818595e-09	5.925897e-10	0.891037	-1.9883938e-17	0.21714155
1.197508221937792e-09	-7.901195e-09	6.5843296e-11	0.8924965	-1.9860625e-17	0.2164366
1.2000262487729819e-09	-9.020532e-09	-1.1851794e-09	0.89415205	-1.9832545e-17	0.21640773
1.2025442859486337e-09	-9.481435e-09	-3.358008e-09	0.89600366	-1.979894e-17	0.21592836
1.20501295345182e-09	-1.0008181e-08	-5.069934e-09	0.8980401	-1.975905e-17	0.21480827
1.207530999132959e-09	-9.942338e-09	-7.506136e-09	0.9003754	-1.9709087e-17	0.21412912
1.2100490498335064e-09	-9.876494e-09	-9.855919e-09	0.90300184	-1.9646651e-17	0.21420315
1.2125177469377809e-09	-1.0732458e-08	-1.2839443e-08	0.9058745	-1.9569103e-17	0.2130093
1.215035828482391e-09	-1.1193361e-08	-1.7119257e-08	0.90908235	-1.9467244e-17	0.21314684
1.217504559203476e-09	-1.1456733e-08	-2.3440213e-08	0.9123801	-1.933673e-17	0.2126046
1.220022657199362e-09	-9.218062e-09	-3.173647e-08	0.9155619	-1.9160646e-17	0.21211112
1.2225407756277656e-09	-4.7407176e-09	-4.1843414e-08	0.91777396	-1.8926405e-17	0.21206778
1.225009528117348e-09	2.5678886e-09	-5.3464756e-08	0.91744095	-1.8627154e-17	0.21182185
1.2275276720039838e-09	1.6427903e-08	-6.3341254e-08	0.9117869	-1.8254642e-17	0.21393745
1.2300458475906768e-09	3.4584193e-08	-6.860871e-08	0.89748704	-1.7869523e-17	0.22620553
1.232514655416863e-09	5.6559394e-08	-7.2427625e-08	0.87472045	-1.762999e-17	0.25416672
1.2350328598950078e-09	8.9024255e-08	-7.8748585e-08	0.8462836	-1.776034e-17	0.23544888
1.2375017101574777e-09	1.2589238e-07	-6.123427e-08	0.8146033	-1.8204371e-17	0.20437352
1.2400200682500665e-09	1.3879767e-07	-1.05020055e-08	0.7789977	-1.8681897e-17	0.19623448
1.2425387293639978e-09	1.2120928e-07	4.4839286e-08	0.7429138	-1.9051791e-17	0.19964467
1.2450080265976547e-09	8.641933e-08	8.164569e-08	0.7102391	-1.9307378e-17	0.20601985
1.2475260856360212e-09	4.7209642e-08	9.62629e-08	0.6819407	-1.9479816e-17	0.20937516
1.2500440674353268e-09	1.3432032e-08	9.165387e-08	0.659677	-1.9584638e-17	0.2118264
1.2525127352330225e-09	-1.0666614e-08	7.5324735e-08	0.6436426	-1.964178e-17	0.21178555
1.2550307558595599e-09	-2.538259e-08	5.530837e-08	0.63293576	-1.9671042e-17	0.21039191
1.2575487686314631e-09	-3.0847584e-08	3.5687066e-08	0.6271713	-1.9684154e-17	0.21115401
1.2600174415693173e-09	-2.9464875e-08	2.0806482e-08	0.62539166	-1.968988e-17	0.21113524
1.2625355078684148e-09	-2.476531e-08	1.1061674e-08	0.62689894	-1.969388e-17	0.21115999
1.2650042546287834e-09	-2.0154221e-08	6.0575833e-09	0.6311826	-1.9699071e-17	0.21089421
1.2675223948994324e-09	-1.6448478e-08	1.5802392e-09	0.63791203	-1.9707363e-17	0.21063864
1.2700405319085013e-09	-1.3913512e-08	-5.2674637e-10	0.6465133	-1.9719442e-17	0.21135499
1.2725093046282895e-09	-1.0804474e-08	-3.8189114e-09	0.6563552	-1.9735133e-17	0.21094802
1.2750274295645471e-09	-7.143998e-09	-5.267464e-09	0.6675206	-1.9754888e-17	0.21108034
1.2775456021980398e-09	-4.037017e-09	-5.530837e-09	0.67957354	-1.9778074e-17	0.21170644
1.2800143583602422e-09	-1.6131608e-09	-5.6625233e-09	0.6920335	-1.9803678e-17	0.21161819
1.2825325097058293e-09	-1.1522577e-10	-4.7407176e-09	0.7051944	-1.9832195e-17	0.21122338
1.285001251152084e-09	4.4444226e-10	-4.4773443e-09	0.71835834	-1.9861981e-17	0.211403
1.2875193752517556e-09	1.7448474e-09	-3.1604783e-09	0.7318837	-1.9893659e-17	0.21221754
1.2900374857613305e-09	2.9300267e-09	-2.1728288e-09	0.74534833	-1.9926033e-17	0.21299577
1.292506226055557e-09	2.897105e-09	-1.0534927e-09	0.75833476	-1.99578e-17	0.21385434
1.2950243184825692e-09	3.2592433e-09	2.057603e-12	0.7711949	-1.9989521e-17	0.21484628
1.297542408370234e-09	3.2921648e-09	1.0699536e-09	0.7834817	-2.0019764e-17	0.21604656
1.300011113058598e-09	2.7983402e-09	1.1193361e-09	0.7947821	-2.0047205e-17	0.2173567
1.3025291749555126e-09	2.7983402e-09	1.7839419e-09	0.80535597	-2.0072206e-17	0.21867064
1.305047230828763e-09	4.016441e-09	3.3415473e-09	0.8147983	-2.009365e-17	0.22007136
1.3075158961355474e-09	3.7201462e-09	4.9423625e-09	0.8228471	-2.011102e-17	0.22282793
1.3100339303431761e-09	2.3045155e-09	6.469104e-09	0.82979286	-2.012513e-17	0.22420095
1.3125025613125673e-09	1.7119257e-09	6.4032606e-09	0.8354182	-2.0135781e-17	0.2255916
1.3150205534010646e-09	1.876534e-09	5.79421e-09	0.84007627	-2.0143868e-17	0.22646874
1.317538531626066e-09	1.8106907e-09	6.3868e-09	0.84381455	-2.0149617e-17	0.22786373
1.3200071333630874e-09	1.5143958e-09	6.1069656e-09	0.84676	-2.0153384e-17	0.22802569
1.3225251036344811e-09	1.777769e-09	6.3209566e-09	0.84919196	-2.0155692e-17	0.22833371
1.3250430597965814e-09	1.6460824e-09	6.0575833e-09	0.8511822	-2.015678e-17	0.22942843
1.3275116482242273e-09	1.4650133e-09	6.4526433e-09	0.85280854	-2.0156959e-17	0.23004848
1.3300296123295934e-09	9.218062e-10	6.551408e-09	0.8542166	-2.0156466e-17	0.23043945
1.3325475808353808e-09	5.2674637e-10	6.551408e-09	0.85543126	-2.015549e-17	0.23063901
1.33501617638382e-09	1.6460824e-10	6.5184866e-09	0.8564774	-2.0154203e-17	0.23069428
1.3375341450581477e-09	6.5843296e-11	5.069934e-09	0.8574292	-2.0152658e-17	0.230651
1.3400027407900079e-09	8.39502e-10	4.2798143e-09	0.8582725	-2.015099e-17	0.23103994
1.342520710887196e-09	1.8436124e-09	3.8189114e-09	0.8590585	-2.0149183e-17	0.23154204
1.3450386817030946e-09	1.8436124e-09	4.0822843e-09	0.859783	-2.014731e-17	0.23195076
1.3475072791103868e-09	1.6460824e-09	4.5431876e-09	0.86044353	-2.014544e-17	0.23227802
1.3500252525180909e-09	1.4814742e-09	4.8065605e-09	0.86107403	-2.0143502e-17	0.23254949
1.35254323331247e-09	9.876494e-10	5.069934e-09	0.86166734	-2.0141562e-17	0.23280025
1.35501185034859e-09	1.1193361e-09	4.2468926e-09	0.86221766	-2.0139653e-17	0.23302284
1.3575298407398881e-09	9.547279e-10	3.654303e-09	0.8627509	-2.013771e-17	0.23320834
1.3600478151310889e-09	8.230412e-10	3.2921648e-09	0.86325914	-2.0135773e-17	0.23335584
1.3625164239317927e-09	1.0205711e-09	3.094635e-09	0.86373603	-2.013388e-17	0.23346844
1.3650344106113497e-09	1.218101e-09	2.8641833e-09	0.8642029	-2.0131956e-17	0.23355396
1.3675030351111562e-09	2.3374371e-09	2.9629483e-09	0.86464363	-2.0130084e-17	0.23361164
1.3700210168009697e-09	2.3374371e-09	4.609031e-09	0.8650777	-2.0128176e-17	0.23364666
1.3725389948983418e-09	2.0082205e-09	4.312736e-09	0.86549747	-2.0126272e-17	0.23366082
1.3750076052979852e-09	1.9094557e-09	4.411501e-09	0.86589694	-2.0124413e-17	0.2336531
1.3775255783469878e-09	1.6460824e-09	3.8847547e-09	0.8662932	-2.0122515e-17	0.23363817
1.3800435791401656e-09	1.8436124e-09	3.9505976e-09	0.86667925	-2.012062e-17	0.23361886
1.3825121864400025e-09	1.9752988e-09	4.2468926e-09	0.86704904	-2.0118756e-17	0.23358436
1.385030164387283e-09	1.2510226e-09	3.7201462e-09	0.8674182	-2.0116855e-17	0.23353337
1.3875481396165894e-09	1.0205711e-09	3.5884598e-09	0.86778027	-2.0114946e-17	0.23346715
1.3900167452749619e-09	6.255113e-10	3.1275567e-09	0.86812925	-2.0113067e-17	0.23338805
1.392534734089357e-09	9.547279e-10	2.6995752e-09	0.8684797	-2.0111136e-17	0.23329395
1.3950033628816968e-09	1.6131608e-09	2.5020452e-09	0.8688189	-2.0109232e-17	0.23318952
1.3975213390167754e-09	1.7448474e-09	2.7654186e-09	0.8691607	-2.010727e-17	0.23306799
1.4000393310041187e-09	1.6131608e-09	2.897105e-09	0.8694994	-2.0105291e-17	0.23293455
1.4025079394029525e-09	1.9752988e-09	3.0287917e-09	0.8698289	-2.0103324e-17	0.23279066
1.4050259229898039e-09	2.0082205e-09	3.358008e-09	0.8701629	-2.0101295e-17	0.23263095
1.4075438991413244e-09	2.3045155e-09	3.1604783e-09	0.8704957	-2.0099238e-17	0.23245844
1.410012526500859e-09	2.2386721e-09	3.6213814e-09	0.8708211	-2.0097182e-17	0.23227492
1.4125305167504389e-09	1.7448474e-09	3.753068e-09	0.87115294	-2.0095051e-17	0.23207572
1.4150485004265588e-09	1.6460824e-09	4.872404e-09	0.87148535	-2.0092879e-17	0.23186181
1.4175171266238482e-09	1.777769e-09	4.7407176e-09	0.8718121	-2.0090705e-17	0.23163708
1.4200351181973222e-09	2.1069855e-09	4.7407176e-09	0.8721472	-2.0088435e-17	0.2313942
1.422503726508972e-09	1.9094557e-09	5.0040905e-09	0.8724779	-2.0086154e-17	0.23113936
1.4250217105711687e-09	1.9094557e-09	5.267464e-09	0.8728182	-2.0083765e-17	0.23086366
1.4275397032030635e-09	1.0534927e-09	5.8600533e-09	0.87316215	-2.0081308e-17	0.23056912
1.4300083247389352e-09	8.5596286e-10	5.464994e-09	0.8735036	-2.0078825e-17	0.23026273
1.432526312780393e-09	5.925897e-10	5.333307e-09	0.8738568	-2.0076214e-17	0.22992977
1.4350443076130014e-09	5.925897e-10	5.464994e-09	0.8742157	-2.007351e-17	0.22957513
1.437512918851096e-09	6.255113e-10	5.3991505e-09	0.8745741	-2.007076e-17	0.22920527
1.4400309182981905e-09	7.901196e-10	4.6748743e-09	0.87494725	-2.0067847e-17	0.22880301
1.4425489168758942e-09	1.975299e-10	5.530837e-09	0.87532866	-2.006481e-17	0.22837427
1.4450175355815102e-09	-6.58433e-10	5.7283667e-09	0.87571186	-2.0061707e-17	0.22792415
1.4475355258831718e-09	-9.218062e-10	5.267464e-09	0.87611306	-2.0058395e-17	0.2274335
1.4500041331472042e-09	-9.876494e-10	4.7407176e-09	0.87651783	-2.0054987e-17	0.22691798
1.452522129432346e-09	-9.876494e-10	4.872404e-09	0.8769435	-2.0051335e-17	0.2263551
1.455040131400812e-09	-6.5843296e-11	4.7407176e-09	0.87738353	-2.004748e-17	0.22574797
1.457508758645524e-09	-7.2427625e-10	5.0040905e-09	0.87783056	-2.0043486e-17	0.2254658
1.4600267597847374e-09	-1.8436124e-09	5.069934e-09	0.87830406	-2.0039163e-17	0.22529323
1.462544756044688e-09	-2.633732e-09	4.7407176e-09	0.8787972	-2.0034563e-17	0.22508155
1.4650133758338125e-09	-2.5678886e-09	4.016441e-09	0.8793019	-2.0029748e-17	0.22483145
1.4675313782105934e-09	-2.1069855e-09	4.016441e-09	0.8798406	-2.002449e-17	0.22452699
1.4700000174065871e-09	-2.1728288e-09	4.6748743e-09	0.8803952	-2.0018944e-17	0.22417389
1.4725180030779225e-09	-2.1728288e-09	4.016441e-09	0.88099056	-2.001284e-17	0.22374956
1.4750360110167906e-09	-2.5678886e-09	4.6748743e-09	0.88161975	-2.0006218e-17	0.22324857
1.4775046395153006e-09	-3.2921648e-09	5.069934e-09	0.88227344	-1.9999151e-17	0.22267279
1.4800226388390843e-09	-3.753068e-09	4.938247e-09	0.8829822	-1.9991265e-17	0.22198403
1.4825406492414517e-09	-3.7201462e-09	5.069934e-09	0.88373905	-1.9982584e-17	0.22117555
1.4850092836642717e-09	-3.9835193e-09	4.8065605e-09	0.8845337	-1.9973178e-17	0.22024412
1.4875272914139867e-09	-4.8065605e-09	4.5431876e-09	0.88540536	-1.99625e-17	0.2201407
1.4900453068890577e-09	-5.7283667e-09	5.2016205e-09	0.88634735	-1.995054e-17	0.2199471
1.4925139542627316e-09	-6.18927e-09	4.7407176e-09	0.8873492	-1.9937316e-17	0.21960671
1.4950319708311962e-09	-6.5184866e-09	4.872404e-09	0.88846284	-1.9921995e-17	0.21906403
1.4975006254461232e-09	-6.9793895e-09	5.069934e-09	0.88965833	-1.990479e-17	0.21828757
1.5000186304867239e-09	-8.493785e-09	5.3991505e-09	0.89100057	-1.9884504e-17	0.21717502
1.5025366681045306e-09	-1.0633692e-08	4.938247e-09	0.89248675	-1.9860782e-17	0.21643631
1.5050053254945745e-09	-1.2510227e-08	3.8189114e-09	0.8941069	-1.9833336e-17	0.21641272
1.5075233548004608e-09	-1.4222152e-08	2.5678886e-09	0.8959533	-1.9799888e-17	0.21594755
1.5100413955894783e-09	-1.6329137e-08	1.1851794e-09	0.89802647	-1.9759331e-17	0.2148175
1.5125100652410805e-09	-1.9226242e-08	-7.2427625e-10	0.90031165	-1.9710518e-17	0.21411341
1.5150281190788444e-09	-2.1859975e-08	-5.3991505e-09	0.90293026	-1.9648453e-17	0.21421577
1.517546188787344e-09	-2.5053374e-08	-9.810651e-09	0.9058555	-1.9569654e-17	0.21302171
1.5200148960535347e-09	-2.877352e-08	-1.619745e-08	0.9089968	-1.9470225e-17	0.21313387
1.522532994461307e-09	-3.1868154e-08	-2.5020453e-08	0.9123593	-1.933767e-17	0.21261393
1.5250017046971527e-09	-3.492987e-08	-3.713562e-08	0.9154873	-1.9165853e-17	0.21209045
1.52751983534011e-09	-3.5818754e-08	-5.3991503e-08	0.91774005	-1.8933306e-17	0.21208139
1.5300379598619206e-09	-3.3217944e-08	-7.492967e-08	0.9174559	-1.8629272e-17	0.21182157
1.532506737879643e-09	-2.3045153e-08	-9.7316395e-08	0.91202927	-1.8264811e-17	0.21375856
1.5350249057128882e-09	-2.3045155e-09	-1.1864962e-07	0.89797944	-1.7878617e-17	0.22561878
1.5375430860504578e-09	2.7226204e-08	-1.403779e-07	0.8748838	-1.763056e-17	0.25396302
1.5400119091360956e-09	6.663342e-08	-1.7290449e-07	0.84706455	-1.7751645e-17	0.23650995
1.542530135943906e-09	1.3300345e-07	-1.7553823e-07	0.81481516	-1.8201242e-17	0.20453294
1.5450484902122767e-09	1.8883857e-07	-1.12328664e-07	0.7792231	-1.8679234e-17	0.19625252
1.5475177716183539e-09	2.0314303e-07	-2.3242684e-08	0.7438219	-1.9043718e-17	0.1992879
1.550036448545365e-09	1.7991681e-07	5.609849e-08	0.7104318	-1.9306058e-17	0.20595953
1.5525050863502482e-09	1.355055e-07	1.0337398e-07	0.68259645	-1.9476305e-17	0.20916542
1.5550230758391874e-09	8.204075e-08	1.2207347e-07	0.6601759	-1.9582606e-17	0.21178131
1.5575411347927749e-09	3.4864026e-08	1.1680601e-07	0.6437263	-1.9641521e-17	0.21178073
1.5600097808502283e-09	1.5802392e-09	9.8238196e-08	0.6331456	-1.9670535e-17	0.21034054
1.5625278026429735e-09	-1.8271516e-08	7.506136e-08	0.6272665	-1.9683934e-17	0.2111523
1.5650458421030438e-09	-2.7440194e-08	5.4254876e-08	0.62539226	-1.9689855e-17	0.21113466
1.5675145539787053e-09	-2.9209733e-08	3.8584172e-08	0.62682164	-1.9693767e-17	0.21116084
1.5700326775186686e-09	-2.750398e-08	2.7259125e-08	0.63114786	-1.969903e-17	0.21089819
1.5725014341232959e-09	-2.6787934e-08	1.8436124e-08	0.6377128	-1.9707102e-17	0.21059474
1.5750195746411027e-09	-2.3897002e-08	1.0271554e-08	0.6462716	-1.9719081e-17	0.21136747
1.5775377274358263e-09	-2.0894959e-08	4.872404e-09	0.6562894	-1.973502e-17	0.21093577
1.5800064970050988e-09	-1.7386746e-08	6.58433e-10	0.66722053	-1.975433e-17	0.21112984
1.5825246330141431e-09	-1.398347e-08	-1.9752988e-09	0.6792533	-1.9777435e-17	0.21170673
1.5850427764948194e-09	-1.0831222e-08	-3.6872247e-09	0.6919532	-1.9803506e-17	0.211606
1.5875115462520425e-09	-7.5719795e-09	-3.9505976e-09	0.7048508	-1.9831435e-17	0.2111287
1.590029674977452e-09	-5.8600533e-09	-3.9505976e-09	0.7182748	-1.986179e-17	0.21142316
1.592547802340674e-09	-4.5761093e-09	-3.9505976e-09	0.7318001	-1.9893462e-17	0.21223255
1.5950165271535985e-09	-3.1440175e-09	-3.555538e-09	0.745003	-1.9925193e-17	0.21302819
1.597534618707556e-09	-2.0411421e-09	-2.8312617e-09	0.75825363	-1.9957602e-17	0.21385491
1.6000033492634373e-09	-9.0534535e-10	-2.1728288e-09	0.7708693	-1.9988719e-17	0.21482645
1.6025214339079287e-09	6.255113e-10	-1.0864144e-09	0.78317344	-2.001901e-17	0.21599874
1.6050395066905963e-09	1.4814742e-09	2.057603e-10	0.7947133	-2.004704e-17	0.21733679
1.6075081980847032e-09	2.4032802e-09	1.8189211e-09	0.8050965	-2.0071602e-17	0.2185489
1.6100262507230234e-09	3.851833e-09	3.788047e-09	0.81456995	-2.0093147e-17	0.22011122
1.6125442941938574e-09	5.037012e-09	5.5802194e-09	0.82280016	-2.0110925e-17	0.22282228
1.615012944497039e-09	5.7612883e-09	7.111076e-09	0.82962936	-2.0124808e-17	0.22411971
1.6175309609932012e-09	4.9053255e-09	8.559629e-09	0.835386	-2.0135722e-17	0.22559215
1.620048956464309e-09	4.411501e-09	9.119296e-09	0.8400504	-2.0143828e-17	0.22645573
1.6225175501769825e-09	3.7201462e-09	9.053453e-09	0.84372807	-2.0149491e-17	0.22784606
1.6250355260109853e-09	2.897105e-09	9.728347e-09	0.8467433	-2.0153364e-17	0.22802648
1.6275041208488051e-09	2.9629483e-09	8.9546885e-09	0.8491353	-2.0155647e-17	0.2282979
1.6300220846635656e-09	2.5020452e-09	9.1522185e-09	0.85113543	-2.0156765e-17	0.22940718
1.6325400333637889e-09	1.777769e-09	9.3497485e-09	0.8527991	-2.015696e-17	0.2300456
1.635008637162689e-09	8.5596286e-10	8.855923e-09	0.8541829	-2.0156484e-17	0.2304319
1.6375266001447777e-09	3.2921648e-11	7.7695095e-09	0.8554019	-2.0155518e-17	0.23063563
1.6400445591186278e-09	-5.2674637e-10	7.3744495e-09	0.8564712	-2.0154211e-17	0.23069428
1.6425131533963967e-09	-1.3168659e-10	6.5843295e-09	0.85740596	-2.01527e-17	0.23065309
1.6450311200069445e-09	1.3168659e-10	7.242763e-09	0.8582674	-2.0151001e-17	0.23103656
1.6475490877254213e-09	-1.6460824e-10	6.650173e-09	0.8590539	-2.0149197e-17	0.23153917
1.65001768337392e-09	-6.9135464e-10	5.99174e-09	0.859765	-2.014736e-17	0.23194143
1.652535658933739e-09	-7.571979e-10	5.464994e-09	0.86043936	-2.0145446e-17	0.23227672
1.6550042586457719e-09	3.2921648e-11	5.037012e-09	0.8610583	-2.0143555e-17	0.23254302
1.6575222305080919e-09	-2.3045155e-10	5.99174e-09	0.86165255	-2.014161e-17	0.23279352
1.6600402027823077e-09	-3.6213813e-10	6.0575833e-09	0.8622142	-2.0139664e-17	0.23302129
1.6625088142147186e-09	-9.876494e-10	5.267464e-09	0.8627374	-2.013776e-17	0.23320371
1.665026797287442e-09	-3.2921648e-11	3.6213814e-09	0.86324626	-2.0135826e-17	0.23335299
1.667544790080267e-09	4.609031e-10	3.6213814e-09	0.863733	-2.0133894e-17	0.23346819
1.6700133972867003e-09	7.571979e-10	4.411501e-09	0.86419106	-2.013201e-17	0.2335519
1.6725313600719673e-09	1.975299e-10	4.609031e-09	0.8646409	-2.0130094e-17	0.23361139
1.6750493404359123e-09	-2.3045155e-10	4.4773443e-09	0.865075	-2.0128186e-17	0.23364693
1.6775179529125035e-09	-7.571979e-10	4.5431876e-09	0.86548686	-2.0126322e-17	0.23366031
1.6800359452762555e-09	-9.218062e-10	4.213971e-09	0.8658944	-2.0124424e-17	0.23365387
1.6825045681109253e-09	-9.876495e-11	4.115206e-09	0.866283	-2.0122563e-17	0.23363844
1.685022546299911e-09	-3.950598e-10	3.8189114e-09	0.8666694	-2.0120669e-17	0.23362014
1.6875405197174959e-09	-4.938247e-10	3.753068e-09	0.8670467	-2.011877e-17	0.23358537
1.6900091302757968e-09	0	3.8847547e-09	0.8674089	-2.0116903e-17	0.23353465
1.6925271128093904e-09	9.876495e-11	3.9505976e-09	0.86777097	-2.0114998e-17	0.2334687
1.6950450923199952e-09	-1.975299e-10	3.917676e-09	0.86812705	-2.0113077e-17	0.23338908
1.6975136940730615e-09	0	3.2263217e-09	0.8684708	-2.0111186e-17	0.23329732
1.7000316890076435e-09	4.2798143e-10	3.094635e-09	0.8688168	-2.0109244e-17	0.23318978
1.7025003125263637e-09	4.938247e-10	3.0287917e-09	0.86915195	-2.0107325e-17	0.23307136
1.705018314295865e-09	1.316866e-09	3.8189114e-09	0.8694908	-2.0105343e-17	0.23293816
1.7075362877049197e-09	1.1851794e-09	4.7736393e-09	0.86982673	-2.0103338e-17	0.2327917
1.710004902352374e-09	3.950598e-10	4.609031e-09	0.8701543	-2.010135e-17	0.23263535
1.7125228810111448e-09	2.6337318e-10	4.411501e-09	0.8704871	-2.009929e-17	0.2324623
1.7150408771932179e-09	0	4.1481276e-09	0.870819	-2.0097197e-17	0.23227647
1.717509488045284e-09	5.925897e-10	3.555538e-09	0.8711444	-2.0095107e-17	0.23208089
1.7200274750181547e-09	9.218062e-10	3.753068e-09	0.87147665	-2.0092935e-17	0.23186752
1.72254547949778e-09	3.950598e-10	4.2798143e-09	0.8718101	-2.0090717e-17	0.23163916
1.7250140877001672e-09	3.950598e-10	4.0822843e-09	0.87213856	-2.0088491e-17	0.23140045
1.727532068868706e-09	-3.292165e-10	4.0822843e-09	0.8724758	-2.0086167e-17	0.23114118
1.7300006904155904e-09	-5.925897e-10	4.2798143e-09	0.87280935	-2.0083828e-17	0.2308699
1.7325186870481955e-09	-7.901196e-10	3.9505976e-09	0.87315315	-2.0081371e-17	0.23057722
1.7350366686488349e-09	6.5843296e-11	3.4896948e-09	0.8735013	-2.0078843e-17	0.23026456
1.7375052804701422e-09	0	3.555538e-09	0.8738475	-2.007628e-17	0.22993867
1.7400232733684575e-09	1.316866e-09	3.9505976e-09	0.8742064	-2.0073577e-17	0.22958483
1.7425412709379415e-09	1.316866e-09	4.8065605e-09	0.87457186	-2.0070777e-17	0.22920814
1.7450098907294266e-09	7.571979e-10	5.7283667e-09	0.8749375	-2.0067921e-17	0.22881405
1.7475278911667455e-09	1.3168659e-10	5.530837e-09	0.87531877	-2.0064892e-17	0.22838506
1.7500458698934736e-09	4.609031e-10	5.5966805e-09	0.87570935	-2.0061726e-17	0.22792733
1.752514496906044e-09	1.975299e-10	6.0575833e-09	0.8761025	-2.0058481e-17	0.22744647
1.7550324891335788e-09	6.58433e-10	6.3868e-09	0.87651515	-2.0055009e-17	0.22692169
1.7575011095149216e-09	1.975299e-10	6.716016e-09	0.8769324	-2.0051432e-17	0.22636998
1.760019105885868e-09	-7.901196e-10	7.835352e-09	0.87737197	-2.004758e-17	0.22576474
1.7625370884252765e-09	-1.7119257e-09	7.506136e-09	0.8778276	-2.0043513e-17	0.22546686
1.7650057080797443e-09	-1.9752988e-09	6.9793895e-09	0.87829155	-2.0039278e-17	0.22529803
1.7675236970653293e-09	-2.0411421e-09	7.045233e-09	0.8787841	-2.0034687e-17	0.22508717
1.7700417004815845e-09	-2.1069855e-09	7.7695095e-09	0.87929857	-2.002978e-17	0.22483331
1.7725103347780505e-09	-2.436202e-09	7.967039e-09	0.8798263	-2.002463e-17	0.22453609
1.7750283306700918e-09	-3.1604783e-09	8.230412e-09	0.88039154	-2.001898e-17	0.22417682
1.7775463301842656e-09	-3.6213814e-09	8.7571586e-09	0.8809868	-2.001288e-17	0.22375226
1.7800149594097691e-09	-4.5431876e-09	8.823002e-09	0.8816031	-2.0006397e-17	0.22326311
1.7825329642468286e-09	-5.6625233e-09	8.098725e-09	0.88226914	-1.9999197e-17	0.22267683
1.7850015983432452e-09	-6.3868e-09	7.7695095e-09	0.8829634	-1.9991478e-17	0.22200379
1.7875195985956292e-09	-6.4526433e-09	6.650173e-09	0.8837188	-1.998282e-17	0.2211981
1.790037601500203e-09	-7.1769195e-09	6.2551133e-09	0.88452846	-1.9973237e-17	0.22025095
1.792506241243577e-09	-7.835352e-09	6.5843295e-09	0.885382	-1.9962791e-17	0.22014426
1.795024250568956e-09	-9.1522185e-09	5.99174e-09	0.8863221	-1.9950865e-17	0.21995392
1.7975422592052599e-09	-1.0534928e-08	5.6625233e-09	0.8873426	-1.9937404e-17	0.21961026
1.8000109146784428e-09	-1.1456733e-08	5.3991505e-09	0.8884327	-1.9922415e-17	0.21908158
1.8025289256164889e-09	-1.3102816e-08	5.0040905e-09	0.88965046	-1.9904905e-17	0.21829417
1.8050469525747299e-09	-1.4222152e-08	3.555538e-09	0.8909917	-1.988464e-17	0.21718305
1.8075156072625137e-09	-1.6131608e-08	2.633732e-09	0.8924464	-1.9861445e-17	0.21643436
1.8100336360155484e-09	-1.8106906e-08	1.316866e-09	0.8940962	-1.9833526e-17	0.21641383
1.812502305671311e-09	-2.0905247e-08	-6.58433e-10	0.8959029	-1.9800833e-17	0.2159676
1.8150203499511125e-09	-2.3506058e-08	-3.555538e-09	0.8979698	-1.9760483e-17	0.21485719
1.8175383931810409e-09	-2.6534849e-08	-7.111076e-09	0.9002962	-1.9710864e-17	0.21411033
1.8200070833343665e-09	-2.9333188e-08	-1.2707757e-08	0.90285885	-1.9650243e-17	0.21422756
1.8225251386486739e-09	-3.3086256e-08	-2.0082206e-08	0.9057761	-1.9571949e-17	0.21307357
1.8250432146782667e-09	-3.6180893e-08	-2.9892856e-08	0.90897614	-1.9470943e-17	0.21313134
1.8275119331695584e-09	-3.911092e-08	-4.292983e-08	0.91227233	-1.9341585e-17	0.21265402
1.8300300276312005e-09	-4.0658236e-08	-6.136595e-08	0.91546917	-1.9167108e-17	0.21208535
1.8325481392666341e-09	-3.851833e-08	-8.5332914e-08	0.9177317	-1.893497e-17	0.21208479
1.8350169057758945e-09	-2.8641834e-08	-1.1443565e-07	0.91751564	-1.8638075e-17	0.21181674
1.8375350537976587e-09	-8.362099e-09	-1.4564537e-07	0.91208696	-1.8267271e-17	0.21371415
1.8400038471685033e-09	2.599164e-08	-1.709292e-07	0.89846665	-1.7887815e-17	0.22499901
1.8425220270567786e-09	7.3514045e-08	-1.9410604e-07	0.8755642	-1.7633108e-17	0.25306633
1.8450402194523794e-09	1.4070713e-07	-2.2913467e-07	0.84725326	-1.7749575e-17	0.23675887
1.8475090697269594e-09	2.338754e-07	-2.1583433e-07	0.8156991	-1.8188173e-17	0.20518224
1.8500274215587389e-09	2.9708497e-07	-1.13645534e-07	0.7801645	-1.866807e-17	0.19630876
1.8525460876919412e-09	2.9384216e-07	2.0082206e-08	0.7440419	-1.9041754e-17	0.19919726
1.855015362790062e-09	2.4108525e-07	1.2536563e-07	0.71123886	-1.9300491e-17	0.20569092
1.8575334048121637e-09	1.6401566e-07	1.8317606e-07	0.6827556	-1.9475448e-17	0.20919156
1.860002010274037e-09	8.664978e-08	1.9436942e-07	0.66067946	-1.9580541e-17	0.21172486
1.8625200610175152e-09	2.0938169e-08	1.758016e-07	0.6440779	-1.964044e-17	0.21175946
1.865038072659305e-09	-2.4526628e-08	1.4064128e-07	0.6331969	-1.9670415e-17	0.21032684
1.8675067121234685e-09	-4.829606e-08	1.03900724e-07	0.62736446	-1.9683716e-17	0.21114974
1.8700247535420478e-09	-5.7036758e-08	7.018895e-08	0.62539625	-1.9689746e-17	0.21113466
1.8725428419310842e-09	-5.5621125e-08	4.5300187e-08	0.6268032	-1.9693743e-17	0.21116084
1.8750115823776208e-09	-4.976313e-08	2.9234425e-08	0.6310036	-1.969886e-17	0.21091557
1.8775297370752406e-09	-4.4289905e-08	1.7250944e-08	0.6376647	-1.9707042e-17	0.21058333
1.880047863263371e-09	-3.8382527e-08	7.3744495e-09	0.6462132	-1.9718993e-17	0.21137032
1.882516634283506e-09	-3.2477207e-08	-2.6337318e-10	0.6560147	-1.9734559e-17	0.21088053
1.88503476628121e-09	-2.5559546e-08	-5.135777e-09	0.66714776	-1.9754196e-17	0.21114206
1.887503547087069e-09	-2.0127473e-08	-6.9793895e-09	0.6789328	-1.97768e-17	0.21170332
1.8900216853025757e-09	-1.6016383e-08	-8.9546885e-09	0.69161814	-1.98028e-17	0.2115552
1.8925398210363185e-09	-1.1950559e-08	-1.0008181e-08	0.70476735	-1.9831248e-17	0.21110564
1.895008581433147e-09	-8.625472e-09	-8.9546885e-09	0.71792555	-1.9860985e-17	0.21150635
1.897526710445772e-09	-6.3868e-09	-8.691315e-09	0.7314503	-1.989263e-17	0.21228856
1.900044826638916e-09	-3.5884598e-09	-7.901195e-09	0.74491936	-1.9924993e-17	0.21303552
1.902513544422718e-09	-2.99587e-09	-5.99174e-09	0.75791514	-1.9956768e-17	0.21385883
1.9050316581329966e-09	-1.679004e-09	-4.7736393e-09	0.7707905	-1.9988523e-17	0.21482
1.907500371655838e-09	-3.0452524e-10	-4.131667e-09	0.7828641	-2.001825e-17	0.21594478
1.9100184378619785e-09	5.2674637e-10	-1.8929949e-09	0.79442626	-2.0046348e-17	0.21725026
1.9125365170902047e-09	1.6460824e-09	-6.0082006e-10	0.80503356	-2.0071453e-17	0.21851948
1.9150051890218125e-09	3.8847547e-09	1.7921723e-09	0.81434035	-2.0092636e-17	0.22014698
1.917523233790553e-09	5.7283667e-09	5.333307e-09	0.82260346	-2.0110511e-17	0.22279744
1.920041258693873e-09	6.2221917e-09	9.851803e-09	0.82958966	-2.0124732e-17	0.22410013
1.9225098819710164e-09	4.8065605e-09	1.2049323e-08	0.8352517	-2.013548e-17	0.22559108
1.92502786533038e-09	3.456773e-09	1.2329157e-08	0.8399422	-2.0143646e-17	0.22640024
1.9275458545402376e-09	2.99587e-09	1.24773045e-08	0.843707	-2.0149465e-17	0.22784184
1.930014454605987e-09	1.2839443e-09	1.2065784e-08	0.8466732	-2.0153285e-17	0.22803333
1.9325324252200686e-09	-3.6213813e-10	1.1720107e-08	0.84912163	-2.015564e-17	0.22828895
1.9350010067548007e-09	-1.3827093e-09	1.1061674e-08	0.8510883	-2.0156752e-17	0.22938463
1.9375189657458956e-09	-2.2386721e-09	1.0403241e-08	0.85275954	-2.0156962e-17	0.23003358
1.940036935124262e-09	-3.1440175e-09	9.020532e-09	0.8541746	-2.0156489e-17	0.23043007
1.94250552444197e-09	-3.1275567e-09	8.427942e-09	0.8553723	-2.015555e-17	0.23063248
1.945023492690248e-09	-2.9300267e-09	7.637823e-09	0.856445	-2.0154249e-17	0.2306948
1.9475414516251995e-09	-3.4238514e-09	7.111076e-09	0.8574003	-2.015271e-17	0.23065361
1.9500100542577757e-09	-3.0287917e-09	6.3209566e-09	0.8582461	-2.0151048e-17	0.23102199
1.9525280199415336e-09	-2.732497e-09	5.5966805e-09	0.85903436	-2.0149245e-17	0.23152775
1.955045990518905e-09	-2.99587e-09	4.7736393e-09	0.85976064	-2.0147373e-17	0.23193936
1.957514586007137e-09	-2.0411421e-09	4.8065605e-09	0.8604226	-2.01455e-17	0.2322682
1.960032570812878e-09	-1.679004e-09	4.9053255e-09	0.86105454	-2.0143567e-17	0.23254095
1.9625011725468054e-09	-1.5473175e-09	4.2798143e-09	0.8616376	-2.014166e-17	0.23278758
1.9650191518175764e-09	-1.3827093e-09	3.753068e-09	0.86220014	-2.0139717e-17	0.23301639
1.9675371321864926e-09	-1.5802392e-09	2.8312617e-09	0.8627341	-2.0137772e-17	0.23320319
1.9700057323618406e-09	-1.2839443e-09	2.6666536e-09	0.8632333	-2.0135876e-17	0.2333494
1.972523718554867e-09	-6.255113e-10	3.358008e-09	0.8637207	-2.0133943e-17	0.23346561
1.9750416898571196e-09	-2.6337318e-10	3.8847547e-09	0.86418825	-2.0132021e-17	0.23355216
1.977510319579745e-09	-1.679004e-09	3.2263217e-09	0.8646295	-2.0130145e-17	0.23361062
1.9800282999853053e-09	-1.876534e-09	2.6008102e-09	0.8650639	-2.0128237e-17	0.23364614
1.9825462790001e-09	-1.5802392e-09	2.0740638e-09	0.8654843	-2.0126333e-17	0.23366031
1.9850148878439356e-09	-6.255113e-10	1.2510226e-09	0.8658841	-2.0124472e-17	0.23365438
1.9875328776586335e-09	9.876495e-11	1.316866e-09	0.86628073	-2.0122575e-17	0.23363817
1.990001488209344e-09	8.5596286e-10	1.7448474e-09	0.8666595	-2.0120718e-17	0.23362067
1.9925194708217613e-09	-6.5843296e-11	2.436202e-09	0.86703706	-2.011882e-17	0.23358591
1.9950374393034853e-09	2.9629485e-10	1.8436124e-09	0.8674065	-2.0116917e-17	0.23353542
1.9975060559351806e-09	5.5966803e-10	2.534967e-09	0.8677618	-2.0115044e-17	0.23347077
2e-09	7.571979e-10	3.0287917e-09	0.8681144	-2.0113146e-17	0.2333914
