# t (s)	mx ()	my ()	mz ()	E_total (J)	MaxAngle (rad)
0	1.0864144e-09	2.3045155e-10	0.97953576	-2.0725771e-17	0.26627177
2.5191016623298752e-12	1.2510226e-09	5.432072e-10	0.9734016	-2.0700792e-17	0.24629816
5.046394368900262e-12	1.1851794e-09	6.58433e-10	0.96803385	-2.0651914e-17	0.23648097
7.520408032430407e-12	1.3991701e-09	1.0864144e-09	0.9641417	-2.0585038e-17	0.23236035
1.0042952176902587e-11	9.876494e-10	1.876534e-09	0.96217626	-2.0502616e-17	0.2299486
1.2514975715846291e-11	2.3045155e-10	3.094635e-09	0.9624673	-2.0412836e-17	0.2298547
1.5035669139404973e-11	-1.4156308e-09	3.2921648e-09	0.96491414	-2.0313792e-17	0.22975501
1.7506365623509606e-11	-3.4896948e-09	2.633732e-09	0.96902955	-2.020658e-17	0.22967753
2.0026061229576346e-11	-5.432072e-09	7.901196e-10	0.9741312	-2.0078671e-17	0.23145838
2.2545486721083533e-11	-6.0246617e-09	-3.4238514e-09	0.9781811	-1.9917776e-17	0.23417255
2.501523526769152e-11	-4.2468926e-09	-8.032882e-09	0.97646385	-1.973294e-17	0.21901959
2.753421015959573e-11	1.3168659e-10	-1.0798301e-08	0.9609284	-1.9641394e-17	0.20679869
3.000366205628403e-11	5.7777494e-09	-9.744808e-09	0.9304758	-1.9747956e-17	0.21955307
3.2522361259014756e-11	9.020532e-09	-7.242763e-09	0.893932	-1.9917844e-17	0.2322208
3.5040983587615796e-11	1.1127518e-08	-1.316866e-09	0.8642625	-2.0043382e-17	0.23109852
3.751022276660524e-11	1.1555499e-08	2.7654186e-09	0.84336317	-2.0125074e-17	0.21266137
4.002864683134642e-11	1.1917637e-08	5.402237e-09	0.8282108	-2.0171747e-17	0.20840569
4.2546670247119524e-11	9.711886e-09	6.1810397e-09	0.8181709	-2.0189709e-17	0.21050462
4.5015397650575215e-11	7.868274e-09	6.864164e-09	0.8124808	-2.0191348e-17	0.21302283
4.753361552080568e-11	5.851823e-09	7.152228e-09	0.81004304	-2.0186392e-17	0.21510027
5.0002471851878326e-11	4.6254915e-09	6.9793895e-09	0.8101821	-2.0180668e-17	0.21588774
5.252065491187574e-11	2.3703588e-09	6.9176616e-09	0.8122995	-2.0176528e-17	0.21610105
5.5038809952982126e-11	1.3827093e-09	6.2016157e-09	0.8157896	-2.0174747e-17	0.2158421
5.750759587836133e-11	3.292165e-10	4.4855746e-09	0.8200437	-2.017504e-17	0.21767487
6.002577051155645e-11	1.5802392e-09	3.1522478e-09	0.82491434	-2.0176877e-17	0.21821958
6.25439385883781e-11	2.534967e-09	2.8888747e-09	0.83007216	-2.017965e-17	0.21939786
6.5012714167618e-11	3.1934e-09	3.654303e-09	0.835161	-2.0182759e-17	0.2205811
6.753088481516575e-11	3.7695287e-09	3.2592433e-09	0.8401699	-2.0185864e-17	0.22097522
7.004904019630235e-11	3.4896948e-09	3.456773e-09	0.8448684	-2.0188542e-17	0.22256994
7.251782691349777e-11	3.1604783e-09	3.3250864e-09	0.84913087	-2.0190513e-17	0.22230624
7.503597611411149e-11	3.358008e-09	3.2921648e-09	0.853131	-2.0191674e-17	0.22372459
7.750475032628886e-11	3.0617133e-09	4.0493626e-09	0.8567333	-2.019186e-17	0.22432666
8.00228912225918e-11	2.897105e-09	4.4773443e-09	0.86011326	-2.0191019e-17	0.223828
8.254100221008087e-11	3.917676e-09	4.2798143e-09	0.8632363	-2.0189133e-17	0.22509356
8.500972270803003e-11	3.8847547e-09	4.8065605e-09	0.8660951	-2.0186279e-17	0.22551139
8.752781707519542e-11	3.456773e-09	5.5966805e-09	0.8688535	-2.0182345e-17	0.22518487
9.004592104097886e-11	2.436202e-09	5.7612883e-09	0.87149936	-2.0177369e-17	0.22406177
9.251464927787118e-11	2.3045155e-09	5.2016205e-09	0.87402314	-2.0171456e-17	0.2222381
9.503273852357577e-11	2.6995752e-09	6.18927e-09	0.87656146	-2.0164314e-17	0.22045057
9.750146174598058e-11	2.1728288e-09	6.7818595e-09	0.87904745	-2.0156123e-17	0.2199184
1.0001956329664817e-10	1.9094557e-09	7.7695095e-09	0.88161427	-2.0146407e-17	0.21857913
1.0253766799880453e-10	1.218101e-09	8.559629e-09	0.8842477	-2.01351e-17	0.21685779
1.0500639337150673e-10	3.292165e-10	8.691315e-09	0.8869314	-2.0122187e-17	0.21680818
1.0752450836071431e-10	-9.876494e-10	9.481435e-09	0.8898136	-2.0106775e-17	0.21572435
1.1004262097203568e-10	-1.9752988e-09	1.0666614e-08	0.8928895	-2.0088571e-17	0.21462531
1.1251135718928875e-10	-3.2592433e-09	1.0139868e-08	0.8961467	-2.0067337e-17	0.21466617
1.150294777783256e-10	-4.312736e-09	1.0600771e-08	0.8997799	-2.0041278e-17	0.2129763
1.1754761289622237e-10	-6.5843295e-09	1.139089e-08	0.90380436	-2.0009506e-17	0.21385603
1.2001636385721574e-10	-9.415592e-09	1.1917637e-08	0.9082151	-1.997113e-17	0.21273734
1.225344853202343e-10	-1.3135738e-08	1.0666614e-08	0.91328436	-1.9922288e-17	0.21355896
1.250032523409631e-10	-1.7843533e-08	9.5472785e-09	0.91889864	-1.9861801e-17	0.21404158
1.2752140962280426e-10	-2.2650093e-08	6.2551133e-09	0.9253277	-1.9782885e-17	0.21427718
1.3003955715063842e-10	-2.7588342e-08	1.316866e-09	0.93238634	-1.9680324e-17	0.21457773
1.3250836594539715e-10	-3.272412e-08	-7.637823e-09	0.9395539	-1.9547772e-17	0.21443632
1.3502653179833718e-10	-3.614797e-08	-2.1201542e-08	0.9460984	-1.9366035e-17	0.21290495
1.3754472841064083e-10	-3.555538e-08	-3.8715857e-08	0.9494497	-1.9122177e-17	0.20899744
1.40013560944104e-10	-2.7549246e-08	-5.8600534e-08	0.9448271	-1.8842288e-17	0.20655908
1.4253176874649518e-10	-6.0575833e-09	-7.2691e-08	0.92526686	-1.8650972e-17	0.21394728
1.4500060443449e-10	2.6139789e-08	-7.2164255e-08	0.8911737	-1.8727281e-17	0.24065787
1.4751880660770165e-10	5.1226085e-08	-6.314372e-08	0.8543304	-1.905594e-17	0.23487893
1.500370322516508e-10	6.979389e-08	-4.2896907e-08	0.82236224	-1.9410026e-17	0.20711632
1.5250612277583293e-10	7.552226e-08	-1.0288015e-08	0.795028	-1.9654246e-17	0.20114186
1.550246627353084e-10	6.725893e-08	2.1300307e-08	0.77171296	-1.9805242e-17	0.20391782
1.5754262947653603e-10	4.9160253e-08	4.134959e-08	0.7535559	-1.9890107e-17	0.2087836
1.6001124508922036e-10	2.9078047e-08	4.7604704e-08	0.74082565	-1.993334e-17	0.21155009
1.625293787265881e-10	1.1201591e-08	4.4378382e-08	0.73251945	-1.995372e-17	0.21152908
1.6504753291604518e-10	-1.8106906e-10	3.5028634e-08	0.7283858	-1.9961852e-17	0.21219717
1.675162438895746e-10	-6.716016e-09	2.6469005e-08	0.7278236	-1.9965147e-17	0.21200436
1.7003437108930126e-10	-9.3497485e-09	2.0279735e-08	0.73001945	-1.996801e-17	0.21170445
1.725031293497419e-10	-9.711886e-09	1.4748899e-08	0.7343082	-1.997256e-17	0.21101631
1.750212945055426e-10	-9.6295825e-09	1.0600771e-08	0.7405073	-1.9980076e-17	0.21235192
1.775394766664246e-10	-8.921766e-09	7.4402924e-09	0.7481998	-1.9990844e-17	0.2115498
1.8000829352596682e-10	-8.131647e-09	5.2016205e-09	0.7568021	-2.0004447e-17	0.21300648
1.8252647661050323e-10	-7.39091e-09	3.3909298e-09	0.76629305	-2.0020992e-17	0.21315528
1.8504464666618009e-10	-5.695445e-09	2.2057505e-09	0.7762174	-2.0039608e-17	0.21301323
1.875134615653848e-10	-4.5761093e-09	1.2345618e-09	0.786134	-2.0059123e-17	0.21464294
1.9003164327816927e-10	-2.6666536e-09	1.7283866e-10	0.796209	-2.0079485e-17	0.21584155
1.9250043486321892e-10	-8.5596286e-10	8.024652e-11	0.80581784	-2.0099046e-17	0.2166294
1.9501860494661002e-10	1.2839443e-09	7.448523e-10	0.81512064	-2.011779e-17	0.21707626
1.9753676427757218e-10	2.6995752e-09	1.958838e-09	0.8237312	-2.0134633e-17	0.21944384
2.0000553290042055e-10	3.5226164e-09	2.9629483e-09	0.83137614	-2.0148854e-17	0.22078803
2.0252367993643406e-10	3.7201462e-09	4.707796e-09	0.83830416	-2.0160794e-17	0.22099534
2.0504180829180495e-10	3.851833e-09	5.234542e-09	0.8443659	-2.0170128e-17	0.22298647
2.075105601687478e-10	4.016441e-09	6.3209566e-09	0.849535	-2.0176869e-17	0.22261232
2.1002868700850173e-10	3.6872247e-09	9.086375e-09	0.8541226	-2.0181472e-17	0.22422643
2.1254679496186462e-10	1.8436124e-09	9.218062e-09	0.85813886	-2.0183978e-17	0.22439525
2.1501554223366733e-10	6.58433e-10	8.032882e-09	0.8616365	-2.0184598e-17	0.22455831
2.1753364292792156e-10	1.4485525e-09	7.637823e-09	0.8648603	-2.0183566e-17	0.22544047
2.200023753387433e-10	1.7448474e-09	8.032882e-09	0.8677703	-2.0181081e-17	0.22544314
2.2252047833777693e-10	1.4485525e-09	8.493785e-09	0.87055594	-2.0177183e-17	0.22458106
2.2503858948668716e-10	2.3045155e-10	1.0074024e-08	0.87321806	-2.017199e-17	0.22291988
2.2750732128189705e-10	-1.5802392e-09	1.0534928e-08	0.8757575	-2.0165662e-17	0.22056992
2.300254103386073e-10	-2.5020452e-09	1.0008181e-08	0.8783195	-2.015791e-17	0.2201437
2.3254351507089636e-10	-4.0822843e-09	9.283905e-09	0.8808937	-2.0148743e-17	0.21902919
2.3501224872176565e-10	-4.5761093e-09	8.691315e-09	0.8834665	-2.0138223e-17	0.21709618
2.3753036443865086e-10	-5.6625233e-09	8.526707e-09	0.8861795	-2.0125688e-17	0.21690793
2.4004848187922843e-10	-6.5184866e-09	8.493785e-09	0.88902396	-2.0110973e-17	0.21612218
2.425172200438242e-10	-7.670744e-09	8.230412e-09	0.89198565	-2.0093977e-17	0.21436432
2.4503533900680076e-10	-9.744808e-09	7.901195e-09	0.89523584	-2.007338e-17	0.21479988
2.475040887521164e-10	-1.0534928e-08	7.4402924e-09	0.8987077	-2.0049154e-17	0.21366861
2.5002222031588843e-10	-1.27736e-08	6.2551133e-09	0.9026131	-2.0019172e-17	0.21382204
2.5254033390868064e-10	-1.48476635e-08	4.5431876e-09	0.90697217	-1.9982281e-17	0.21292074
2.550091080799814e-10	-1.8073985e-08	2.633732e-09	0.91177803	-1.9937313e-17	0.21374674
2.575272524896174e-10	-2.1431994e-08	-1.1193361e-09	0.9173155	-1.9879554e-17	0.21360818
2.6004540055305314e-10	-2.475708e-08	-6.748938e-09	0.92355746	-1.9805755e-17	0.2133924
2.6251418508069254e-10	-2.6271476e-08	-1.5012272e-08	0.9303291	-1.9712334e-17	0.21349849
2.6503236257874604e-10	-2.7028673e-08	-2.5810573e-08	0.93763405	-1.9587333e-17	0.21388495
2.675011675257199e-10	-2.3440213e-08	-3.9374292e-08	0.9444194	-1.9423456e-17	0.21319813
2.7001936337535485e-10	-1.3892936e-08	-5.6361863e-08	0.9490529	-1.919807e-17	0.20986955
2.7253756946534266e-10	4.8147912e-09	-7.163751e-08	0.94722766	-1.8916861e-17	0.20640819
2.75006399401809e-10	3.1621244e-08	-7.66416e-08	0.93263453	-1.8683363e-17	0.21050833
2.7752461711185117e-10	6.498733e-08	-6.031246e-08	0.90124345	-1.8676842e-17	0.23212884
2.80042821600192e-10	8.612303e-08	-3.3580083e-08	0.8635915	-1.8956387e-17	0.24628618
2.8251164518903504e-10	9.520941e-08	-5.79421e-09	0.83102024	-1.9318221e-17	0.2127328
2.850300424238468e-10	8.381852e-08	3.0647996e-08	0.80199903	-1.9599032e-17	0.20079759
2.875486408873797e-10	5.711906e-08	5.852646e-08	0.7773941	-1.9772972e-17	0.2026169
2.900173507804037e-10	2.678999e-08	6.8806244e-08	0.7581774	-1.9871067e-17	0.20729479
2.9253531308585037e-10	1.5967e-09	6.320956e-08	0.743785	-1.9924523e-17	0.21079025
2.9500403829747393e-10	-1.3794171e-08	4.951416e-08	0.73443514	-1.9949591e-17	0.21131377
2.9752218981613745e-10	-2.2172731e-08	3.397514e-08	0.72916204	-1.9960278e-17	0.21218613
3.000403081466017e-10	-2.317684e-08	2.1300307e-08	0.727677	-1.9964434e-17	0.21206327
3.0250903885156926e-10	-2.0526647e-08	1.1193361e-08	0.72915024	-1.9967081e-17	0.211821
3.050271708368176e-10	-1.7020492e-08	5.267464e-09	0.73296165	-1.997108e-17	0.21112072
3.075453248236257e-10	-1.3497876e-08	1.9094557e-09	0.73870385	-1.9977768e-17	0.21214537
3.100141278961619e-10	-1.1028752e-08	6.5843296e-11	0.74588287	-1.9987446e-17	0.21207884
3.125323181960434e-10	-8.658394e-09	-2.1728288e-09	0.75439626	-2.0000491e-17	0.21286687
3.1500112627167035e-10	-6.7818595e-09	-3.5226164e-09	0.76353806	-2.0016047e-17	0.212301
3.175192987825759e-10	-4.4444226e-09	-3.753068e-09	0.7733652	-2.0034144e-17	0.21358652
3.2003749083163374e-10	-3.0575982e-09	-4.2798143e-09	0.7834501	-2.0053773e-17	0.21462952
3.2250629324082056e-10	-1.9341469e-10	-2.4526627e-09	0.79336154	-2.0073695e-17	0.21524042
3.250244737844624e-10	1.4485525e-09	-9.0946056e-10	0.80326176	-2.009385e-17	0.21554245
3.27542630030556e-10	2.2057505e-09	1.1543153e-09	0.8127179	-2.011299e-17	0.2175106
3.300114157860492e-10	2.3703588e-09	2.534967e-09	0.8213617	-2.0130072e-17	0.21926525
3.3252956838380725e-10	1.6131608e-09	2.6995752e-09	0.8293936	-2.0145258e-17	0.22003177
3.3504772246700954e-10	2.0411421e-09	3.374469e-09	0.8365558	-2.0157889e-17	0.22131406
3.3751647507137995e-10	2.0411421e-09	4.39504e-09	0.84272707	-2.0167732e-17	0.22260612
3.4003460089046425e-10	2.1399071e-09	5.695445e-09	0.84820926	-2.0175274e-17	0.22294253
3.425033377947691e-10	2.1069855e-09	7.506136e-09	0.85288143	-2.0180385e-17	0.22386907
3.450214574431246e-10	1.6460824e-10	7.835352e-09	0.85704774	-2.0183462e-17	0.2245053
3.475395710612206e-10	-1.8436124e-09	7.1769195e-09	0.86072874	-2.0184598e-17	0.22415912
3.500082879724329e-10	-2.436202e-09	5.530837e-09	0.86397344	-2.018402e-17	0.22530471
3.525264045381503e-10	-1.1193361e-09	4.6748743e-09	0.86700463	-2.0181887e-17	0.22552764
3.5504449961915367e-10	-3.292165e-10	5.4979155e-09	0.86983263	-2.0178345e-17	0.22489052
3.5751322944125723e-10	-9.876494e-10	6.748938e-09	0.8724704	-2.0173597e-17	0.22347084
3.600313385786222e-10	-2.897105e-09	6.3868e-09	0.87507606	-2.0167489e-17	0.22127415
3.6250006460754227e-10	-4.0822843e-09	5.464994e-09	0.87759155	-2.016025e-17	0.22031343
3.650181725345021e-10	-3.4896948e-09	4.609031e-09	0.88015825	-2.0151501e-17	0.21943016
3.675362835325558e-10	-4.0822843e-09	4.2798143e-09	0.88276476	-2.0141228e-17	0.21770468
3.7000500170675283e-10	-3.8847547e-09	4.4773443e-09	0.8853964	-2.0129458e-17	0.21694227
3.725231280582834e-10	-4.6748743e-09	4.8065605e-09	0.8881991	-2.0115405e-17	0.2164574
3.7504123900413976e-10	-6.090505e-09	4.1481276e-09	0.89116615	-2.0098848e-17	0.21483175
3.7750997361368145e-10	-6.8806245e-09	2.897105e-09	0.8942846	-2.0079619e-17	0.21481776
3.8002809552202905e-10	-7.2756845e-09	1.9752988e-09	0.8977384	-2.0056149e-17	0.21415436
3.8254622464805944e-10	-7.4073707e-09	1.2839443e-09	0.9015388	-2.0027709e-17	0.21361211
3.850149854523275e-10	-8.131647e-09	1.3168659e-10	0.90568095	-1.9993587e-17	0.21348752
3.8753310534103207e-10	-9.053453e-09	-1.1851794e-09	0.91042286	-1.995046e-17	0.21359804
3.9000187392872963e-10	-9.909416e-09	-3.4238514e-09	0.9156708	-1.9897411e-17	0.2127043
3.925200200283872e-10	-1.12921255e-08	-5.530837e-09	0.92170984	-1.9828666e-17	0.21368323
3.9503818207757683e-10	-1.1720107e-08	-9.876494e-09	0.9284453	-1.9740014e-17	0.2142783
3.975069659182844e-10	-1.0666614e-08	-1.580239e-08	0.9355477	-1.9626566e-17	0.21427184
4.0002513309074674e-10	-6.8806245e-09	-2.2386722e-08	0.9427003	-1.947263e-17	0.21298534
4.0254329738746864e-10	-2.7983402e-10	-2.9497798e-08	0.9482308	-1.9264191e-17	0.2105514
4.0501210983395447e-10	1.0106946e-08	-3.5423692e-08	0.94876915	-1.8999505e-17	0.20690346
4.0753029418802153e-10	2.4016343e-08	-3.63455e-08	0.9381903	-1.8731553e-17	0.20780793
4.10048499291341e-10	3.9802273e-08	-2.6732378e-08	0.9108685	-1.8648317e-17	0.22356091
4.125173182298907e-10	4.8592355e-08	-9.086375e-09	0.8739885	-1.885606e-17	0.24742848
4.150355032370428e-10	5.1489458e-08	6.3209566e-09	0.8393795	-1.9225117e-17	0.21949424
4.1750442208866356e-10	4.3061515e-08	2.3703587e-08	0.8098364	-1.953113e-17	0.20261718
4.2002297517797135e-10	2.7259125e-08	3.6082128e-08	0.7838997	-1.9732532e-17	0.20181529
4.2254123793442766e-10	8.658394e-09	3.8584172e-08	0.7628704	-1.9849966e-17	0.2056953
4.250097589005831e-10	-5.069934e-09	3.3514237e-08	0.7473526	-1.9912878e-17	0.20917462
4.2752782557366723e-10	-1.24773045e-08	2.4625393e-08	0.7365332	-1.9944683e-17	0.21167779
4.300459578853475e-10	-1.496289e-08	1.5407332e-08	0.73016447	-1.9958363e-17	0.21208139
4.3251468153249576e-10	-1.3629562e-08	8.427942e-09	0.7277559	-1.9963567e-17	0.21212952
4.35032763769747e-10	-1.0551388e-08	3.8189114e-09	0.72850937	-1.9966325e-17	0.21189924
4.3750150579994577e-10	-8.576089e-09	1.316866e-09	0.7316667	-1.996971e-17	0.21141861
4.4001962877121695e-10	-7.127537e-09	-1.0041102e-09	0.7368923	-1.9975552e-17	0.21178555
4.42537794047969e-10	-5.5966805e-09	-2.5020452e-09	0.7438126	-1.9984521e-17	0.21234089
4.4500657363355464e-10	-3.2263217e-09	-2.436202e-09	0.7518751	-1.9996471e-17	0.21242657
4.4752473653552745e-10	-1.1522577e-09	-2.1728288e-09	0.7610085	-2.0011603e-17	0.21257296
4.500429044693555e-10	-6.5843296e-11	-1.7119257e-09	0.7707271	-2.002917e-17	0.2137296
4.525116826747121e-10	-9.876495e-11	-1.4485525e-09	0.7805678	-2.004808e-17	0.2141695
4.550298527014829e-10	4.2798143e-10	-1.1028752e-09	0.7906935	-2.0068295e-17	0.21425699
4.575479958428721e-10	1.8106907e-09	-3.4567732e-10	0.8006726	-2.0088576e-17	0.21580619
4.60016759703188e-10	1.8436124e-09	4.938247e-10	0.8100848	-2.010769e-17	0.2175407
4.625349030563931e-10	2.2386721e-09	1.7016377e-09	0.81909585	-2.0125648e-17	0.21872064
4.650036563637013e-10	2.2715938e-09	3.0617133e-09	0.8271945	-2.0141185e-17	0.21896197
4.67521780000381e-10	1.4814742e-09	4.3456576e-09	0.83460766	-2.015456e-17	0.22137055
4.700398861036633e-10	9.547279e-10	5.1193165e-09	0.84113985	-2.0165315e-17	0.2220176
4.725085988231487e-10	1.3168659e-10	4.7901e-09	0.8467273	-2.0173377e-17	0.22312039
4.750267012117459e-10	-3.292165e-10	3.6872247e-09	0.8516807	-2.0179217e-17	0.22343856
4.775447824475429e-10	1.975299e-10	2.9629483e-09	0.8559956	-2.0182846e-17	0.2245013
4.800134766309418e-10	1.975299e-10	3.4238514e-09	0.8597236	-2.0184461e-17	0.22402072
4.825315526480285e-10	1.3827093e-09	3.555538e-09	0.8631264	-2.018433e-17	0.22509865
4.85000252369128e-10	1.0864144e-09	5.069934e-09	0.8661655	-2.0182644e-17	0.22554657
4.875183248575473e-10	7.901196e-10	5.3991505e-09	0.8690443	-2.017949e-17	0.22515845
4.900363972087152e-10	-1.6460824e-10	5.3991505e-09	0.8717673	-2.0175003e-17	0.22392814
4.925050895021415e-10	-1.876534e-09	5.0040905e-09	0.87434006	-2.0169362e-17	0.22197564
4.950231801786636e-10	-2.2057505e-09	4.0822843e-09	0.8769127	-2.0162337e-17	0.22041349
4.975412347101118e-10	-1.2839443e-09	3.358008e-09	0.8794754	-2.0153961e-17	0.21974374
5.000099330988334e-10	-5.925897e-10	4.016441e-09	0.88201624	-2.014432e-17	0.21828647
5.025280094018461e-10	-6.58433e-10	5.2016205e-09	0.8846751	-2.0132818e-17	0.21690516
5.050460818341464e-10	-1.0205711e-09	5.530837e-09	0.8874418	-2.0119354e-17	0.2166879
5.075147877632205e-10	-2.2715938e-09	5.5966805e-09	0.8903015	-2.0103852e-17	0.21542452
5.100328771658534e-10	-2.9629483e-09	5.267464e-09	0.8934174	-2.0085155e-17	0.21472912
5.125015925239915e-10	-3.9505976e-09	5.0040905e-09	0.89672273	-2.0063284e-17	0.21452063
5.150196730651098e-10	-4.312736e-09	4.609031e-09	0.9004163	-2.0036394e-17	0.21321699
5.175377770529092e-10	-4.971169e-09	3.555538e-09	0.9045147	-2.0003528e-17	0.21378101
5.20006492156979e-10	-5.432072e-09	3.1604783e-09	0.9090132	-1.9963743e-17	0.21313502
5.225245969941338e-10	-7.012311e-09	3.0287917e-09	0.9141875	-1.9912997e-17	0.21326628
5.250427098117718e-10	-8.032882e-09	1.9094557e-09	0.920038	-1.98486e-17	0.2140733
5.275114612694201e-10	-1.0469084e-08	3.292165e-10	0.92646086	-1.9767684e-17	0.21451306
5.30029580533258e-10	-1.1851793e-08	-2.897105e-09	0.9335991	-1.9660392e-17	0.2147473
5.325477260108543e-10	-1.2839443e-08	-8.559629e-09	0.9408736	-1.9518071e-17	0.21421999
5.350165079462251e-10	-1.27736e-08	-1.5143959e-08	0.94697154	-1.9330098e-17	0.2122515
5.375346742480265e-10	-9.38267e-09	-2.35719e-08	0.9493931	-1.9075787e-17	0.20829186
5.400034824412139e-10	-2.0205662e-09	-3.0287918e-08	0.9427782	-1.8798325e-17	0.20595108
5.425216780332613e-10	1.0444393e-08	-3.3448394e-08	0.9203207	-1.864267e-17	0.2179008
5.450398610879626e-10	2.4888767e-08	-2.7654185e-08	0.88404095	-1.8774523e-17	0.2445638
5.475086655723048e-10	3.410683e-08	-2.1135698e-08	0.84871286	-1.9119042e-17	0.22898716
5.500269067320647e-10	4.0032724e-08	-8.567859e-09	0.81745285	-1.945926e-17	0.20521791
5.525454062120287e-10	3.6872247e-08	8.434115e-09	0.79032975	-1.9688732e-17	0.20086242
5.55014470379294e-10	2.7012213e-08	2.0872326e-08	0.7683334	-1.98231e-17	0.20504175
5.575323400501431e-10	1.5016386e-08	2.6666536e-08	0.7510532	-1.9899668e-17	0.2091083
5.60000965506419e-10	5.5472977e-09	2.416449e-08	0.739137	-1.9938004e-17	0.21173763
5.625190716771303e-10	-1.4485525e-09	1.9357929e-08	0.7315551	-1.9955664e-17	0.211802
5.650371717199576e-10	-4.691335e-09	1.3958779e-08	0.72806644	-1.9962588e-17	0.21218047
5.675058621195269e-10	-5.069934e-09	1.0271554e-08	0.72801286	-1.9965572e-17	0.21196753
5.700239326688451e-10	-5.069934e-09	6.4526433e-09	0.7306058	-1.9968611e-17	0.2116145
5.725420350171794e-10	-3.358008e-09	4.609031e-09	0.73532623	-1.9973712e-17	0.21135555
5.750107800764301e-10	-2.7818794e-09	3.2921648e-09	0.74168843	-1.9981631e-17	0.2124048
5.77528915459782e-10	-1.6460824e-09	2.897105e-09	0.7495898	-1.9992939e-17	0.2117779
5.800470589714887e-10	-5.925897e-10	2.4691236e-09	0.75851494	-2.0007322e-17	0.21293513
5.825158308469105e-10	-6.9135464e-10	2.2715938e-09	0.76791346	-2.0023953e-17	0.21348047
5.850339715222004e-10	-8.5596286e-10	2.4032802e-09	0.77788556	-2.0042836e-17	0.21334343
5.875027465358349e-10	-4.609031e-10	2.0493727e-09	0.7878115	-2.0062488e-17	0.21444473
5.900208696308881e-10	6.9135464e-10	2.6090408e-09	0.79785675	-2.008284e-17	0.21596897
5.925389980007961e-10	1.1522577e-09	2.617271e-09	0.8075847	-2.0102633e-17	0.21714681
5.950077314742451e-10	1.9094557e-09	3.613151e-09	0.8165982	-2.0120723e-17	0.21771462
5.975258507933042e-10	1.6460824e-09	3.3826995e-09	0.82507986	-2.0137209e-17	0.21936306
6.000439499662719e-10	2.633732e-09	4.691335e-09	0.8327256	-2.0151263e-17	0.22113153
6.02512663631335e-10	3.0287917e-09	5.234542e-09	0.83936584	-2.0162518e-17	0.22114594
6.05030739119197e-10	1.876534e-09	5.7283667e-09	0.8452897	-2.017143e-17	0.22309937
6.075488093169003e-10	1.3497876e-09	5.3003855e-09	0.85043275	-2.017789e-17	0.22285274
6.100174963276843e-10	2.5020452e-09	4.6748743e-09	0.8548232	-2.0182024e-17	0.22436926
6.125355578821786e-10	2.5678886e-09	5.135777e-09	0.85875654	-2.0184201e-17	0.22427869
6.150042223270099e-10	1.8106907e-09	5.892975e-09	0.8621912	-2.0184542e-17	0.22478546
6.175222635904289e-10	1.5143958e-09	5.3003855e-09	0.8653665	-2.018324e-17	0.22549193
6.20040313780089e-10	9.547279e-10	5.79421e-09	0.8682976	-2.0180462e-17	0.2253482
6.225089899467797e-10	-6.5843296e-11	5.7612883e-09	0.87100315	-2.0176414e-17	0.22435908
6.250270342095686e-10	-3.2921648e-11	5.333307e-09	0.8736499	-2.0171011e-17	0.22257426
6.275450810996179e-10	-3.6213813e-10	5.8600533e-09	0.876232	-2.0164329e-17	0.22045793
6.300137464250769e-10	-5.2674637e-10	6.5184866e-09	0.8787432	-2.0156492e-17	0.22001728
6.325318040341005e-10	-1.9752988e-09	6.7818595e-09	0.881323	-2.0147082e-17	0.21876267
6.35000475994095e-10	-3.2263217e-09	6.18927e-09	0.88390744	-2.0136288e-17	0.21679407
6.375185215302823e-10	-4.609031e-09	5.3991505e-09	0.8866391	-2.0123415e-17	0.21685225
6.400365770678974e-10	-5.037012e-09	3.555538e-09	0.8895097	-2.0108302e-17	0.2158819
6.425052731288045e-10	-5.069934e-09	3.4896948e-09	0.892505	-2.0090822e-17	0.21452874
6.450233496504498e-10	-4.839482e-09	4.3456576e-09	0.8957991	-2.0069607e-17	0.21472967
6.475414092090902e-10	-5.530837e-09	5.0205515e-09	0.89939904	-2.0044059e-17	0.21324122
6.500101149445146e-10	-7.967039e-09	5.79421e-09	0.90329915	-2.001361e-17	0.21386838
6.525281981761807e-10	-1.0995831e-08	4.411501e-09	0.9077418	-1.997539e-17	0.21246105
6.550462854561541e-10	-1.3794171e-08	2.3703588e-09	0.91274977	-1.9927651e-17	0.21366946
6.57515009443614e-10	-1.619745e-08	-7.2427625e-10	0.9182963	-1.986861e-17	0.21392848
6.600331087321837e-10	-1.837028e-08	-5.267464e-09	0.9246552	-1.9791671e-17	0.21401128
6.625018567229102e-10	-1.9818833e-08	-9.481435e-09	0.93151915	-1.9694055e-17	0.21423848
6.650199848668775e-10	-2.0543109e-08	-1.6724197e-08	0.9388344	-1.9563027e-17	0.2143478
6.675381191358815e-10	-1.9259165e-08	-2.6073947e-08	0.9455327	-1.9386735e-17	0.2131381
6.700069032756516e-10	-1.5275646e-08	-3.7267306e-08	0.9493524	-1.9154601e-17	0.20942362
6.72525068548352e-10	-5.866226e-09	-4.872404e-08	0.94585013	-1.8869876e-17	0.20663433
6.750432538738183e-10	1.2246853e-08	-5.5571743e-08	0.9280138	-1.8659812e-17	0.21341605
6.775120616093524e-10	3.8715857e-08	-4.7407173e-08	0.89499694	-1.8705793e-17	0.23623633
6.80030243932317e-10	5.5835116e-08	-3.252659e-08	0.85777444	-1.9018065e-17	0.23996791
6.825484316518838e-10	6.505318e-08	-1.2016402e-08	0.82536376	-1.937885e-17	0.20834777
6.850174880351697e-10	6.2419446e-08	1.3608987e-08	0.7976179	-1.963429e-17	0.20092964
6.875360494705066e-10	4.3456577e-08	3.555538e-08	0.77381146	-1.9793641e-17	0.2029599
6.900045870272728e-10	2.2971081e-08	4.3061515e-08	0.7554443	-1.9882532e-17	0.2083129
6.925225228575151e-10	6.090505e-09	4.0098566e-08	0.74190134	-1.9930222e-17	0.2113348
6.950405963390627e-10	-4.0658237e-09	3.173647e-08	0.73315233	-1.9952387e-17	0.21131179
6.975092755585324e-10	-8.79008e-09	2.2880545e-08	0.7286744	-1.996124e-17	0.21220227
7.000273274126428e-10	-1.0238633e-08	1.5670704e-08	0.7277435	-1.9964883e-17	0.21202815
7.025453778549169e-10	-9.99172e-09	1.0271554e-08	0.72969216	-1.9967664e-17	0.21175124
7.050140819243223e-10	-9.2016e-09	7.111076e-09	0.733783	-1.9971975e-17	0.21089534
7.075321729814083e-10	-9.053453e-09	5.2016205e-09	0.7398122	-1.9979176e-17	0.21228997
7.100009289045925e-10	-8.197491e-09	2.7654186e-09	0.7472127	-1.9989382e-17	0.21180514
7.125190474080813e-10	-5.892975e-09	1.4485525e-09	0.7558855	-2.0002926e-17	0.21298477
7.150371650037663e-10	-4.9053255e-09	-2.3045155e-10	0.76531804	-2.0019232e-17	0.21289507
7.175059137883195e-10	-3.456773e-09	0	0.77501345	-2.0037292e-17	0.2133088
7.200240328198453e-10	-2.7654186e-09	5.5966803e-10	0.7851179	-2.0057093e-17	0.21468492
7.225421494436442e-10	-2.0082205e-09	2.057603e-11	0.7952073	-2.0077447e-17	0.21568425
7.250108924928074e-10	-5.514376e-10	7.6954354e-10	0.8048537	-2.0097088e-17	0.21626554
7.275289963476683e-10	1.5143958e-09	1.5143958e-09	0.81421596	-2.0115987e-17	0.21728675
7.300470902714029e-10	1.9423774e-09	1.8394971e-09	0.8229028	-2.0133047e-17	0.21942852
7.325158015079348e-10	1.9423774e-09	2.6501927e-09	0.8306321	-2.0147509e-17	0.22053832
7.350338753509878e-10	2.4032802e-09	3.9835193e-09	0.8376486	-2.0159712e-17	0.22114648
7.375025494576432e-10	1.9752988e-09	5.3003855e-09	0.8436823	-2.016914e-17	0.22285625
7.400206082023196e-10	1.777769e-09	5.0040905e-09	0.84903795	-2.0176287e-17	0.22275671
7.425386442096532e-10	3.5226164e-09	4.312736e-09	0.85368943	-2.018111e-17	0.22411649
7.45007310248337e-10	3.654303e-09	6.3209566e-09	0.8576826	-2.018378e-17	0.22445549
7.475253423033645e-10	1.3497876e-09	7.835352e-09	0.8612949	-2.0184613e-17	0.22440435
7.500433771758126e-10	-7.571979e-10	6.913546e-09	0.8645492	-2.018374e-17	0.22540234
7.525120194475178e-10	-1.1851794e-09	5.8600533e-09	0.86748105	-2.0181397e-17	0.2254842
7.550300415081886e-10	-2.4691236e-09	4.872404e-09	0.87028223	-2.0177635e-17	0.22470415
7.575480504855238e-10	-1.8106907e-09	4.3456576e-09	0.8729541	-2.0172573e-17	0.2231228
7.600167069102379e-10	-9.218062e-10	5.135777e-09	0.87549853	-2.0166369e-17	0.22084546
7.625347402204806e-10	-1.218101e-09	6.7818595e-09	0.8780617	-2.0158749e-17	0.22021276
7.650033872829913e-10	-3.0287917e-09	6.5843295e-09	0.88058203	-2.0149923e-17	0.21920744
7.675214265786805e-10	-3.753068e-09	5.79421e-09	0.8831988	-2.0139383e-17	0.2173357
7.700394660916029e-10	-4.1481276e-09	5.135777e-09	0.8859008	-2.0127043e-17	0.21692924
7.725081312032089e-10	-4.7407176e-09	4.7407176e-09	0.88867295	-2.0112878e-17	0.21627638
7.75026155614771e-10	-5.3991505e-09	4.6748743e-09	0.89167154	-2.009586e-17	0.21443884
7.775441992313053e-10	-6.2551133e-09	4.7407176e-09	0.8948957	-2.0075632e-17	0.21482058
7.80012898738981e-10	-6.847703e-09	4.609031e-09	0.8983353	-2.0051864e-17	0.21387063
7.82530957830402e-10	-8.131647e-09	3.8189114e-09	0.9021999	-2.0022484e-17	0.21376081
7.850490213405947e-10	-9.810651e-09	3.555538e-09	0.90650874	-1.9986376e-17	0.21315362
7.875177072059299e-10	-1.1193361e-08	2.2386721e-09	0.91125596	-1.9942421e-17	0.21372427
7.900357854882703e-10	-1.3596641e-08	-2.6337318e-10	0.91672474	-1.988604e-17	0.21333526
7.925045013159741e-10	-1.5604861e-08	-3.358008e-09	0.92276675	-1.981568e-17	0.21316122
7.950226067464865e-10	-1.738263e-08	-8.032882e-09	0.92960584	-1.9723136e-17	0.21374084
7.975407231378083e-10	-1.837028e-08	-1.5275646e-08	0.936894	-1.9601651e-17	0.21340282
8.000094664425003e-10	-1.616453e-08	-2.3868195e-08	0.9437778	-1.944271e-17	0.21302874
8.025276167962532e-10	-1.0106946e-08	-3.3843456e-08	0.94878453	-1.922387e-17	0.21003486
8.050457748496678e-10	2.4691237e-11	-4.3456577e-08	0.9478904	-1.8946162e-17	0.20621207
8.075145774755053e-10	1.5539019e-08	-4.8855725e-08	0.9349068	-1.8699923e-17	0.20978227
8.100327376016923e-10	3.627966e-08	-4.1086217e-08	0.90499496	-1.8663289e-17	0.22884321
8.125015366002231e-10	5.1621146e-08	-2.5810573e-08	0.8679521	-1.8912562e-17	0.24849632
8.150196970600197e-10	5.8863908e-08	-9.448513e-09	0.834181	-1.928342e-17	0.2144915
8.175380541634638e-10	5.5176685e-08	1.3178948e-08	0.8047482	-1.9575922e-17	0.20170644
8.200072429758009e-10	4.055947e-08	3.23949e-08	0.7801079	-1.9756567e-17	0.20250668
8.225253293293108e-10	2.1917588e-08	4.2238476e-08	0.7599277	-1.9863409e-17	0.2064393
8.250431914016425e-10	5.851823e-09	4.036194e-08	0.74500877	-1.992065e-17	0.2103197
8.275118348790505e-10	-4.559648e-09	3.3053336e-08	0.73520166	-1.9947848e-17	0.21147881
8.300298919792182e-10	-1.1242743e-08	2.35719e-08	0.7295132	-1.9959605e-17	0.21215868
8.325479054187145e-10	-1.2921747e-08	1.5143959e-08	0.7276763	-1.9964141e-17	0.21208847
8.350165634707509e-10	-1.1769489e-08	8.559629e-09	0.7288851	-1.9966783e-17	0.21185389
8.375346151507855e-10	-9.250983e-09	4.3456576e-09	0.7324816	-1.9970569e-17	0.21123931
8.40003302240434e-10	-6.946468e-09	2.897105e-09	0.73791647	-1.9976794e-17	0.21200831
8.425213935882085e-10	-5.2016205e-09	2.2386721e-09	0.7450791	-1.99863e-17	0.21220312
8.450394969823302e-10	-3.9505976e-09	6.58433e-10	0.7534884	-1.9999029e-17	0.21274184
8.47508237731182e-10	-2.9300267e-09	-3.950598e-10	0.7625637	-2.0014323e-17	0.21218981
8.500263541813299e-10	-1.9094557e-09	6.5843296e-11	0.77235097	-2.0032225e-17	0.21368493
8.525444471710047e-10	-9.547279e-10	1.6460824e-11	0.7824199	-2.0051732e-17	0.21451725
8.550131739415296e-10	1.3168659e-10	-2.1399071e-10	0.79233927	-2.0071624e-17	0.21491115
8.575312697794558e-10	1.5802392e-09	6.58433e-10	0.80227137	-2.0091832e-17	0.21549562
8.600493606157908e-10	2.3045155e-09	1.1666609e-09	0.8117825	-2.011111e-17	0.21757466
8.62518064753311e-10	2.1728288e-09	2.9217964e-09	0.82049805	-2.0128391e-17	0.21909969
8.650361233795982e-10	2.732497e-09	2.8477225e-09	0.828615	-2.0143822e-17	0.21965487
8.675048080170551e-10	3.6213814e-09	3.5390773e-09	0.83573323	-2.0156494e-17	0.22137624
8.700228447634184e-10	4.329197e-09	3.456773e-09	0.8421238	-2.0166825e-17	0.22240677
8.725408965447466e-10	3.4896948e-09	5.1028555e-09	0.84768546	-2.0174616e-17	0.22302958
8.750095491694935e-10	2.0411421e-09	7.3744495e-09	0.85242474	-2.0179954e-17	0.22372136
8.775275721005219e-10	5.2674637e-10	7.308606e-09	0.85664696	-2.0183243e-17	0.22451708
8.800455865811477e-10	-6.255113e-10	6.2551133e-09	0.8603722	-2.0184565e-17	0.22400087
8.825142246555467e-10	0	4.8065605e-09	0.8636497	-2.0184153e-17	0.22523533
8.85032217317358e-10	1.3827093e-09	4.2798143e-09	0.8667057	-2.0182173e-17	0.2255439
8.875008540877252e-10	1.9423774e-09	4.7736393e-09	0.869497	-2.017885e-17	0.22501317
8.900188663776747e-10	8.5596286e-10	6.4526433e-09	0.8722002	-2.0174153e-17	0.22365285
8.925368685490371e-10	-1.975299e-10	7.3744495e-09	0.8748122	-2.0168174e-17	0.22153364
8.950055037376015e-10	-1.679004e-09	6.9793895e-09	0.87732977	-2.0161063e-17	0.22035897
8.97523520083705e-10	-2.2057505e-09	5.0040905e-09	0.8798945	-2.0152464e-17	0.21955855
9.000415474168463e-10	-2.2715938e-09	4.609031e-09	0.88249516	-2.0142352e-17	0.21792287
9.025101941136113e-10	-1.4814742e-09	4.5431876e-09	0.8851171	-2.0130772e-17	0.21693562
9.05028211177462e-10	-1.679004e-09	5.6625233e-09	0.8879054	-2.011695e-17	0.21655673
9.075462382732206e-10	-2.897105e-09	5.99174e-09	0.8908533	-2.0100677e-17	0.21505812
9.100148970837289e-10	-4.2798143e-09	5.8600533e-09	0.89394736	-2.008179e-17	0.21479651
9.125329429087156e-10	-5.366229e-09	5.6625233e-09	0.89736974	-2.0058763e-17	0.21430407
9.150016077813169e-10	-6.1234267e-09	5.267464e-09	0.9010533	-2.0031495e-17	0.21346304
9.175196623397853e-10	-7.5719795e-09	4.5431876e-09	0.90522575	-1.9997498e-17	0.21362644
9.200377245256181e-10	-9.5472785e-09	3.8847547e-09	0.9099096	-1.9955344e-17	0.21346502
9.225064048205474e-10	-1.1127518e-08	2.6995752e-09	0.91509134	-1.9903557e-17	0.21283385
9.250244866961441e-10	-1.3958779e-08	-1.3168659e-10	0.92105705	-1.9836537e-17	0.213899
9.27542580132017e-10	-1.6329137e-08	-3.8847547e-09	0.9277247	-1.9750226e-17	0.21446209
9.300113222754482e-10	-1.8106906e-08	-1.0008181e-08	0.9347928	-1.9639961e-17	0.21455926
9.325294422054526e-10	-1.8534887e-08	-1.7514317e-08	0.94200337	-1.9490657e-17	0.21358989
9.350475697044408e-10	-1.5407332e-08	-2.7654185e-08	0.9478162	-1.9288576e-17	0.21122652
9.375163479901117e-10	-8.847693e-09	-3.897923e-08	0.9490956	-1.9029267e-17	0.20748787
9.400345031811519e-10	4.1810493e-09	-4.8460667e-08	0.94000655	-1.8754109e-17	0.20771776
9.425032994470515e-10	2.3835273e-08	-4.6617053e-08	0.9150629	-1.864274e-17	0.2216554
9.450214746225366e-10	4.213971e-08	-3.4238514e-08	0.87784886	-1.882279e-17	0.24788414
9.475396332719045e-10	5.293801e-08	-2.1728289e-08	0.84270304	-1.9187399e-17	0.22247243
9.50008531805581e-10	5.4979154e-08	-1.9917596e-09	0.81275207	-1.9504292e-17	0.202677
9.525270672088312e-10	4.7670547e-08	1.8938179e-08	0.78634936	-1.9716302e-17	0.20104966
9.550453437269858e-10	3.293811e-08	3.334963e-08	0.7647917	-1.98408e-17	0.2056343
9.575137766854484e-10	1.7909377e-08	3.8057426e-08	0.74874324	-1.9908049e-17	0.20909423
9.600317504388034e-10	4.172819e-09	3.535785e-08	0.73743093	-1.9942453e-17	0.21174727
9.625004222206453e-10	-4.2633537e-09	2.8180931e-08	0.730722	-1.9957294e-17	0.21198735
9.650184357562054e-10	-9.333287e-09	1.9876445e-08	0.7278483	-1.9963213e-17	0.2121516
9.675364250655853e-10	-1.0008181e-08	1.2510227e-08	0.72830623	-1.9966047e-17	0.21192588
9.70005089858756e-10	-9.5472785e-09	7.637823e-09	0.7312378	-1.9969265e-17	0.21150295
9.725231442170602e-10	-7.242763e-09	4.6748743e-09	0.73626983	-1.997481e-17	0.21162927
9.750412394976262e-10	-6.18927e-09	3.555538e-09	0.7430319	-1.9983448e-17	0.21238925
9.775099581985738e-10	-5.514376e-09	1.8436124e-09	0.75097966	-1.9995075e-17	0.2122017
9.800280588948332e-10	-4.7736393e-09	1.1851794e-09	0.760035	-2.0009921e-17	0.21275088
9.825461551512763e-10	-3.555538e-09	3.292165e-10	0.76970595	-2.0027267e-17	0.2136866
9.850148732991868e-10	-2.8312617e-09	6.5843296e-11	0.7795246	-2.0046034e-17	0.2138945
9.875329520996486e-10	-1.3827093e-09	-3.7036854e-10	0.78965145	-2.006619e-17	0.21404271
9.900016750641907e-10	2.4279717e-10	-4.588455e-10	0.7994632	-2.008611e-17	0.21593642
9.92519750143943e-10	1.1851794e-09	3.9094458e-10	0.8091175	-2.0105733e-17	0.21743628
9.950378221524901e-10	2.2057505e-09	1.8641884e-09	0.8181983	-2.0123888e-17	0.21840727
9.975065214149042e-10	2.7654186e-09	2.5431974e-09	0.826379	-2.0139656e-17	0.2191559
1.000024567503336e-09	3.1604783e-09	2.7654186e-09	0.8338827	-2.01533e-17	0.2213119
1.0025426179253841e-09	3.7859897e-09	3.8847547e-09	0.84050494	-2.0164324e-17	0.22172262
1.0050112616120181e-09	3.3909298e-09	4.609031e-09	0.84617424	-2.0172637e-17	0.22313413
1.007529274661026e-09	2.5020452e-09	5.9258967e-09	0.8512003	-2.0178717e-17	0.22323027
1.0100472943565626e-09	1.1522577e-09	6.913546e-09	0.85557544	-2.0182568e-17	0.22446916
1.012515911726565e-09	2.9629485e-10	6.3209566e-09	0.85935044	-2.0184377e-17	0.22413151
1.015033928229899e-09	1.8106906e-10	5.0040905e-09	0.8627899	-2.0184423e-17	0.22499634
1.0175025401496026e-09	9.547279e-10	4.5761093e-09	0.865856	-2.018289e-17	0.22553378
1.0200205400120258e-09	1.9423774e-09	4.7736393e-09	0.86875457	-2.0179882e-17	0.22524093
1.0225385418225618e-09	1.4814742e-09	5.530837e-09	0.8714909	-2.0175529e-17	0.22409181
1.025007164323655e-09	6.9135464e-10	6.3868e-09	0.87407136	-2.0170015e-17	0.22221538
1.0275251609532634e-09	-9.876494e-10	6.716016e-09	0.87664735	-2.0163121e-17	0.22043748
1.0300431650003445e-09	-2.1399071e-09	5.9258967e-09	0.87920904	-2.0154896e-17	0.21985145
1.0325118013459452e-09	-1.876534e-09	5.135777e-09	0.88174504	-2.0145413e-17	0.21848042
1.0350298154371685e-09	-1.7119257e-09	5.135777e-09	0.88439506	-2.01341e-17	0.21687302
1.0375478122399912e-09	-2.3374371e-09	5.135777e-09	0.8871485	-2.0120854e-17	0.21675804
1.040016451245449e-09	-3.4896948e-09	5.5966805e-09	0.8899907	-2.0105614e-17	0.21561517
1.0425344779553e-09	-4.5431876e-09	6.3209566e-09	0.8930832	-2.0087249e-17	0.21466924
1.045003123407044e-09	-6.3209566e-09	5.8600533e-09	0.89635915	-2.0065794e-17	0.21461748
1.0475211661252138e-09	-7.3744495e-09	4.7407176e-09	0.90001553	-2.0039438e-17	0.21303411
1.050039208199816e-09	-8.592551e-09	3.6872247e-09	0.90406764	-2.0007267e-17	0.2138386
1.0525078847945208e-09	-9.514356e-09	2.6995752e-09	0.9085114	-1.9968378e-17	0.21289705
1.0550259401937134e-09	-1.1259204e-08	1.5143958e-09	0.91361976	-1.9918835e-17	0.21346726
1.0575440149470923e-09	-1.3366189e-08	-1.2510226e-09	0.919397	-1.9856052e-17	0.21408452
1.0600127171967414e-09	-1.4814741e-08	-5.0040905e-09	0.9257493	-1.9777261e-17	0.21439375
1.0625308141147727e-09	-1.6296216e-08	-1.0271554e-08	0.93283904	-1.9672962e-17	0.21468157
1.0650489283285155e-09	-1.6855884e-08	-1.758016e-08	0.9401378	-1.9534893e-17	0.21440776
1.0675176794782782e-09	-1.39917e-08	-2.6600691e-08	0.9464349	-1.9352794e-17	0.21269865
1.0700358096821562e-09	-8.197491e-09	-3.7003932e-08	0.9494554	-1.910498e-17	0.20874678
1.0725045875929778e-09	2.9012204e-09	-4.6617053e-08	0.9441122	-1.8825509e-17	0.20636454
1.0750227530845866e-09	2.1654214e-08	-4.8592355e-08	0.92347103	-1.8646894e-17	0.21579924
1.0775409220242073e-09	4.2271395e-08	-3.6213812e-08	0.88803434	-1.8746929e-17	0.2426762
1.0800096996456495e-09	5.3464756e-08	-2.2650093e-08	0.8522154	-1.9079525e-17	0.23283175
1.082527912519782e-09	5.754704e-08	-4.938247e-09	0.82051563	-1.942879e-17	0.20652476
1.0850464017563726e-09	5.10944e-08	1.7588391e-08	0.7929419	-1.9669814e-17	0.20112456
1.0875154622989564e-09	3.6757022e-08	3.3876375e-08	0.77043384	-1.9812106e-17	0.20440671
1.0900332968466699e-09	1.8822952e-08	4.069116e-08	0.7526044	-1.9893795e-17	0.2089486
1.0925018399159467e-09	4.0575934e-09	3.8057426e-08	0.7401801	-1.993515e-17	0.21164317
1.0950198722378965e-09	-6.469104e-09	3.0287918e-08	0.7321457	-1.9954477e-17	0.21164317
1.0975378779909853e-09	-1.0650154e-08	2.0806482e-08	0.72825444	-1.9962136e-17	0.21219434
1.1000064950207656e-09	-1.1374429e-08	1.3432032e-08	0.72788423	-1.9965304e-17	0.21199189
1.10252450136432e-09	-9.563739e-09	8.032882e-09	0.73022956	-1.9968221e-17	0.2116741
1.1050425394355171e-09	-7.522597e-09	5.530837e-09	0.7347455	-1.9973048e-17	0.21116823
1.1075112411658916e-09	-6.4197216e-09	3.6872247e-09	0.7409402	-1.9980642e-17	0.21237963
1.1100293207320025e-09	-6.2221917e-09	3.2921648e-09	0.7487114	-1.999161e-17	0.21146831
1.1125473950699217e-09	-5.5472977e-09	1.9752988e-09	0.75754774	-2.0005692e-17	0.21299295
1.1150161159476852e-09	-3.555538e-09	3.7859896e-10	0.76689166	-2.0022084e-17	0.21329106
1.1175341907169642e-09	-2.5020452e-09	5.925897e-10	0.7768342	-2.0040798e-17	0.21291906
1.1200028927509996e-09	-2.0082205e-09	7.2427625e-10	0.78675467	-2.0060362e-17	0.21458893
1.1225209857956968e-09	-1.8106907e-09	6.58433e-10	0.79681915	-2.0080726e-17	0.21590777
1.1250390589788207e-09	-1.8106906e-10	8.209836e-10	0.80659086	-2.0100618e-17	0.2168805
1.1275077593737086e-09	6.9135464e-10	1.9053403e-09	0.8156687	-2.011888e-17	0.21723643
1.1300258274209494e-09	1.1193361e-09	2.7489577e-09	0.8242318	-2.0135591e-17	0.21942963
1.132543851461763e-09	1.5473175e-09	4.0822843e-09	0.831968	-2.0149916e-17	0.22095536
1.135012520710016e-09	1.6460824e-09	4.872404e-09	0.8386985	-2.0161436e-17	0.22088954
1.1375305434871145e-09	1.9752988e-09	5.135777e-09	0.844709	-2.0170612e-17	0.22303796
1.1400485592095485e-09	1.9094557e-09	5.168699e-09	0.8499287	-2.0177322e-17	0.22257723
1.142517182435678e-09	1.2839443e-09	5.4979155e-09	0.8543823	-2.0181682e-17	0.2242862
1.145035175590676e-09	1.3333268e-09	6.2221917e-09	0.85836756	-2.0184064e-17	0.22435693
1.1475038016685598e-09	8.888845e-10	6.18927e-09	0.86184156	-2.0184585e-17	0.22464663
1.1500217953381686e-09	2.9629485e-10	6.090505e-09	0.8650472	-2.018345e-17	0.22545806
1.1525397679858436e-09	9.876495e-11	5.267464e-09	0.868	-2.0180818e-17	0.22540662
1.1550083859816937e-09	3.292165e-10	5.8600533e-09	0.8707205	-2.0176905e-17	0.22450209
1.1575263730434777e-09	-3.292165e-10	6.3209566e-09	0.8733767	-2.0171635e-17	0.2227969
1.1600443718647878e-09	-7.571979e-10	5.6625233e-09	0.87596333	-2.0165088e-17	0.22046065
1.1625129847519e-09	-1.5143958e-09	5.99174e-09	0.8784747	-2.0157392e-17	0.22010139
1.1650309848122674e-09	-2.6995752e-09	5.135777e-09	0.8810507	-2.014814e-17	0.21893454
1.1675489948928496e-09	-2.9300267e-09	4.7407176e-09	0.8836799	-2.0137292e-17	0.21690017
1.1700176134041247e-09	-2.1069855e-09	4.8065605e-09	0.8863472	-2.0124863e-17	0.2168913
1.1725356231360957e-09	-2.897105e-09	5.333307e-09	0.889201	-2.0110008e-17	0.2160385
1.1750042678472467e-09	-4.2468926e-09	5.2016205e-09	0.89217466	-2.0092836e-17	0.21442932
1.1775222936389507e-09	-4.9053255e-09	5.069934e-09	0.8954406	-2.0072019e-17	0.21478002
1.1800403171810239e-09	-6.4526433e-09	4.3456576e-09	0.89900506	-2.0046972e-17	0.2134923
1.1825089858190387e-09	-7.604901e-09	3.8189114e-09	0.90286195	-2.0017165e-17	0.21384704
1.185027027540128e-09	-8.296255e-09	2.3045155e-09	0.9072511	-1.9979797e-17	0.21276554
1.1875450641557103e-09	-9.316826e-09	3.950598e-10	0.9121951	-1.9933192e-17	0.2137327
1.1900137444553983e-09	-1.1127518e-08	-9.218062e-10	0.91767055	-1.9875618e-17	0.21374337
1.1925318202478449e-09	-1.2839443e-08	-3.555538e-09	0.9239551	-1.9800695e-17	0.21364246
1.1950005423520424e-09	-1.3925857e-08	-7.901195e-09	0.93076104	-1.9705776e-17	0.21380293
1.1975186307614337e-09	-1.3958779e-08	-1.3432032e-08	0.93807214	-1.9578624e-17	0.2141008
1.200036753087197e-09	-1.2641913e-08	-2.1596602e-08	0.9449095	-1.940787e-17	0.21323419
1.2025055056700272e-09	-7.637823e-09	-3.0419603e-08	0.94918257	-1.9182459e-17	0.2097299
1.205023654925005e-09	1.2757139e-09	-3.8057426e-08	0.94677097	-1.8899636e-17	0.20651866
1.207541819994227e-09	1.5958769e-08	-4.1744652e-08	0.93071747	-1.867211e-17	0.21122368
1.2100106088586257e-09	3.3217944e-08	-3.3448394e-08	0.89898914	-1.8686392e-17	0.2343369
1.2125287575257243e-09	4.4773444e-08	-2.0411422e-08	0.86146057	-1.8978597e-17	0.24435078
1.215046934142754e-09	5.017259e-08	-6.9793895e-09	0.8285665	-1.9344806e-17	0.21100694
1.2175159767262098e-09	4.5036817e-08	1.2028748e-08	0.80039376	-1.9612174e-17	0.20040871
1.2200345248321317e-09	3.310272e-08	2.7259125e-08	0.7760769	-1.9780701e-17	0.2025538
1.222503068561668e-09	1.8666574e-08	3.4633576e-08	0.75716895	-1.9875368e-17	0.20771575
1.225020941927293e-09	5.5802194e-09	3.331671e-08	0.7430865	-1.992667e-17	0.21101716
1.2275389485043472e-09	-4.855943e-09	2.7785871e-08	0.73386544	-1.9950852e-17	0.21116623
1.230007574708559e-09	-9.843573e-09	2.0148049e-08	0.72897357	-1.9960644e-17	0.21219575
1.2325255721849415e-09	-1.0979369e-08	1.27736e-08	0.7276918	-1.99646e-17	0.21205193
1.2350435678841112e-09	-9.958799e-09	7.637823e-09	0.72937363	-1.9967324e-17	0.21179436
1.2375122111348923e-09	-7.687205e-09	3.8189114e-09	0.7332526	-1.9971396e-17	0.21104506
1.2400302539076843e-09	-6.18927e-09	2.1728288e-09	0.73909944	-1.9978268e-17	0.21220453
1.2425483377236673e-09	-5.028782e-09	1.8436124e-09	0.7465175	-1.9988366e-17	0.21195874
1.2450170613260165e-09	-4.1645887e-09	5.2674637e-10	0.75493133	-2.0001366e-17	0.2129216
1.2475351506583341e-09	-3.4238514e-09	3.6213813e-10	0.7642994	-2.0017404e-17	0.21257438
1.250003869814669e-09	-2.0740638e-09	2.716036e-10	0.773959	-2.0035274e-17	0.21350327
1.2525219358541003e-09	-9.0534535e-10	-3.292165e-10	0.7840512	-2.0054966e-17	0.21466756
1.255040003173369e-09	6.58433e-10	4.691335e-10	0.79415315	-2.0075303e-17	0.21545547
1.2575086958322914e-09	1.4814742e-09	1.5740663e-09	0.80383635	-2.0095018e-17	0.2158215
1.260026757726997e-09	1.4156308e-09	2.279824e-09	0.81325895	-2.0114073e-17	0.21744789
1.2625448092773638e-09	1.0205711e-09	2.39505e-09	0.8220245	-2.0131353e-17	0.21935622
1.2650134678254645e-09	1.7119257e-09	3.0041005e-09	0.8298415	-2.0146073e-17	0.22022858
1.2675314962786794e-09	2.5678886e-09	3.8847547e-09	0.83695096	-2.015855e-17	0.221266
1.2700001449222457e-09	3.0617133e-09	4.4773443e-09	0.8430725	-2.0168245e-17	0.22270598
1.2725181569874712e-09	2.7983402e-09	4.4444226e-09	0.8485088	-2.0175645e-17	0.22288401
1.2750361542873786e-09	2.1728288e-09	4.510266e-09	0.8532289	-2.0180699e-17	0.22397994
1.2775047711333275e-09	2.8312617e-09	4.8065605e-09	0.8572766	-2.0183584e-17	0.22449325
1.280022750365727e-09	2.3045155e-09	6.0575833e-09	0.86093265	-2.018461e-17	0.22424519
1.2825407347288939e-09	1.3497876e-09	5.8271317e-09	0.8642201	-2.0183907e-17	0.22535113
1.2850093499424438e-09	2.3045155e-10	6.485565e-09	0.86717564	-2.0181713e-17	0.22551565
1.287527335168602e-09	9.876495e-11	6.18927e-09	0.8699938	-2.0178095e-17	0.22482689
1.2900453125277015e-09	-1.975299e-10	5.99174e-09	0.87267673	-2.0173165e-17	0.22332583
1.292513920295227e-09	-1.0205711e-09	6.1234267e-09	0.875227	-2.0167097e-17	0.22112447
1.2950319104303147e-09	-1.0534927e-09	5.6625233e-09	0.87779146	-2.0159614e-17	0.22027469
1.2975005210498611e-09	-9.876494e-10	6.1234267e-09	0.8803093	-2.0150944e-17	0.21935457
1.300018521434914e-09	-1.4156308e-09	5.8600533e-09	0.8829191	-2.0140577e-17	0.21757604
1.3025365286311435e-09	-1.316866e-09	6.18927e-09	0.8856102	-2.0128443e-17	0.21694088
1.3050051594118973e-09	-2.9300267e-09	6.3209566e-09	0.88836724	-2.0114511e-17	0.21639663
1.307523168799692e-09	-3.358008e-09	6.847703e-09	0.89134526	-2.0097796e-17	0.21469694
1.3100411871629925e-09	-4.4773443e-09	6.3209566e-09	0.8945429	-2.0077942e-17	0.21482588
1.3125098365510476e-09	-6.0246617e-09	5.79421e-09	0.8979495	-2.005464e-17	0.21405955
1.3150278480388498e-09	-7.637823e-09	5.464994e-09	0.9017722	-2.0025874e-17	0.21367142
1.3175458972791914e-09	-8.691315e-09	5.0040905e-09	0.9060298	-1.9990567e-17	0.21336032
1.3200145645719775e-09	-1.1522577e-08	3.6872247e-09	0.9107166	-1.994764e-17	0.21365511
1.3225326113841302e-09	-1.36624845e-08	2.0411421e-09	0.9161144	-1.9892653e-17	0.21299267
1.3250013084354176e-09	-1.580239e-08	-5.925897e-10	0.9220824	-1.9824125e-17	0.21352409
1.3275193850007443e-09	-1.7843533e-08	-5.9258967e-09	0.928855	-1.9734117e-17	0.21412352
1.330037482686103e-09	-2.0279735e-08	-1.2510227e-08	0.936118	-1.9616181e-17	0.21395458
1.3325062159822598e-09	-2.018097e-08	-2.1464915e-08	0.94308686	-1.9462205e-17	0.21269412
1.3350243401676314e-09	-1.6822963e-08	-3.3053336e-08	0.9484427	-1.9250117e-17	0.2101529
1.3375424796860606e-09	-8.131647e-09	-4.4773444e-08	0.94844574	-1.8976936e-17	0.20640586
1.3400112585363734e-09	6.794205e-09	-5.3991503e-08	0.93708324	-1.871972e-17	0.20789602
1.342529414364761e-09	3.051837e-08	-5.0831026e-08	0.9088214	-1.8652633e-17	0.22608006
1.3450475654660233e-09	4.994214e-08	-3.6213812e-08	0.8711115	-1.8882336e-17	0.24858792
1.3475163479201755e-09	6.123427e-08	-2.1399071e-08	0.8375277	-1.9246008e-17	0.2175708
1.3500346849820268e-09	6.110258e-08	2.3703588e-09	0.807667	-1.955055e-17	0.20235398
1.3525038685971578e-09	5.0995634e-08	2.5324978e-08	0.7825429	-1.9741279e-17	0.20213412
1.3550219717840816e-09	3.3353746e-08	4.0394863e-08	0.7618137	-1.9854874e-17	0.20565298
1.3575398004480666e-09	1.5143959e-08	4.4246697e-08	0.7463413	-1.9916289e-17	0.20970927
1.3600084087198483e-09	4.609031e-10	3.838664e-08	0.73604953	-1.9945856e-17	0.21161877
1.362526413479498e-09	-8.362099e-09	2.8049245e-08	0.72992253	-1.9958823e-17	0.2121148
1.3650443768913712e-09	-1.1341508e-08	1.9094557e-08	0.7277094	-1.9963817e-17	0.21211253
1.3675129767378284e-09	-1.1160439e-08	1.2641913e-08	0.7286345	-1.996648e-17	0.21188535
1.3700309937811335e-09	-9.678964e-09	8.427942e-09	0.73200226	-1.9970062e-17	0.21134873
1.3725490592473384e-09	-8.592551e-09	5.0040905e-09	0.7373703	-1.9976126e-17	0.21189612
1.3750177443319694e-09	-7.209841e-09	3.2263217e-09	0.7442546	-1.9985139e-17	0.21230242
1.3775358255608354e-09	-5.892975e-09	1.0534927e-09	0.7525513	-1.9997536e-17	0.21257438
1.3800045289281666e-09	-4.5431876e-09	5.2674637e-10	0.76155394	-2.0012555e-17	0.21245229
1.3825225956421914e-09	-2.9794092e-09	3.6419573e-10	0.771297	-2.003024e-17	0.2137296
1.3850406851585602e-09	-1.876534e-09	4.9382474e-11	0.7813472	-2.0049614e-17	0.21433967
1.3875093745809417e-09	-2.6337318e-10	1.0699536e-10	0.79127216	-2.0069463e-17	0.21450494
1.390027456285827e-09	1.4156308e-09	6.5020256e-10	0.8012352	-2.0089719e-17	0.21571516
1.3925455140178247e-09	1.3827093e-09	1.9732413e-09	0.8108013	-2.0109136e-17	0.21757826
1.3950141761491975e-09	1.876534e-09	3.5493652e-09	0.81959003	-2.012662e-17	0.2188703
1.3975322194799536e-09	2.436202e-09	4.312736e-09	0.8277951	-2.0142305e-17	0.21921182
1.400000876519806e-09	2.732497e-09	4.938247e-09	0.83500475	-2.0155245e-17	0.22138464
1.4025188931530637e-09	2.0740638e-09	5.432072e-09	0.84148705	-2.0165853e-17	0.22216426
1.4050368956663027e-09	2.1399071e-09	5.3003855e-09	0.8471327	-2.0173904e-17	0.22309183
1.4075055228464291e-09	2.3374371e-09	5.6625233e-09	0.851943	-2.0179478e-17	0.22354452
1.4100235092989812e-09	2.0740638e-09	5.99174e-09	0.85622495	-2.0182992e-17	0.2245128
1.4125414937283026e-09	1.6460824e-09	6.716016e-09	0.85999733	-2.0184512e-17	0.22393055
1.415010105725139e-09	9.547279e-10	7.012311e-09	0.8633101	-2.018427e-17	0.22515017
1.4175280796000752e-09	-3.1275565e-10	7.308606e-09	0.86639285	-2.0182451e-17	0.22554949
1.4200460611284548e-09	-7.2427625e-10	6.847703e-09	0.8692574	-2.0179193e-17	0.22509384
1.4225146571187634e-09	-1.3168659e-10	5.5966805e-09	0.8719186	-2.0174708e-17	0.22383498
1.425032630023175e-09	-4.609031e-10	6.3209566e-09	0.874538	-2.016887e-17	0.22179337
1.4275012416955584e-09	-8.5596286e-10	7.111076e-09	0.8770581	-2.0161897e-17	0.22039688
1.4300192355752847e-09	-1.777769e-09	7.7695095e-09	0.8796213	-2.015344e-17	0.21968277
1.4325372195353951e-09	-1.4814742e-09	7.967039e-09	0.8822163	-2.0143502e-17	0.21813835
1.4350058487667429e-09	-2.5678886e-09	7.7695095e-09	0.8848286	-2.0132114e-17	0.21691845
1.4375238464755683e-09	-3.7201462e-09	8.427942e-09	0.8876027	-2.0118525e-17	0.21664633
1.4400418458188209e-09	-5.7283667e-09	8.098725e-09	0.89053136	-2.0102535e-17	0.21527725
1.4425104687454266e-09	-7.012311e-09	7.4402924e-09	0.8936009	-2.0083995e-17	0.21475708
1.4450284900030335e-09	-7.934117e-09	6.3209566e-09	0.8969917	-2.0061416e-17	0.21443829
1.4475465167334806e-09	-9.3497485e-09	6.5843295e-09	0.9007131	-2.0034123e-17	0.21333836
1.4500151729565608e-09	-1.1325047e-08	5.0040905e-09	0.90476006	-2.000146e-17	0.21373634
1.4525332210620383e-09	-1.3596641e-08	3.6872247e-09	0.90938497	-1.996028e-17	0.21328768
1.4550018928574741e-09	-1.636206e-08	1.5802392e-09	0.91449916	-1.9909761e-17	0.21313332
1.4575199616990105e-09	-1.8304437e-08	-1.3827093e-09	0.9203896	-1.9844468e-17	0.21403542
1.4600380229389987e-09	-2.2189191e-08	-5.9258967e-09	0.9269857	-1.9760501e-17	0.21453322
1.4625067333939914e-09	-2.3999881e-08	-1.3695406e-08	0.9340127	-1.9653411e-17	0.21472241
1.4650248430318256e-09	-2.4032804e-08	-2.4493707e-08	0.94126856	-1.9508717e-17	0.21404749
1.4675429666237938e-09	-1.9292086e-08	-3.8584172e-08	0.94733953	-1.9313053e-17	0.21185672
1.4700117199034403e-09	-1.0074024e-08	-5.333307e-08	0.9493188	-1.9059765e-17	0.20802651
1.4725298698701038e-09	8.765389e-09	-6.4921494e-08	0.94169134	-1.87793e-17	0.20687735
1.475048019938544e-09	3.6049205e-08	-6.2682815e-08	0.917913	-1.8641675e-17	0.2186995
1.4775168021551367e-09	6.050999e-08	-4.411501e-08	0.8818865	-1.8790576e-17	0.24638444
1.4800349500887834e-09	7.5324735e-08	-2.5217982e-08	0.84618956	-1.9147714e-17	0.2256305
1.4825038369422292e-09	7.690497e-08	1.5637783e-09	0.8158124	-1.947522e-17	0.20435855
1.4850223693711065e-09	6.373631e-08	3.0880507e-08	0.78893626	-1.9698554e-17	0.20060983
1.4875406904370452e-09	4.158004e-08	5.0995634e-08	0.7668365	-1.983071e-17	0.20536615
1.490009117457732e-09	1.8349704e-08	5.5703428e-08	0.75023794	-1.9902677e-17	0.20913845
1.4925270424605931e-09	-1.0699536e-10	4.971169e-08	0.73840827	-1.993994e-17	0.2117657
1.4950450556222602e-09	-1.2148089e-08	3.8189114e-08	0.73115295	-1.9956457e-17	0.21189924
1.4975136670778045e-09	-1.734971e-08	2.6469005e-08	0.7279808	-1.9962811e-17	0.21217112
1.5000316595054202e-09	-1.7728308e-08	1.580239e-08	0.7281245	-1.9965768e-17	0.21195138
1.5025002813762556e-09	-1.5028732e-08	9.3497485e-09	0.73081785	-1.9968832e-17	0.21157904
1.5050183097437053e-09	-1.1884715e-08	5.0040905e-09	0.7356467	-1.9974082e-17	0.21145298
1.507536373112902e-09	-9.5802e-09	3.555538e-09	0.7422413	-1.998237e-17	0.2124099
1.5100050703300746e-09	-8.098725e-09	2.5678886e-09	0.75006634	-1.9993665e-17	0.2119338
1.5125231485484738e-09	-7.045233e-09	1.1851794e-09	0.7590372	-2.000821e-17	0.21288493
1.5150412149139963e-09	-5.530837e-09	-2.9629485e-10	0.7686565	-2.0025325e-17	0.21358708
1.5175099199177964e-09	-3.555538e-09	-9.547279e-10	0.77845	-2.0043935e-17	0.21354969
1.520027991116583e-09	-1.777769e-09	-2.057603e-10	0.7885757	-2.0064023e-17	0.21430212
1.5225460564376486e-09	-1.3168659e-10	2.3868196e-10	0.7986051	-2.008436e-17	0.21597426
1.5250147338470432e-09	4.2798143e-10	1.5452599e-09	0.808114	-2.0103705e-17	0.21726435
1.5275327790007461e-09	1.1522577e-09	2.3312643e-09	0.817265	-2.0122044e-17	0.21802428
1.5300014408353547e-09	1.876534e-09	3.2592433e-09	0.8255293	-2.0138054e-17	0.21930636
1.532519484551858e-09	2.1399071e-09	5.234542e-09	0.83312607	-2.0151971e-17	0.22120596
1.5350375043834194e-09	1.5473175e-09	5.9258967e-09	0.8398415	-2.0163277e-17	0.2213947
1.5375061234827684e-09	1.3827093e-09	6.7983206e-09	0.84559584	-2.0171853e-17	0.22311959
1.5400241274575994e-09	1.5473175e-09	7.209841e-09	0.8506983	-2.017818e-17	0.22298943
1.5425421083831643e-09	1.6460824e-10	7.2756845e-09	0.8551368	-2.0182259e-17	0.224418
1.5450107196376262e-09	-6.5843296e-11	6.9793895e-09	0.85896164	-2.0184269e-17	0.2242334
1.5475286976004948e-09	-7.2427625e-10	7.209841e-09	0.8624403	-2.0184497e-17	0.22487795
1.5500466724699e-09	-1.3827093e-09	6.5184866e-09	0.8655943	-2.0183085e-17	0.22551486
1.5525152714852414e-09	-1.4650133e-09	5.892975e-09	0.8684546	-2.0180265e-17	0.22531378
1.5550332454960168e-09	-2.5678886e-09	6.4526433e-09	0.8712053	-2.017605e-17	0.22425243
1.5575018538318648e-09	-3.0287917e-09	6.716016e-09	0.8737943	-2.0170672e-17	0.22245407
1.5600198286795143e-09	-3.456773e-09	6.1234267e-09	0.8763743	-2.0163922e-17	0.22045384
1.562537817858283e-09	-4.0822843e-09	5.3991505e-09	0.87893564	-2.0155839e-17	0.21995255
1.5650064269820003e-09	-4.213971e-09	4.609031e-09	0.8814672	-2.0146515e-17	0.21866928
1.567524423899338e-09	-4.016441e-09	4.7407176e-09	0.88410854	-2.0135391e-17	0.21683148
1.5700424109773907e-09	-5.2016205e-09	4.8065605e-09	0.88684887	-2.0122368e-17	0.21681789
1.5725110368353708e-09	-6.4526433e-09	5.135777e-09	0.88967353	-2.0107393e-17	0.21579479
1.575029042242583e-09	-8.098725e-09	3.8847547e-09	0.89274263	-2.0089365e-17	0.21459173
1.57754705584266e-09	-8.9546885e-09	2.436202e-09	0.89605725	-2.0067855e-17	0.21468408
1.5800156935267196e-09	-9.3497485e-09	1.3827093e-09	0.89960843	-2.0042495e-17	0.2130981
1.582533727063396e-09	-1.0139868e-08	-2.6337318e-10	0.9036143	-2.0011024e-17	0.21386783
1.5850023872744115e-09	-1.1160439e-08	-2.1728288e-09	0.9080028	-1.997302e-17	0.21261759
1.5875204314347708e-09	-1.2016402e-08	-4.0822843e-09	0.9130445	-1.992468e-17	0.21361576
1.5900384825985423e-09	-1.3300346e-08	-7.3744495e-09	0.9187473	-1.9863498e-17	0.21401858
1.5925071850074096e-09	-1.4024622e-08	-1.158842e-08	0.9250264	-1.9786825e-17	0.21416783
1.595025273289304e-09	-1.3497876e-08	-1.8699497e-08	0.93206203	-1.9685484e-17	0.21446994
1.5975433767553923e-09	-8.526707e-09	-2.6995751e-08	0.93937427	-1.9551612e-17	0.21442485
1.6000121122357871e-09	-1.0534927e-09	-3.476526e-08	0.94584876	-1.9375353e-17	0.21302678
1.6025302405367063e-09	1.0567849e-08	-4.134959e-08	0.94942546	-1.9134367e-17	0.20916457
1.6050483869671038e-09	2.647312e-08	-4.5036817e-08	0.94509673	-1.8849107e-17	0.2066015
1.6075171655304276e-09	4.5382492e-08	-3.753068e-08	0.9265162	-1.8654566e-17	0.21391219
1.6100353139783388e-09	5.99174e-08	-1.5934077e-08	0.89213365	-1.872161e-17	0.23973332
1.6125040933441237e-09	6.505318e-08	3.6872247e-09	0.8558648	-1.903895e-17	0.23723893
1.6150223009905732e-09	6.011493e-08	2.334145e-08	0.8237003	-1.9396209e-17	0.20744823
1.6175407530366936e-09	4.1678806e-08	4.2291973e-08	0.79567313	-1.9649326e-17	0.20111531
1.6200098696594379e-09	1.8666574e-08	5.0501807e-08	0.77264565	-1.9800126e-17	0.20351714
1.6225276916989308e-09	-2.2469024e-09	4.753886e-08	0.75425375	-1.9887336e-17	0.20863315
1.6250455831751469e-09	-1.5621323e-08	3.8254957e-08	0.7410913	-1.9932575e-17	0.2115041
1.6275142238549368e-09	-2.1036934e-08	2.4954609e-08	0.73279756	-1.9953133e-17	0.21143678
1.6300322079691913e-09	-2.1086317e-08	1.4222152e-08	0.72848713	-1.9961625e-17	0.21220198
1.632500800108372e-09	-1.8073985e-08	5.267464e-09	0.72778314	-1.9965025e-17	0.21201569
1.6350187976262603e-09	-1.4090466e-08	0	0.7298684	-1.996785e-17	0.2117277
1.6375368219785798e-09	-1.0748918e-08	-1.6481401e-09	0.73417145	-1.9972407e-17	0.21096909
1.6400055002440657e-09	-8.032882e-09	-3.1604783e-09	0.7401911	-1.9979663e-17	0.21232703
1.642523576901661e-09	-6.1234267e-09	-3.4238514e-09	0.7478244	-1.9990285e-17	0.21165395
1.6450416522091195e-09	-3.4896948e-09	-3.8847547e-09	0.7565658	-2.0004055e-17	0.21300478
1.647510353415213e-09	-2.1399071e-09	-3.654303e-09	0.76585096	-2.0020191e-17	0.21304369
1.6500284286963094e-09	0	-3.4238514e-09	0.77576077	-2.003873e-17	0.21313585
1.6525465037962745e-09	1.1851794e-09	-2.617271e-09	0.78587216	-2.00586e-17	0.21466
1.655015192822832e-09	1.9094557e-09	-1.5967e-09	0.7957549	-2.0078559e-17	0.21577807
1.6575332476222654e-09	2.8312617e-09	-1.1728338e-10	0.8055691	-2.0098542e-17	0.21654147
1.6600019221281011e-09	2.7654186e-09	1.2366195e-09	0.8147105	-2.0116973e-17	0.21717918
1.6625199700923545e-09	2.897105e-09	2.3045155e-09	0.8233557	-2.0133917e-17	0.21944357
1.665038001899034e-09	2.3045155e-09	3.7448373e-09	0.8311839	-2.0148508e-17	0.22072761
1.6675066471775232e-09	1.5473175e-09	3.851833e-09	0.83800673	-2.0160306e-17	0.22106983
1.6700246526482287e-09	1.5802392e-09	4.0493626e-09	0.8441067	-2.0169757e-17	0.2229436
1.6725426568044776e-09	2.3045155e-09	4.0493626e-09	0.849406	-2.0176722e-17	0.22265363
1.6750112651603719e-09	1.8436124e-09	4.411501e-09	0.8539257	-2.0181306e-17	0.22417924
1.6775292434482774e-09	7.901196e-10	4.7407176e-09	0.8579653	-2.0183903e-17	0.2244207
1.680047234528849e-09	-4.2798143e-10	5.2016205e-09	0.8615473	-2.0184605e-17	0.22452031
1.682515827292113e-09	-4.938247e-10	4.016441e-09	0.86471844	-2.0183645e-17	0.225425
1.6850338111771286e-09	-1.3497876e-09	3.8847547e-09	0.86769444	-2.0181164e-17	0.22545566
1.6875024006240848e-09	-1.5143958e-09	2.9629483e-09	0.8704307	-2.0177394e-17	0.22463886
1.6900203813565092e-09	-1.1687186e-09	1.9752988e-09	0.8730971	-2.0172258e-17	0.22301504
1.6925383573723232e-09	-7.901196e-10	2.3703588e-09	0.8756891	-2.0165851e-17	0.22064483
1.6950069548571923e-09	-6.9135464e-10	3.1604783e-09	0.8782011	-2.0158296e-17	0.22017755
1.6975249447532714e-09	-5.925897e-10	2.5020452e-09	0.8807737	-2.0149198e-17	0.21909997
1.7000429412717916e-09	-1.0205711e-09	2.9629483e-09	0.8833954	-2.0138533e-17	0.21716176
1.7025115564767256e-09	-1.316866e-09	2.8312617e-09	0.88605094	-2.0126315e-17	0.21691956
1.7050295448664147e-09	-1.0864144e-09	2.897105e-09	0.8888883	-2.0111712e-17	0.21618387
1.707547555609215e-09	-1.2839443e-09	2.7654186e-09	0.89190173	-2.0094484e-17	0.21433632
1.7100161918225827e-09	-2.1399071e-09	2.633732e-09	0.8950786	-2.0074424e-17	0.21481189
1.7125341982143943e-09	-3.2592433e-09	2.3045155e-09	0.89860785	-2.0049884e-17	0.21372427
1.7150028577489995e-09	-3.9505976e-09	1.9752988e-09	0.9024218	-2.0020709e-17	0.21379647
1.7175208848591173e-09	-4.2468926e-09	1.5802392e-09	0.9067573	-1.9984186e-17	0.21303411
1.7200389272136191e-09	-5.168699e-09	1.316866e-09	0.9116374	-1.9938694e-17	0.21374534
1.7225076028398764e-09	-6.1234267e-09	-3.950598e-10	0.9170412	-1.9882575e-17	0.2134892
1.7250256608971385e-09	-7.4402924e-09	-2.6995752e-09	0.92324984	-1.980964e-17	0.2131784
1.7275437404828422e-09	-7.4073707e-09	-5.0040905e-09	0.93013406	-1.9715273e-17	0.21339494
1.7300124658031202e-09	-6.7818595e-09	-8.427942e-09	0.9372916	-1.9594018e-17	0.21367987
1.7325305825381275e-09	-4.411501e-09	-1.198348e-08	0.94424856	-1.9428706e-17	0.21316403
1.735048707146525e-09	-1.0864144e-09	-1.4880585e-08	0.9489865	-1.9205094e-17	0.20992333
1.737517467096326e-09	2.419741e-09	-1.8699497e-08	0.94755155	-1.893042e-17	0.20631596
1.7400356156887177e-09	9.77773e-09	-2.1596602e-08	0.93326664	-1.8687597e-17	0.21043216
1.7425043969956561e-09	1.8699497e-08	-1.6855884e-08	0.902994	-1.8670148e-17	0.22985445
1.7450225458687416e-09	2.55472e-08	-9.481435e-09	0.86527723	-1.8939172e-17	0.24742433
1.7475407084214164e-09	2.8707678e-08	-1.4814742e-09	0.83187133	-1.930891e-17	0.21326037
1.7500097095346832e-09	2.5810573e-08	9.131642e-09	0.80327	-1.9588444e-17	0.20125371
1.7525282822027461e-09	1.8534887e-08	1.7497856e-08	0.778441	-1.9766718e-17	0.20261303
1.7550462348073475e-09	9.839458e-09	2.074064e-08	0.75864667	-1.9869039e-17	0.20708068
1.7575146886394207e-09	1.7119257e-09	1.9357929e-08	0.74434805	-1.9922758e-17	0.21058506
1.7600326877904006e-09	-3.1275567e-09	1.5604861e-08	0.73463917	-1.9949133e-17	0.21136095
1.7625013221768771e-09	-4.888865e-09	1.0403241e-08	0.72932065	-1.9959974e-17	0.21217565
1.765019293960128e-09	-4.872404e-09	6.3209566e-09	0.72767276	-1.9964297e-17	0.21207601
1.7675372800090166e-09	-3.7201462e-09	3.1604783e-09	0.72907543	-1.9966997e-17	0.21183178
1.7700059102686066e-09	-2.3209763e-09	1.7119257e-09	0.732735	-1.9970835e-17	0.21117875
1.7725239656875142e-09	-2.0411421e-09	1.5143958e-09	0.7383928	-1.9977385e-17	0.21209526
1.7750420296813372e-09	-1.3004051e-09	1.1851794e-09	0.74566114	-1.998713e-17	0.21211566
1.7775107264904885e-09	-3.950598e-10	5.2674637e-10	0.75397056	-1.9999804e-17	0.21281382
1.7800288161071185e-09	6.58433e-10	-5.2674637e-10	0.7632696	-2.0015572e-17	0.21219943
1.7825468778517997e-09	1.9094557e-09	2.9629485e-10	0.7730857	-2.0033616e-17	0.21361886
1.7850155863911267e-09	1.9423774e-09	1.218101e-09	0.7829673	-2.0052815e-17	0.21458472
1.7875336448748587e-09	1.6131608e-09	1.9752988e-09	0.7930796	-2.0073126e-17	0.21515612
1.7900023371198221e-09	1.6131608e-09	1.4382645e-09	0.8027977	-2.0092902e-17	0.21535815
1.792520394145618e-09	2.6666536e-09	1.3497876e-09	0.8122796	-2.0112107e-17	0.21754843
1.7950384283686988e-09	3.0617133e-09	1.5226262e-09	0.82112324	-2.0129609e-17	0.21922497
1.7975070882998297e-09	3.2263217e-09	2.3621283e-09	0.8290288	-2.0144586e-17	0.21986075
1.8000251179366823e-09	3.0617133e-09	2.8312617e-09	0.83623296	-2.0157343e-17	0.22134611
1.8025431321573155e-09	2.6666536e-09	3.473234e-09	0.8425602	-2.0167484e-17	0.222554
1.8050117527933785e-09	2.8312617e-09	3.374469e-09	0.8479635	-2.0174968e-17	0.22298756
1.8075297524870887e-09	2.8312617e-09	3.9835193e-09	0.8527547	-2.0180269e-17	0.22383015
1.810047722608754e-09	2.9300267e-09	4.6419526e-09	0.8569363	-2.0183404e-17	0.2245112
1.812516330731244e-09	2.633732e-09	3.917676e-09	0.86056095	-2.0184583e-17	0.22408698
1.815034299008721e-09	2.4032802e-09	4.411501e-09	0.8638831	-2.0184057e-17	0.22528629
1.8175028993794643e-09	2.3703588e-09	4.8065605e-09	0.8668636	-2.0182026e-17	0.22553776
1.8200208787171846e-09	1.1851794e-09	5.6625233e-09	0.86969984	-2.0178547e-17	0.2249413
1.8225388488057868e-09	2.9629485e-10	5.7283667e-09	0.8723945	-2.0173752e-17	0.223523
1.8250074615001923e-09	8.230412e-10	5.8600533e-09	0.8749512	-2.0167816e-17	0.22139877
1.8275254345843116e-09	1.0534927e-09	5.99174e-09	0.87751764	-2.0160481e-17	0.22032732
1.830043418394758e-09	2.6337318e-10	6.3209566e-09	0.8800837	-2.0151774e-17	0.21946876
1.8325120283604603e-09	-1.3168659e-10	6.18927e-09	0.88263667	-2.0141764e-17	0.21780896
1.835030023736969e-09	-7.2427625e-10	7.242763e-09	0.88531727	-2.0129834e-17	0.21694198
1.8375480185418065e-09	-1.5473175e-09	6.716016e-09	0.88811564	-2.0115848e-17	0.21648765
1.8400166503395154e-09	-1.9752988e-09	7.045233e-09	0.89101714	-2.0099723e-17	0.21494132
1.8425346603561725e-09	-3.094635e-09	7.045233e-09	0.89418846	-2.0080238e-17	0.21481441
1.8450032975544084e-09	-4.6419526e-09	6.9793895e-09	0.8975625	-2.0057398e-17	0.21422839
1.8475213159497576e-09	-5.9258967e-09	7.045233e-09	0.901344	-2.0029236e-17	0.21355587
1.8500393461925372e-09	-7.5719795e-09	7.242763e-09	0.90555054	-1.9994714e-17	0.21353112
1.852508019295467e-09	-1.0600771e-08	6.5843295e-09	0.91017747	-1.9952799e-17	0.21354039
1.8550260588607986e-09	-1.2839443e-08	4.6748743e-09	0.9155044	-1.989918e-17	0.21258906
1.857544114143399e-09	-1.5341488e-08	2.2386721e-09	0.9215223	-1.9830937e-17	0.21375433
1.8600128124264261e-09	-1.7481396e-08	-1.316866e-09	0.92810065	-1.9744922e-17	0.21438086
1.8625309033077917e-09	-2.0510187e-08	-6.0575833e-09	0.9353314	-1.9630445e-17	0.21436994
1.865049001041287e-09	-2.2386722e-08	-1.4090466e-08	0.9425019	-1.9477858e-17	0.21317446
1.8675177549122157e-09	-2.1514298e-08	-2.4888767e-08	0.9480387	-1.927593e-17	0.21087997
1.870035887117889e-09	-1.6452594e-08	-3.7794052e-08	0.94887453	-1.9008066e-17	0.2070795
1.872504661757462e-09	-4.810676e-09	-4.9119098e-08	0.93908155	-1.8742095e-17	0.20786859
1.87502280768383e-09	1.6641893e-08	-5.188452e-08	0.9125752	-1.8645503e-17	0.22297756
1.8775409578323648e-09	3.8189114e-08	-4.213971e-08	0.8750931	-1.8846296e-17	0.24754989
1.880009735451633e-09	5.1226085e-08	-3.1012192e-08	0.8409634	-1.9207169e-17	0.22099045
1.8825280367939928e-09	5.609849e-08	-9.59666e-09	0.8106702	-1.9523545e-17	0.2026702
1.8850465861626203e-09	5.1028554e-08	1.3827092e-08	0.78459865	-1.9727958e-17	0.20162341
1.887515376076549e-09	3.8658246e-08	3.0287918e-08	0.76378304	-1.9845648e-17	0.20569034
1.890033168024523e-09	2.2872316e-08	3.713562e-08	0.74774784	-1.9911523e-17	0.20899543
1.8925017694146862e-09	9.209831e-09	3.6016285e-08	0.73695743	-1.9943639e-17	0.21171664
1.8950197790223827e-09	-5.2674637e-10	2.976117e-08	0.7303818	-1.995795e-17	0.21204768
1.897537760036859e-09	-5.711906e-09	2.2123348e-08	0.72777903	-1.996347e-17	0.21213603
1.9000063528333645e-09	-8.164569e-09	1.5539019e-08	0.7284086	-1.9966191e-17	0.21191368
1.9025243581601834e-09	-8.543168e-09	1.0271554e-08	0.7315402	-1.9969578e-17	0.21144502
1.9050423960569237e-09	-7.736587e-09	7.1769195e-09	0.73670983	-1.9975331e-17	0.21174301
1.9075110872794806e-09	-7.473214e-09	4.6748743e-09	0.7434356	-1.9984e-17	0.21236804
1.9100291614120972e-09	-5.9258967e-09	2.5020452e-09	0.75161386	-1.999606e-17	0.21236578
1.9125472463941658e-09	-4.609031e-09	1.8436124e-09	0.7607247	-2.001111e-17	0.2126303
1.9150159386532933e-09	-2.8641833e-09	1.6460824e-09	0.7702352	-2.0028251e-17	0.21371582
1.917534006859647e-09	-2.1934048e-09	1.218101e-09	0.78026366	-2.0047483e-17	0.21409574
1.9200027059067603e-09	-1.4814742e-09	9.79419e-10	0.79019165	-2.0067281e-17	0.2140298
1.922520768046458e-09	-3.6213813e-10	1.4382645e-09	0.8001834	-2.0087578e-17	0.2158705
1.9250388327541576e-09	6.58433e-10	2.1543103e-09	0.80980283	-2.0107121e-17	0.21751694
1.927507500901343e-09	3.6213813e-10	3.275704e-09	0.818664	-2.0124803e-17	0.21857694
1.9300255380381106e-09	1.1193361e-09	3.5473076e-09	0.8269566	-2.0140743e-17	0.21902344
1.9325435567970803e-09	1.7119257e-09	4.1645887e-09	0.8343961	-2.0154194e-17	0.22135778
1.935012203886878e-09	1.8106907e-09	5.168699e-09	0.84083426	-2.0164842e-17	0.22187977
1.937530190513036e-09	2.1069855e-09	5.7283667e-09	0.84656566	-2.0173163e-17	0.2231274
1.9400481836311656e-09	2.493815e-09	5.4979155e-09	0.8515402	-2.0179073e-17	0.223381
1.942516812455526e-09	2.1069855e-09	6.3868e-09	0.85579306	-2.0182714e-17	0.2244887
1.9450347903255525e-09	1.2839443e-09	6.485565e-09	0.8596142	-2.0184438e-17	0.22405533
1.9475033936124766e-09	1.0534927e-09	6.9793895e-09	0.8629639	-2.0184377e-17	0.2250511
1.950021351286271e-09	1.3168659e-10	6.5184866e-09	0.86607444	-2.0182717e-17	0.22554363
1.9525393305397458e-09	-4.938247e-10	5.8600533e-09	0.86895883	-2.0179605e-17	0.22518408
1.955007928949196e-09	-1.1193361e-09	5.79421e-09	0.87163335	-2.0175258e-17	0.22400892
1.9575259041414186e-09	-1.1851794e-09	5.99174e-09	0.8742606	-2.0169554e-17	0.22204709
1.9600438841279742e-09	-1.2839443e-09	5.464994e-09	0.8768341	-2.016257e-17	0.2204214
1.962512492480673e-09	-2.0740638e-09	5.79421e-09	0.8793461	-2.0154416e-17	0.2197976
1.965030476226268e-09	-2.5678886e-09	6.2551133e-09	0.8819357	-2.0144645e-17	0.21834563
1.967548462311278e-09	-3.2263217e-09	5.530837e-09	0.88459176	-2.0133204e-17	0.21689712
1.970017079515614e-09	-3.8189114e-09	5.3991505e-09	0.887299	-2.0120086e-17	0.21672422
1.9725350810501106e-09	-4.872404e-09	4.1481276e-09	0.8902087	-2.0104377e-17	0.21548364
1.975003724305382e-09	-5.3991505e-09	3.753068e-09	0.8932544	-2.0086179e-17	0.21470226
1.9775217217104795e-09	-5.7612883e-09	3.6213814e-09	0.896614	-2.0064038e-17	0.21455254
1.9800397470227913e-09	-7.242763e-09	2.5020452e-09	0.9002964	-2.003731e-17	0.21316488
1.9825084000700948e-09	-8.164569e-09	9.876494e-10	0.9042963	-2.000536e-17	0.21381305
1.9850264412782562e-09	-9.5802e-09	6.5843296e-11	0.90886277	-1.9965139e-17	0.21306793
1.9875444730235414e-09	-1.0864144e-08	-1.218101e-09	0.91401714	-1.9914755e-17	0.21333301
1.990013154434106e-09	-1.2444383e-08	-3.555538e-09	0.91972435	-1.9852255e-17	0.21408844
1.9925312210151942e-09	-1.3695406e-08	-7.308606e-09	0.92624736	-1.9770575e-17	0.21448813
1.995049302062744e-09	-1.4090466e-08	-1.2641913e-08	0.9333715	-1.9664189e-17	0.21474254
1.9975180316645377e-09	-1.2806521e-08	-1.9621302e-08	0.9405157	-1.9526344e-17	0.21433352
2e-09	-7.703666e-09	-2.8312618e-08	0.9467412	-1.9340118e-17	0.21246105
