# t (s)	mx ()	my ()	mz ()	E_total (J)	MaxAngle (rad)
0	1.2345618e-09	6.090505e-10	0.97954804	-2.0725794e-17	0.26631546
2.5095946980909684e-12	1.5473175e-09	1.6543128e-09	0.9663472	-2.0656632e-17	0.23695065
5.039075161801602e-12	6.58433e-10	4.3456576e-09	0.95208234	-2.0487293e-17	0.22759973
7.515140029301486e-12	-1.8106907e-09	7.242763e-09	0.9395985	-2.0238415e-17	0.22558014
1.0038556789787427e-11	-8.823002e-09	1.0353858e-08	0.92971444	-1.9936854e-17	0.2241661
1.251068822997068e-11	-1.8041064e-08	1.1917637e-08	0.92242736	-1.9622511e-17	0.22119729
1.5031355606498666e-11	-3.094635e-08	1.1720107e-08	0.91647065	-1.9291199e-17	0.21997468
1.7502020135160734e-11	-4.8394824e-08	9.1522185e-09	0.91100514	-1.895514e-17	0.21923457
2.0021728645603038e-11	-6.7621066e-08	2.5020452e-09	0.90473086	-1.8600466e-17	0.2200588
2.2541126808518925e-11	-8.839463e-08	-6.551408e-09	0.8969956	-1.8240037e-17	0.2257248
2.5010921658390875e-11	-1.0918465e-07	-1.5012272e-08	0.88794273	-1.789434e-17	0.23811409
2.7529894722449182e-11	-1.3682236e-07	-1.6855884e-08	0.8778091	-1.7566545e-17	0.26133454
3.0048689501698103e-11	-1.8864105e-07	-1.1325047e-08	0.86724234	-1.7280973e-17	0.27746007
3.251794021567187e-11	-2.8306033e-07	-8.296255e-09	0.8559612	-1.706977e-17	0.27547514
3.503646186148216e-11	-4.3380857e-07	-3.8715857e-08	0.84181964	-1.6992753e-17	0.2639729
3.7505550630596595e-11	-5.906802e-07	-1.3603226e-07	0.82314175	-1.711957e-17	0.24140796
4.002402839732089e-11	-6.8351926e-07	-2.9827012e-07	0.7974446	-1.7418799e-17	0.2272304
4.254263009555256e-11	-6.5988155e-07	-4.950099e-07	0.7647999	-1.7802507e-17	0.22019775
4.5011885421229136e-11	-5.089029e-07	-6.8681146e-07	0.7276878	-1.820859e-17	0.21651317
4.7530444169397885e-11	-2.4342268e-07	-8.167203e-07	0.6880222	-1.8605582e-17	0.21031226
5.004878513304823e-11	6.320956e-08	-8.2264614e-07	0.6504332	-1.893247e-17	0.20529132
5.251762432855724e-11	3.3026998e-07	-7.0294305e-07	0.61831754	-1.9160425e-17	0.20471773
5.5035753062057754e-11	5.095613e-07	-4.8789883e-07	0.59172904	-1.9307693e-17	0.20625195
5.750454898355763e-11	5.671083e-07	-2.5059958e-07	0.5719788	-1.9391408e-17	0.2080219
6.002276237874359e-11	5.189439e-07	-4.6617053e-08	0.5579146	-1.9437378e-17	0.2104036
6.25409992009721e-11	4.109774e-07	8.085557e-08	0.54935426	-1.946028e-17	0.21126005
6.500982105456755e-11	2.9844298e-07	1.3353021e-07	0.54558176	-1.9471228e-17	0.21189469
6.752804095389205e-11	2.0934671e-07	1.4182646e-07	0.5456956	-1.9477705e-17	0.21237342
7.004628819240665e-11	1.5308773e-07	1.3247671e-07	0.5491377	-1.9483765e-17	0.21254839
7.251516938383376e-11	1.16485026e-07	1.2497058e-07	0.5551918	-1.9491696e-17	0.21236323
7.503348233683035e-11	8.545637e-08	1.1996649e-07	0.5636045	-1.95031e-17	0.21139987
7.750241286136463e-11	5.5843348e-08	1.14567335e-07	0.5736131	-1.9518106e-17	0.21137458
8.002075684505969e-11	2.7020443e-08	1.04295786e-07	0.58523697	-1.9537434e-17	0.21087627
8.253906222068961e-11	3.3868146e-09	8.8756764e-08	0.59797704	-1.9560663e-17	0.21168402
8.500802213423556e-11	-1.1625457e-08	7.190088e-08	0.61130697	-1.958688e-17	0.21180172
8.752632100659265e-11	-1.8234479e-08	5.767873e-08	0.62555236	-1.9616664e-17	0.21167664
9.004461627846321e-11	-2.154722e-08	4.5826933e-08	0.6402719	-1.964902e-17	0.21146376
9.251352431808069e-11	-2.1456685e-08	3.8847546e-08	0.6550088	-1.9682746e-17	0.21114406
9.503181941754558e-11	-1.9868216e-08	3.3053336e-08	0.67021483	-1.971872e-17	0.2113976
9.750071336068815e-11	-2.0209777e-08	2.8971051e-08	0.6851749	-1.9755111e-17	0.21165651
1.0001898647927734e-10	-2.0279735e-08	2.5020453e-08	0.70037615	-1.9792953e-17	0.21178187
1.0253725104653276e-10	-1.9695376e-08	2.116862e-08	0.7154083	-1.983109e-17	0.21189469
1.0500613922306008e-10	-1.9399081e-08	1.91604e-08	0.72986966	-1.9868294e-17	0.21212584
1.0752437844621219e-10	-1.879826e-08	1.659251e-08	0.7442121	-1.9905514e-17	0.21296221
1.1004262628741438e-10	-1.813983e-08	1.4156309e-08	0.7579959	-1.9941346e-17	0.21414371
1.1251148539892808e-10	-1.6790041e-08	1.1127518e-08	0.7708034	-1.9974441e-17	0.2155051
1.150296965588148e-10	-1.4617212e-08	6.617251e-09	0.7829588	-2.000537e-17	0.21731164
1.1754790600259925e-10	-1.0436163e-08	1.316866e-09	0.7939977	-2.0032741e-17	0.21947534
1.2001672084626626e-10	-4.7407176e-09	-4.580224e-09	0.80355734	-2.0055649e-17	0.22173049
1.225348960821216e-10	2.633732e-09	-1.0423817e-08	0.81188786	-2.0074853e-17	0.22398208
1.2500367973393724e-10	9.5802e-09	-1.4353839e-08	0.8186157	-2.0089855e-17	0.22737561
1.27521828204722e-10	1.6460824e-08	-1.6510207e-08	0.82406104	-2.0101784e-17	0.22866186
1.300399693886968e-10	2.097109e-08	-1.6724197e-08	0.82821834	-2.011097e-17	0.23064552
1.3250872101235138e-10	2.4197412e-08	-1.4090466e-08	0.83123785	-2.011787e-17	0.23109487
1.350268281849133e-10	2.4658315e-08	-1.08970655e-08	0.83345646	-2.0123216e-17	0.23095456
1.3754492930386973e-10	2.3308527e-08	-6.9793895e-09	0.8350106	-2.012722e-17	0.23137991
1.4001365707170855e-10	2.0888786e-08	-3.555538e-09	0.8360578	-2.0130128e-17	0.2317648
1.4253173820977123e-10	1.84032e-08	-1.679004e-09	0.8367768	-2.0132297e-17	0.23196037
1.450004493827138e-10	1.5868235e-08	-3.2921648e-11	0.8372398	-2.0133844e-17	0.23205213
1.4751855043219357e-10	1.3333268e-08	1.0534927e-09	0.83754116	-2.0134982e-17	0.23209101
1.500366272740052e-10	1.06995355e-08	1.3827093e-09	0.83772445	-2.0135803e-17	0.23210266
1.5250535157291254e-10	8.823002e-09	1.1851794e-09	0.83782727	-2.0136389e-17	0.23210008
1.55023444232149e-10	7.341528e-09	1.316866e-09	0.83788043	-2.0136817e-17	0.23209049
1.5754153901741515e-10	6.3538783e-09	2.3703588e-09	0.8379001	-2.0137126e-17	0.23208348
1.6001026026684722e-10	4.98763e-09	1.6460824e-09	0.83789927	-2.0137346e-17	0.23207547
1.6252835092008943e-10	4.4773443e-09	1.4156308e-09	0.8378862	-2.0137509e-17	0.23206767
1.6504644620609354e-10	4.510266e-09	1.0534927e-09	0.8378666	-2.0137626e-17	0.23206094
1.6751516088921529e-10	4.3456576e-09	1.7119257e-09	0.83784485	-2.0137709e-17	0.2320542
1.7003325983849562e-10	4.213971e-09	1.7119257e-09	0.83782196	-2.0137775e-17	0.23204876
1.725019784393397e-10	3.7036854e-09	2.3703588e-09	0.8378004	-2.013782e-17	0.23204255
1.7502007564602886e-10	3.3909298e-09	1.7448474e-09	0.8377801	-2.0137854e-17	0.2320345
1.7753816925258096e-10	3.2921648e-09	1.4485525e-09	0.83776176	-2.0137879e-17	0.23202881
1.8000691197503115e-10	2.8641833e-09	1.9752988e-09	0.8377458	-2.0137899e-17	0.23202233
1.8252501245954288e-10	3.2263217e-09	1.7613082e-09	0.83773166	-2.013791e-17	0.23201428
1.8504309880648614e-10	2.6008102e-09	2.1234463e-09	0.8377195	-2.013792e-17	0.23200886
1.8751182269138417e-10	2.353898e-09	2.0411421e-09	0.83770925	-2.0137929e-17	0.23200184
1.9002991905931813e-10	1.876534e-09	1.6625432e-09	0.8377005	-2.0137935e-17	0.23199615
1.9254801295408406e-10	2.8312617e-09	1.8436124e-09	0.8376931	-2.0137939e-17	0.23199044
1.9501672317861083e-10	2.9629483e-09	1.8436124e-09	0.837687	-2.013794e-17	0.231985
1.9753482796976247e-10	2.419741e-09	2.1069855e-09	0.8376818	-2.0137945e-17	0.23198187
2.0000353003151885e-10	2.2222113e-09	1.876534e-09	0.83767754	-2.0137947e-17	0.23197825
2.025216073759712e-10	2.2880546e-09	1.5802392e-09	0.83767384	-2.0137947e-17	0.23197386
2.0503970096971157e-10	2.8312617e-09	1.0205711e-09	0.83767074	-2.0137949e-17	0.23197229
2.075084281330216e-10	3.7859897e-09	1.6131608e-09	0.8376684	-2.013795e-17	0.23196945
2.1002650365998735e-10	3.654303e-09	1.9752988e-09	0.8376664	-2.0137952e-17	0.23196788
2.125445970254074e-10	3.1604783e-09	2.3703588e-09	0.8376646	-2.0137954e-17	0.23196606
2.1501331737559946e-10	2.255133e-09	1.9752988e-09	0.8376631	-2.013795e-17	0.23196425
2.1753139240628343e-10	1.7119257e-09	1.0864144e-09	0.837662	-2.0137952e-17	0.23196425
2.200001091564842e-10	2.0740638e-09	1.4485525e-09	0.8376611	-2.0137952e-17	0.23196347
2.225182015004301e-10	2.633732e-09	1.2510226e-09	0.83766043	-2.0137952e-17	0.23196165
2.2503629855235262e-10	3.2263217e-09	8.888845e-10	0.83765966	-2.013795e-17	0.23196244
2.2750500329351733e-10	3.8847547e-09	1.0534927e-09	0.8376591	-2.013795e-17	0.23196165
2.3002311096502478e-10	3.8189114e-09	1.1851794e-09	0.83765864	-2.013795e-17	0.23196088
2.3254118743152048e-10	4.312736e-09	1.5802392e-09	0.8376583	-2.0137952e-17	0.23196088
2.350098970702703e-10	3.8682937e-09	2.2386721e-09	0.837658	-2.0137949e-17	0.23195983
2.3752797609393455e-10	3.2263217e-09	2.5020452e-09	0.83765775	-2.0137952e-17	0.23196088
2.4004606797704945e-10	2.99587e-09	2.2057505e-09	0.83765763	-2.0137952e-17	0.23195983
2.4251477424022757e-10	2.518506e-09	2.2715938e-09	0.8376574	-2.0137954e-17	0.23195958
2.4503287544628484e-10	1.6954649e-09	1.3662484e-09	0.8376573	-2.0137955e-17	0.23196062
2.475015833578337e-10	2.633732e-09	2.3045155e-10	0.83765715	-2.0137954e-17	0.23196037
2.500196645657351e-10	3.1110958e-09	7.901196e-10	0.8376571	-2.0137954e-17	0.23195958
2.525377506256617e-10	2.897105e-09	1.9752988e-09	0.837657	-2.0137954e-17	0.23196012
2.550064695795002e-10	2.4691236e-09	1.6460824e-09	0.8376569	-2.0137952e-17	0.23195958
2.575245609458267e-10	2.419741e-09	1.777769e-09	0.8376569	-2.0137952e-17	0.23196037
2.600426460290857e-10	2.9629483e-09	1.9094557e-09	0.8376568	-2.0137952e-17	0.23195933
2.625113524833438e-10	2.1069855e-09	1.8106907e-09	0.83765674	-2.0137952e-17	0.23195906
2.6502944226095314e-10	1.8106907e-09	1.9752988e-09	0.8376567	-2.0137952e-17	0.23196037
2.675475219898752e-10	1.4485525e-09	1.4814742e-09	0.8376567	-2.0137954e-17	0.23195906
2.700162228027809e-10	1.679004e-09	1.316866e-09	0.8376567	-2.0137954e-17	0.23195983
2.72534324352371e-10	2.2715938e-09	1.4156308e-09	0.8376567	-2.0137954e-17	0.23196062
2.7500302723857993e-10	2.2057505e-09	2.2386721e-09	0.8376567	-2.0137954e-17	0.23195958
2.7752110522501913e-10	1.7448474e-09	1.6131608e-09	0.8376567	-2.0137954e-17	0.23195983
2.800391857598884e-10	1.9752988e-09	1.876534e-09	0.8376567	-2.0137954e-17	0.23195933
2.82507910386076e-10	1.777769e-09	1.3827093e-09	0.8376567	-2.0137954e-17	0.23195906
2.850259937656078e-10	1.6460824e-09	1.7119257e-09	0.8376566	-2.0137952e-17	0.23196037
2.8754409011984197e-10	2.1234463e-09	1.5802392e-09	0.8376566	-2.0137954e-17	0.23195933
2.900127783298409e-10	2.2715938e-09	1.9752988e-09	0.8376566	-2.0137954e-17	0.23195906
2.9253086613267284e-10	1.8106907e-09	2.2386721e-09	0.8376566	-2.0137954e-17	0.23196012
2.9504893385306827e-10	1.5802392e-09	2.3045155e-09	0.8376566	-2.0137954e-17	0.23195933
2.9751764890332694e-10	1.3497876e-09	2.2386721e-09	0.8376566	-2.0137952e-17	0.23195983
3.0003573555423035e-10	1.1193361e-09	1.0534927e-09	0.8376566	-2.0137954e-17	0.23195933
3.025044340959189e-10	1.6296217e-09	1.316866e-09	0.8376566	-2.0137954e-17	0.23195906
3.050225013613351e-10	2.534967e-09	9.218062e-10	0.8376566	-2.0137954e-17	0.23196012
3.075405834820798e-10	3.094635e-09	1.4485525e-09	0.8376566	-2.0137954e-17	0.23195906
3.10009299698569e-10	3.3250864e-09	2.3374371e-09	0.8376566	-2.0137954e-17	0.23195906
3.125273900320226e-10	2.1069855e-09	2.5020452e-09	0.8376566	-2.0137954e-17	0.23196062
3.1504547352468726e-10	1.7448474e-09	1.777769e-09	0.8376566	-2.0137954e-17	0.2319588
3.175141709213789e-10	1.6460824e-09	1.9259165e-09	0.8376566	-2.0137954e-17	0.23195983
3.2003223858458394e-10	1.958838e-09	1.316866e-09	0.8376566	-2.0137954e-17	0.23195983
3.225009528725755e-10	1.777769e-09	1.7448474e-09	0.8376566	-2.0137954e-17	0.23195906
3.25019037540112e-10	2.0411421e-09	1.8436124e-09	0.8376566	-2.0137954e-17	0.23196012
3.2753711021913724e-10	1.3662484e-09	1.777769e-09	0.8376566	-2.0137954e-17	0.2319588
3.300058115011583e-10	1.316866e-09	1.4485525e-09	0.8376566	-2.0137954e-17	0.2319588
3.3252387552820916e-10	1.6460824e-09	9.876494e-10	0.8376566	-2.0137954e-17	0.23196037
3.3504195324006735e-10	2.436202e-09	9.711887e-10	0.8376566	-2.0137954e-17	0.23195906
3.3751066994725027e-10	2.156368e-09	7.901196e-10	0.8376566	-2.0137954e-17	0.23195958
3.4002875372125193e-10	2.8641833e-09	1.1522577e-09	0.8376566	-2.0137954e-17	0.23196037
3.4254683730576935e-10	2.9794092e-09	1.5802392e-09	0.8376566	-2.0137954e-17	0.23195958
3.450155331891475e-10	2.436202e-09	1.5802392e-09	0.8376566	-2.0137954e-17	0.23196012
3.4753360380733994e-10	2.1728288e-09	1.0534927e-09	0.8376566	-2.0137954e-17	0.2319588
3.5000230747193544e-10	2.0740638e-09	1.316866e-09	0.8376566	-2.0137954e-17	0.23195933
3.525203878217213e-10	2.6995752e-09	9.876494e-10	0.8376566	-2.0137954e-17	0.23196012
3.5503847067552977e-10	3.3415473e-09	1.2016401e-09	0.8376566	-2.0137954e-17	0.23195958
3.5750718210091255e-10	2.99587e-09	2.1069855e-09	0.8376566	-2.0137954e-17	0.23195933
3.600252479423359e-10	2.1399071e-09	2.5020452e-09	0.8376566	-2.0137954e-17	0.23196012
3.6254331683913234e-10	1.8106907e-09	1.876534e-09	0.8376566	-2.0137954e-17	0.23195958
3.650120122547207e-10	1.777769e-09	1.4320917e-09	0.8376566	-2.0137954e-17	0.23196037
3.6753007974176565e-10	2.436202e-09	1.4814742e-09	0.8376566	-2.0137954e-17	0.23195933
3.700481723981613e-10	2.9135658e-09	1.8106907e-09	0.8376566	-2.0137954e-17	0.23196012
3.725168570801099e-10	3.094635e-09	1.8106907e-09	0.8376566	-2.0137954e-17	0.23196012
3.750349190407315e-10	2.9300267e-09	1.4485525e-09	0.8376566	-2.0137954e-17	0.23195906
3.7750363475317375e-10	2.9135658e-09	1.777769e-09	0.8376566	-2.0137954e-17	0.23195906
3.8002169815864025e-10	3.0123308e-09	2.0740638e-09	0.8376566	-2.0137954e-17	0.23195983
3.8253976845644537e-10	1.9094557e-09	2.1069855e-09	0.8376566	-2.0137954e-17	0.23195958
3.850084721072952e-10	1.6131608e-09	1.8436124e-09	0.8376566	-2.0137954e-17	0.23196012
3.8752655141340645e-10	2.3045155e-09	1.3827093e-09	0.8376566	-2.0137954e-17	0.23195983
3.900446269709352e-10	2.4032802e-09	1.6131608e-09	0.8376566	-2.0137954e-17	0.23196012
3.925133195449718e-10	2.0082205e-09	2.1069855e-09	0.8376566	-2.0137954e-17	0.23196062
3.950313910294863e-10	2.0411421e-09	1.8271515e-09	0.8376566	-2.0137954e-17	0.23195933
3.9750009066525206e-10	2.2222113e-09	2.1069855e-09	0.8376566	-2.0137954e-17	0.23195933
4.000181655700775e-10	1.777769e-09	2.3703588e-09	0.8376566	-2.0137954e-17	0.23196037
4.025362202787215e-10	1.218101e-09	1.679004e-09	0.8376566	-2.0137954e-17	0.23195906
4.0500493186612276e-10	1.9752988e-09	1.7448474e-09	0.8376566	-2.0137954e-17	0.23195983
4.075229975579432e-10	1.6625432e-09	1.679004e-09	0.8376566	-2.0137954e-17	0.23195983
4.1004107188065615e-10	1.6131608e-09	1.7448474e-09	0.8376566	-2.0137954e-17	0.23195958
4.125097808259423e-10	1.777769e-09	1.4485525e-09	0.8376566	-2.0137954e-17	0.23196037
4.1502784311504417e-10	2.2715938e-09	1.0534927e-09	0.8376566	-2.0137954e-17	0.23195933
4.175459032908441e-10	2.897105e-09	1.316866e-09	0.8376566	-2.0137954e-17	0.23196037
4.2001461072721826e-10	3.3909298e-09	8.5596286e-10	0.8376566	-2.0137954e-17	0.23196062
4.2253266767022253e-10	3.473234e-09	1.876534e-09	0.8376566	-2.0137954e-17	0.23195983
4.2500137499408566e-10	3.358008e-09	1.777769e-09	0.8376566	-2.0137954e-17	0.23195958
4.2751942908161573e-10	2.7983402e-09	1.6954649e-09	0.8376566	-2.0137954e-17	0.23196012
4.300374947171708e-10	2.3209763e-09	1.2674835e-09	0.8376566	-2.0137954e-17	0.23196037
4.325061880497359e-10	3.1275567e-09	1.4485525e-09	0.8376566	-2.0137954e-17	0.23195983
4.3502425292128353e-10	2.8477225e-09	1.316866e-09	0.8376566	-2.0137954e-17	0.23195958
4.3754232444571805e-10	2.6995752e-09	1.958838e-09	0.8376566	-2.0137954e-17	0.23196037
4.4001102172649914e-10	2.2222113e-09	2.2386721e-09	0.8376566	-2.0137954e-17	0.23196037
4.4252909663421077e-10	2.5020452e-09	1.7119257e-09	0.8376566	-2.0137954e-17	0.23195933
4.450471529751651e-10	2.1399071e-09	2.2880546e-09	0.8376566	-2.0137954e-17	0.23196062
4.4751584473160214e-10	2.3045155e-09	2.1728288e-09	0.8376566	-2.0137954e-17	0.23196012
4.5003390609053343e-10	1.8436124e-09	2.3045155e-09	0.8376566	-2.0137954e-17	0.23195983
4.5250259764602047e-10	1.9752988e-09	1.316866e-09	0.8376566	-2.0137954e-17	0.23195983
4.5502065941596865e-10	2.3703588e-09	1.0534927e-09	0.8376566	-2.0137954e-17	0.23195958
4.5753871459071183e-10	2.2715938e-09	1.5802392e-09	0.8376566	-2.0137954e-17	0.23196012
4.600074165777554e-10	2.2386721e-09	8.5596286e-10	0.8376566	-2.0137954e-17	0.23195983
4.625254813686151e-10	2.7489577e-09	9.218062e-10	0.8376566	-2.0137954e-17	0.23195906
4.650435374949115e-10	2.633732e-09	1.679004e-09	0.8376566	-2.0137954e-17	0.23196012
4.675122362346522e-10	3.3250864e-09	1.5802392e-09	0.8376566	-2.0137954e-17	0.23196037
4.700303099857761e-10	3.1604783e-09	1.9752988e-09	0.8376566	-2.0137954e-17	0.23195983
4.725483692514528e-10	2.5020452e-09	2.2386721e-09	0.8376566	-2.0137954e-17	0.23196037
4.750170406802745e-10	2.6666536e-09	1.8436124e-09	0.8376566	-2.0137954e-17	0.23195983
4.77535095331228e-10	2.5678886e-09	1.316866e-09	0.8376566	-2.0137954e-17	0.23196012
4.800037863576679e-10	2.897105e-09	1.3497876e-09	0.8376566	-2.0137954e-17	0.23196037
4.825218482241192e-10	2.6995752e-09	2.3045155e-09	0.8376566	-2.0137954e-17	0.23195958
4.850399078818784e-10	2.6008102e-09	2.3209763e-09	0.8376566	-2.0137954e-17	0.23195983
4.875085880273188e-10	2.3045155e-09	2.3703588e-09	0.8376566	-2.0137952e-17	0.23195983
4.900266459009632e-10	2.0411421e-09	2.4032802e-09	0.8376566	-2.0137954e-17	0.23195958
4.925447107009606e-10	1.8106907e-09	1.7283865e-09	0.8376566	-2.0137954e-17	0.23196012
4.950133992348419e-10	2.5678886e-09	1.4485525e-09	0.8376566	-2.0137954e-17	0.23196037
4.975314598466126e-10	2.5678886e-09	1.7119257e-09	0.8376566	-2.0137954e-17	0.23196012
5.000001130783026e-10	2.814801e-09	1.8436124e-09	0.8376566	-2.0137954e-17	0.23196012
5.025181765136116e-10	2.5514277e-09	2.5020452e-09	0.8376566	-2.0137954e-17	0.23195958
5.050362366924462e-10	1.9423774e-09	2.2386721e-09	0.8376566	-2.0137954e-17	0.23196012
5.07504942205243e-10	2.3045155e-09	2.1069855e-09	0.8376566	-2.0137954e-17	0.23196037
5.100229899839961e-10	2.436202e-09	2.897105e-09	0.8376566	-2.0137954e-17	0.23196012
5.125410477909502e-10	1.7448474e-09	2.3209763e-09	0.8376566	-2.0137955e-17	0.23196062
5.150097183498846e-10	2.0740638e-09	2.1069855e-09	0.8376566	-2.0137954e-17	0.23196012
5.175277869447922e-10	2.8477225e-09	2.5020452e-09	0.8376566	-2.0137954e-17	0.23196012
5.200458307624587e-10	2.436202e-09	2.255133e-09	0.8376566	-2.0137954e-17	0.23195958
5.225145241637866e-10	2.732497e-09	2.2715938e-09	0.8376566	-2.0137954e-17	0.23195983
5.250325931387073e-10	3.1275567e-09	1.777769e-09	0.8376566	-2.0137954e-17	0.23196012
5.275012565843237e-10	2.99587e-09	1.9752988e-09	0.8376566	-2.0137954e-17	0.23196012
5.30019292265375e-10	3.2263217e-09	2.2386721e-09	0.8376566	-2.0137954e-17	0.23195933
5.325373405834585e-10	2.633732e-09	2.6995752e-09	0.8376566	-2.0137954e-17	0.23196037
5.350060349120411e-10	2.2880546e-09	2.4032802e-09	0.8376566	-2.0137954e-17	0.23196012
5.375240830809531e-10	2.9300267e-09	2.0905246e-09	0.8376566	-2.0137954e-17	0.23195983
5.400421351090966e-10	2.6666536e-09	1.8436124e-09	0.8376566	-2.0137954e-17	0.23196012
5.425108198738117e-10	2.5514277e-09	2.7654186e-09	0.8376566	-2.0137954e-17	0.23196012
5.450288525514628e-10	2.0082205e-09	2.6995752e-09	0.8376566	-2.0137954e-17	0.23196037
5.475468995696896e-10	1.777769e-09	2.633732e-09	0.8376566	-2.0137954e-17	0.23195983
5.500155799844524e-10	1.7119257e-09	2.0905246e-09	0.8376566	-2.0137954e-17	0.23195958
5.525336370482656e-10	1.8106907e-09	1.8436124e-09	0.8376566	-2.0137954e-17	0.23196037
5.550023128031518e-10	1.9094557e-09	1.3827093e-09	0.8376566	-2.0137954e-17	0.23196062
5.575203493737e-10	2.1234463e-09	1.9752988e-09	0.8376566	-2.0137954e-17	0.23196012
5.600383941485765e-10	2.7654186e-09	1.8106907e-09	0.8376566	-2.0137954e-17	0.23196012
5.625070756809185e-10	2.436202e-09	1.7119257e-09	0.8376566	-2.0137954e-17	0.23195958
5.65025133458353e-10	2.5678886e-09	1.8436124e-09	0.8376566	-2.0137954e-17	0.23195983
5.675431806417611e-10	2.4691236e-09	1.7283865e-09	0.8376566	-2.0137954e-17	0.23195933
5.700118367418973e-10	2.633732e-09	1.8106907e-09	0.8376566	-2.0137954e-17	0.23195906
5.725298831397048e-10	2.617271e-09	1.5473175e-09	0.8376566	-2.0137954e-17	0.23196088
5.75047919026872e-10	1.9752988e-09	1.316866e-09	0.8376566	-2.0137954e-17	0.23195958
5.775166163020908e-10	2.9629483e-09	1.8436124e-09	0.8376566	-2.0137954e-17	0.23195983
5.800346449919478e-10	2.6666536e-09	1.218101e-09	0.8376566	-2.0137954e-17	0.23196037
5.82503310242603e-10	3.2427825e-09	1.3497876e-09	0.8376566	-2.0137954e-17	0.23196012
5.850213608490138e-10	3.1934e-09	1.9752988e-09	0.8376566	-2.0137954e-17	0.23196037
5.875393981115819e-10	2.7654186e-09	2.633732e-09	0.8376566	-2.0137954e-17	0.23196062
5.90008051874103e-10	2.897105e-09	2.732497e-09	0.8376566	-2.0137954e-17	0.23195983
5.925260991526208e-10	2.2715938e-09	2.5678886e-09	0.8376566	-2.0137954e-17	0.23196037
5.950441458034682e-10	1.777769e-09	1.9752988e-09	0.8376566	-2.0137954e-17	0.23195983
5.975128240129371e-10	2.156368e-09	1.316866e-09	0.8376566	-2.0137954e-17	0.23195958
6.000308531312393e-10	2.99587e-09	2.1728288e-09	0.8376566	-2.0137954e-17	0.23196012
6.025488968777086e-10	3.0617133e-09	1.9259165e-09	0.8376566	-2.0137954e-17	0.23195983
6.0501755343096e-10	3.3086256e-09	2.633732e-09	0.8376566	-2.0137954e-17	0.23196012
6.075355891451637e-10	2.1069855e-09	2.7654186e-09	0.8376566	-2.0137954e-17	0.23196012
6.100042709755668e-10	2.2386721e-09	2.1069855e-09	0.8376566	-2.0137954e-17	0.23196062
6.125222967429492e-10	2.0740638e-09	1.9752988e-09	0.8376566	-2.0137954e-17	0.23196062
6.150403352307966e-10	1.876534e-09	1.8436124e-09	0.8376566	-2.0137954e-17	0.23195958
6.17508991386124e-10	2.5678886e-09	1.8929949e-09	0.8376566	-2.0137954e-17	0.23195983
6.200270375627708e-10	2.633732e-09	1.8271515e-09	0.8376566	-2.0137954e-17	0.23196037
6.22545076164051e-10	2.7654186e-09	2.1728288e-09	0.8376566	-2.0137954e-17	0.23195958
6.250137354707894e-10	2.6666536e-09	2.633732e-09	0.8376566	-2.0137954e-17	0.23196037
6.275317635030133e-10	2.5678886e-09	2.4526627e-09	0.8376566	-2.0137954e-17	0.23196012
6.300004162247777e-10	1.958838e-09	2.4855844e-09	0.8376566	-2.0137954e-17	0.23196012
6.325184387758036e-10	2.0411421e-09	1.876534e-09	0.8376566	-2.0137954e-17	0.23196062
6.350364838196906e-10	1.7448474e-09	1.9423774e-09	0.8376566	-2.0137954e-17	0.23196037
6.375051384333967e-10	2.2386721e-09	1.7119257e-09	0.8376566	-2.0137954e-17	0.23195983
6.400231724211801e-10	2.534967e-09	2.3045155e-09	0.8376566	-2.0137954e-17	0.23196088
6.42541199744049e-10	1.8436124e-09	2.255133e-09	0.8376566	-2.0137954e-17	0.23195933
6.450098487408801e-10	2.6831144e-09	2.518506e-09	0.8376566	-2.0137954e-17	0.23196062
6.475278855372858e-10	2.156368e-09	2.0740638e-09	0.8376566	-2.0137954e-17	0.23196037
6.500459072549984e-10	2.0246813e-09	2.0411421e-09	0.8376566	-2.0137954e-17	0.23196062
6.525145584615005e-10	1.7942299e-09	2.1069855e-09	0.8376566	-2.0137954e-17	0.23196012
6.550326039323451e-10	2.0411421e-09	2.2386721e-09	0.8376566	-2.0137954e-17	0.23195983
6.575012329392486e-10	1.4320917e-09	2.3209763e-09	0.8376566	-2.0137954e-17	0.23196012
6.600192716615458e-10	1.7448474e-09	1.8436124e-09	0.8376566	-2.0137954e-17	0.23196062
6.62537298228767e-10	2.4032802e-09	1.7119257e-09	0.8376566	-2.0137954e-17	0.23196012
6.650059453983774e-10	2.3868196e-09	1.6460824e-09	0.8376566	-2.0137954e-17	0.23196062
6.675239735896355e-10	2.3209763e-09	2.1069855e-09	0.8376566	-2.0137954e-17	0.23196037
6.700420033751304e-10	2.6501927e-09	2.2057505e-09	0.8376566	-2.0137954e-17	0.23195983
6.725106510110086e-10	2.1069855e-09	2.419741e-09	0.8376566	-2.0137954e-17	0.23196037
6.750286592900103e-10	2.2715938e-09	1.3991701e-09	0.8376566	-2.0137954e-17	0.23196012
6.775466863314522e-10	2.3374371e-09	1.1193361e-09	0.8376566	-2.0137954e-17	0.23196012
6.800153400078623e-10	2.5020452e-09	1.1028752e-09	0.8376566	-2.0137954e-17	0.23196012
6.825333620929326e-10	2.9300267e-09	1.8436124e-09	0.8376566	-2.0137952e-17	0.23196012
6.85001998315189e-10	2.633732e-09	1.5143958e-09	0.8376566	-2.0137954e-17	0.23196012
6.875200398906683e-10	2.2880546e-09	1.679004e-09	0.8376566	-2.0137954e-17	0.23196012
6.900380425268007e-10	2.1234463e-09	1.6460824e-09	0.8376566	-2.0137954e-17	0.23196012
6.925066930211509e-10	2.6666536e-09	1.8106907e-09	0.8376566	-2.0137954e-17	0.23195983
6.950247118316071e-10	3.3909298e-09	1.4650133e-09	0.8376566	-2.0137954e-17	0.23196012
6.975427284549127e-10	3.753068e-09	2.255133e-09	0.8376566	-2.0137954e-17	0.23196012
7.000113737922445e-10	2.534967e-09	2.7654186e-09	0.8376566	-2.0137954e-17	0.23196037
7.025294031282563e-10	2.617271e-09	1.9752988e-09	0.8376566	-2.0137954e-17	0.23196012
7.05047412332475e-10	2.6995752e-09	2.1069855e-09	0.8376566	-2.0137954e-17	0.23196037
7.075160509138181e-10	2.5020452e-09	2.3045155e-09	0.8376566	-2.0137954e-17	0.23196037
7.100340579901625e-10	2.2715938e-09	2.633732e-09	0.8376566	-2.0137954e-17	0.23195983
7.125026941806207e-10	2.3045155e-09	2.633732e-09	0.8376566	-2.0137954e-17	0.23196062
7.150207099641854e-10	1.9094557e-09	2.6501927e-09	0.8376566	-2.0137954e-17	0.23196012
7.175387287864195e-10	1.4485525e-09	1.7119257e-09	0.8376566	-2.0137954e-17	0.23196012
7.200073637226887e-10	2.353898e-09	1.7119257e-09	0.8376566	-2.0137954e-17	0.23196062
7.225253662972571e-10	2.8641833e-09	1.8929949e-09	0.8376566	-2.0137954e-17	0.23196062
7.250433649530089e-10	2.6666536e-09	2.534967e-09	0.8376566	-2.0137954e-17	0.23196012
7.275119986581843e-10	2.6666536e-09	2.4855844e-09	0.8376566	-2.0137954e-17	0.23196037
7.300300069344499e-10	1.8436124e-09	2.7654186e-09	0.8376566	-2.0137954e-17	0.23196012
7.32547992447885e-10	2.3374371e-09	2.5020452e-09	0.8376566	-2.0137954e-17	0.23196037
7.350166234809586e-10	2.6995752e-09	2.0411421e-09	0.8376566	-2.0137954e-17	0.23196062
7.375346202818539e-10	2.732497e-09	2.4032802e-09	0.8376566	-2.0137954e-17	0.23196062
7.400032530788182e-10	2.1069855e-09	2.1069855e-09	0.8376566	-2.0137954e-17	0.23196037
7.425212432032065e-10	1.7119257e-09	2.0082205e-09	0.8376566	-2.0137954e-17	0.23196062
7.45039238217426e-10	2.1069855e-09	1.316866e-09	0.8376566	-2.0137954e-17	0.23196037
7.475078525812763e-10	2.6008102e-09	7.901196e-10	0.8376566	-2.0137954e-17	0.23196012
7.500258549953782e-10	2.7654186e-09	1.316866e-09	0.8376566	-2.0137954e-17	0.23195983
7.525438354543124e-10	2.518506e-09	2.0246813e-09	0.8376566	-2.0137954e-17	0.23196012
7.550124611644271e-10	2.0082205e-09	1.9752988e-09	0.8376566	-2.0137954e-17	0.23196012
7.575304431557195e-10	2.2057505e-09	1.679004e-09	0.8376566	-2.0137954e-17	0.23196012
7.600484448845649e-10	1.876534e-09	1.5308567e-09	0.8376566	-2.0137954e-17	0.23196012
7.625170620034602e-10	2.1069855e-09	1.5143958e-09	0.8376566	-2.0137954e-17	0.23196037
7.650350460128256e-10	2.4032802e-09	1.4156308e-09	0.8376566	-2.0137954e-17	0.23196037
7.675036700943912e-10	2.1399071e-09	1.4485525e-09	0.8376566	-2.0137954e-17	0.23196012
7.700216692731825e-10	1.9752988e-09	2.0246813e-09	0.8376566	-2.0137954e-17	0.23195983
7.725396450289753e-10	1.4156308e-09	1.218101e-09	0.8376566	-2.0137954e-17	0.23196037
7.750082650346682e-10	1.6131608e-09	1.2674835e-09	0.8376566	-2.0137954e-17	0.23196037
7.775262507518972e-10	1.777769e-09	1.6296217e-09	0.8376566	-2.0137952e-17	0.23196012
7.800442268265395e-10	2.0411421e-09	1.2674835e-09	0.8376566	-2.0137954e-17	0.23196012
7.825128558612539e-10	2.0411421e-09	1.4485525e-09	0.8376566	-2.0137954e-17	0.23196037
7.850308448255558e-10	2.7818794e-09	1.8436124e-09	0.8376566	-2.0137954e-17	0.23195983
7.875488239561581e-10	2.3703588e-09	2.1069855e-09	0.8376566	-2.0137954e-17	0.23196062
7.90017434294453e-10	2.436202e-09	2.1234463e-09	0.8376566	-2.0137954e-17	0.23196012
7.925354194948567e-10	1.5473175e-09	2.2386721e-09	0.8376566	-2.0137954e-17	0.23196115
7.950040286807e-10	1.6954649e-09	2.5020452e-09	0.8376566	-2.0137954e-17	0.23196037
7.975220185322955e-10	2.1069855e-09	2.3374371e-09	0.8376566	-2.0137954e-17	0.23195983
8.00040010357793e-10	1.8436124e-09	2.897105e-09	0.8376566	-2.0137954e-17	0.23196037
8.025086259763048e-10	1.9423774e-09	2.5514277e-09	0.8376566	-2.0137954e-17	0.23195983
8.05026604559825e-10	2.3209763e-09	2.7654186e-09	0.8376566	-2.0137954e-17	0.23196012
8.075446033533409e-10	1.8436124e-09	1.8436124e-09	0.8376566	-2.0137954e-17	0.23196037
8.10013218936879e-10	2.3045155e-09	1.8436124e-09	0.8376566	-2.0137954e-17	0.23196037
8.12531212453623e-10	2.9794092e-09	1.5473175e-09	0.8376566	-2.0137954e-17	0.23196062
8.150491946041732e-10	3.1604783e-09	2.1069855e-09	0.8376566	-2.0137954e-17	0.23196037
8.175178060974063e-10	2.897105e-09	3.1275567e-09	0.8376566	-2.0137954e-17	0.23195983
8.20035783160198e-10	2.7818794e-09	3.1934e-09	0.8376566	-2.0137954e-17	0.23196012
8.225044039748553e-10	2.2057505e-09	2.99587e-09	0.8376566	-2.0137954e-17	0.23196062
8.25022381289718e-10	1.9752988e-09	2.3868196e-09	0.8376566	-2.0137954e-17	0.23196037
8.275403600460792e-10	1.6460824e-09	2.4691236e-09	0.8376566	-2.0137954e-17	0.23195983
8.300089728174523e-10	1.5967e-09	2.617271e-09	0.8376566	-2.0137954e-17	0.23196012
8.32526962382374e-10	1.5143958e-09	2.1069855e-09	0.8376566	-2.0137954e-17	0.23196062
8.350449498120098e-10	1.8436124e-09	1.7119257e-09	0.8376566	-2.0137954e-17	0.23196062
8.375135618403715e-10	1.958838e-09	1.9094557e-09	0.8376566	-2.0137954e-17	0.23196012
8.40031547944372e-10	2.1069855e-09	1.7613082e-09	0.8376566	-2.0137954e-17	0.23196012
8.425001664936152e-10	2.0411421e-09	1.6954649e-09	0.8376566	-2.0137954e-17	0.23196062
8.450181576560538e-10	2.419741e-09	1.4485525e-09	0.8376566	-2.0137954e-17	0.23196037
8.475361289773275e-10	3.1275567e-09	1.1193361e-09	0.8376566	-2.0137954e-17	0.23195983
8.500047347905604e-10	3.4238514e-09	1.9752988e-09	0.8376566	-2.0137954e-17	0.23195983
8.525227384532903e-10	2.5678886e-09	2.1399071e-09	0.8376566	-2.0137954e-17	0.23196037
8.550407312171292e-10	2.1234463e-09	1.7119257e-09	0.8376566	-2.0137954e-17	0.23196088
8.575093315929363e-10	2.3209763e-09	1.4485525e-09	0.8376566	-2.0137954e-17	0.23196062
8.600273198574086e-10	2.6008102e-09	1.6131608e-09	0.8376566	-2.0137954e-17	0.23196037
8.625453014547609e-10	2.7654186e-09	1.5143958e-09	0.8376566	-2.0137954e-17	0.23196037
8.650139134953001e-10	2.4691236e-09	1.1193361e-09	0.8376566	-2.0137954e-17	0.23196062
8.67531877433668e-10	2.6008102e-09	1.3497876e-09	0.8376566	-2.0137954e-17	0.23196062
8.700005056297123e-10	2.2715938e-09	1.4485525e-09	0.8376566	-2.0137954e-17	0.23196037
8.725184877449416e-10	2.8312617e-09	9.218062e-10	0.8376566	-2.0137954e-17	0.23195983
8.750364693052368e-10	2.5678886e-09	1.1851794e-09	0.8376566	-2.0137954e-17	0.23196037
8.775050824548296e-10	2.3703588e-09	1.2839443e-09	0.8376566	-2.0137954e-17	0.23196088
8.800230732457329e-10	2.534967e-09	1.1851794e-09	0.8376566	-2.0137954e-17	0.23196062
8.825410546190147e-10	2.4855844e-09	1.0205711e-09	0.8376566	-2.0137954e-17	0.23195983
8.850096497585561e-10	2.4526627e-09	9.547279e-10	0.8376566	-2.0137954e-17	0.23196012
8.875276444617382e-10	2.518506e-09	1.316866e-09	0.8376566	-2.0137954e-17	0.23196037
8.900456158527587e-10	2.5020452e-09	1.4485525e-09	0.8376566	-2.0137954e-17	0.23195983
8.925142336965782e-10	2.6995752e-09	1.9094557e-09	0.8376566	-2.0137954e-17	0.23196062
8.950322097611793e-10	2.518506e-09	1.6131608e-09	0.8376566	-2.0137954e-17	0.23196037
8.975008228457967e-10	2.436202e-09	1.777769e-09	0.8376566	-2.0137954e-17	0.23196037
9.000188088830172e-10	2.5020452e-09	1.8436124e-09	0.8376566	-2.0137954e-17	0.23196088
9.025368028019727e-10	2.4691236e-09	1.5802392e-09	0.8376566	-2.0137954e-17	0.23196088
9.050053989475405e-10	2.1399071e-09	1.218101e-09	0.8376566	-2.0137954e-17	0.23196062
9.075233771563272e-10	2.518506e-09	1.1851794e-09	0.8376566	-2.0137954e-17	0.23196062
9.100413663621942e-10	2.5514277e-09	9.218062e-10	0.8376566	-2.0137954e-17	0.23196037
9.125099894158824e-10	2.897105e-09	9.218062e-10	0.8376566	-2.0137954e-17	0.23196115
9.150279652560906e-10	3.094635e-09	1.4485525e-09	0.8376566	-2.0137954e-17	0.23196012
9.175459550286685e-10	2.732497e-09	2.4691236e-09	0.8376566	-2.0137954e-17	0.23196037
9.200145647333429e-10	1.9752988e-09	2.156368e-09	0.8376566	-2.0137954e-17	0.23196062
9.225325381697994e-10	1.1851794e-09	1.8436124e-09	0.8376566	-2.0137954e-17	0.23196012
9.250011533636578e-10	1.3827093e-09	1.5473175e-09	0.8376566	-2.0137954e-17	0.23196012
9.275191481844145e-10	1.497935e-09	1.1522577e-09	0.8376566	-2.0137954e-17	0.23196037
9.300371235879539e-10	2.1399071e-09	1.3497876e-09	0.8376566	-2.0137954e-17	0.23196037
9.325057282313484e-10	2.2057505e-09	1.5802392e-09	0.8376566	-2.0137954e-17	0.23196012
9.350236977672113e-10	2.3374371e-09	1.0205711e-09	0.8376566	-2.0137954e-17	0.23196012
9.375416853813648e-10	2.4032802e-09	1.0534927e-09	0.8376566	-2.0137954e-17	0.23196037
9.40010307194543e-10	2.436202e-09	1.2345618e-09	0.8376566	-2.0137954e-17	0.23195983
9.425282972186225e-10	1.777769e-09	1.0534927e-09	0.8376566	-2.0137954e-17	0.23196037
9.450462667692984e-10	1.679004e-09	8.888845e-10	0.8376566	-2.0137954e-17	0.23196062
9.475148839774088e-10	2.1069855e-09	6.748938e-10	0.8376566	-2.0137954e-17	0.23196012
9.500328709485078e-10	2.6666536e-09	5.5966803e-10	0.8376566	-2.0137954e-17	0.23196062
9.525014822363243e-10	3.2921648e-09	1.0534927e-09	0.8376566	-2.0137954e-17	0.23196088
9.550194616512793e-10	3.2921648e-09	1.3497876e-09	0.8376566	-2.0137954e-17	0.23196037
9.57537455343617e-10	2.8312617e-09	1.4814742e-09	0.8376566	-2.0137954e-17	0.23196037
9.600060457230244e-10	2.6501927e-09	1.6131608e-09	0.8376566	-2.0137954e-17	0.23196037
9.625240371971404e-10	3.1934e-09	1.679004e-09	0.8376566	-2.013795e-17	0.23196062
9.650420211439551e-10	2.8312617e-09	2.2386721e-09	0.8376566	-2.0137954e-17	0.23196037
9.675106262489769e-10	3.0452525e-09	2.1069855e-09	0.8376566	-2.0137954e-17	0.23196012
9.700286088406774e-10	2.534967e-09	2.3703588e-09	0.8376566	-2.0137954e-17	0.23196062
9.72546608290636e-10	2.4691236e-09	2.3703588e-09	0.8376566	-2.0137954e-17	0.23196037
9.750152116099524e-10	2.3703588e-09	2.1069855e-09	0.8376566	-2.0137954e-17	0.23195983
9.775331978386455e-10	2.0246813e-09	2.5020452e-09	0.8376566	-2.0137954e-17	0.23196037
9.800018066019591e-10	2.3045155e-09	1.9752988e-09	0.8376566	-2.0137954e-17	0.23196037
9.825197911447912e-10	2.3045155e-09	2.3374371e-09	0.8376566	-2.0137954e-17	0.23196037
9.850377629884568e-10	2.1069855e-09	2.897105e-09	0.8376566	-2.0137954e-17	0.23196012
9.875063874082674e-10	1.5802392e-09	2.7654186e-09	0.8376566	-2.0137954e-17	0.23196062
9.900243685449503e-10	1.2510226e-09	2.3045155e-09	0.8376566	-2.0137954e-17	0.23196037
9.925423466868196e-10	1.5143958e-09	1.218101e-09	0.8376566	-2.0137954e-17	0.23196062
9.9501095360571e-10	1.679004e-09	1.0370319e-09	0.8376566	-2.0137954e-17	0.23196037
9.975289307619313e-10	2.3374371e-09	5.5966803e-10	0.8376566	-2.0137954e-17	0.23196012
1.0000469267948003e-09	3.7201462e-09	1.4485525e-09	0.8376566	-2.0137954e-17	0.23195983
1.002515531366704e-09	3.5884598e-09	1.8106907e-09	0.8376566	-2.0137954e-17	0.23196012
1.0050335136917039e-09	3.1934e-09	2.0905246e-09	0.8376566	-2.0137954e-17	0.23196037
1.0075021189278203e-09	3.094635e-09	2.2386721e-09	0.8376566	-2.0137955e-17	0.23196037
1.010020111327181e-09	2.2222113e-09	1.9752988e-09	0.8376566	-2.0137954e-17	0.23196037
1.012538089178236e-09	2.3703588e-09	1.7119257e-09	0.8376566	-2.0137954e-17	0.23196037
1.0150067074467635e-09	2.2057505e-09	3.0287917e-09	0.8376566	-2.0137954e-17	0.23195958
1.017524686749032e-09	2.3374371e-09	2.7654186e-09	0.8376566	-2.0137954e-17	0.23195983
1.0200426757799808e-09	2.8312617e-09	2.1069855e-09	0.8376566	-2.0137954e-17	0.23196037
1.022511281760786e-09	2.5678886e-09	2.3045155e-09	0.8376566	-2.0137954e-17	0.23196012
1.0250292683624438e-09	1.1851794e-09	2.5678886e-09	0.8376566	-2.0137954e-17	0.23196088
1.0275472449946619e-09	1.7119257e-09	1.5802392e-09	0.8376566	-2.0137954e-17	0.23196062
1.0300158468385765e-09	1.6625432e-09	1.4320917e-09	0.8376566	-2.0137954e-17	0.23196012
1.0325338253656936e-09	1.777769e-09	1.2839443e-09	0.8376566	-2.0137954e-17	0.23196012
1.0350024333238521e-09	2.7983402e-09	1.0864144e-09	0.8376566	-2.0137952e-17	0.23195983
1.0375204206527309e-09	3.2592433e-09	1.8436124e-09	0.8376566	-2.0137954e-17	0.23196037
1.0400384006789459e-09	3.2592433e-09	1.7119257e-09	0.8376566	-2.0137954e-17	0.23196062
1.0425070135801778e-09	2.9629483e-09	2.057603e-09	0.8376566	-2.0137954e-17	0.23195983
1.0450249896697391e-09	3.0123308e-09	2.2386721e-09	0.8376566	-2.0137954e-17	0.23196012
1.0475429723501474e-09	2.4855844e-09	2.5020452e-09	0.8376566	-2.0137954e-17	0.23196062
1.0500115882754467e-09	1.876534e-09	1.8436124e-09	0.8376566	-2.0137954e-17	0.23196012
1.0525295675722053e-09	2.7983402e-09	1.4485525e-09	0.8376566	-2.0137954e-17	0.23196012
1.0550475622010685e-09	1.9752988e-09	1.6954649e-09	0.8376566	-2.0137954e-17	0.23196062
1.0575161607346792e-09	2.4855844e-09	1.7119257e-09	0.8376566	-2.0137954e-17	0.23196012
1.0600341383536708e-09	2.534967e-09	2.3209763e-09	0.8376566	-2.0137954e-17	0.23196037
1.0625027528412951e-09	2.2386721e-09	1.9094557e-09	0.8376566	-2.0137954e-17	0.23196012
1.0650207308803574e-09	2.518506e-09	1.8436124e-09	0.8376566	-2.0137954e-17	0.23196037
1.0675387081814216e-09	2.436202e-09	1.9752988e-09	0.8376566	-2.0137954e-17	0.23196088
1.0700073253399604e-09	2.5020452e-09	1.8436124e-09	0.8376566	-2.0137954e-17	0.23196062
1.072525308462202e-09	2.6995752e-09	2.2715938e-09	0.8376566	-2.0137954e-17	0.23196088
1.0750432840816398e-09	2.2880546e-09	2.3703588e-09	0.8376566	-2.013795e-17	0.23196037
1.077511894297729e-09	2.4032802e-09	1.9423774e-09	0.8376566	-2.0137954e-17	0.23196062
1.0800298883753302e-09	2.9300267e-09	1.876534e-09	0.8376566	-2.0137954e-17	0.23196062
1.0825478689415674e-09	2.7654186e-09	2.2880546e-09	0.8376566	-2.0137954e-17	0.23196062
1.0850164732341662e-09	1.8106907e-09	2.5020452e-09	0.8376566	-2.0137954e-17	0.23196012
1.0875344632488938e-09	1.8929949e-09	2.4032802e-09	0.8376566	-2.0137954e-17	0.23196037
1.090003058373175e-09	1.9752988e-09	1.6296217e-09	0.8376566	-2.0137954e-17	0.23196062
1.092521046550889e-09	2.3868196e-09	2.0082205e-09	0.8376566	-2.0137954e-17	0.23196062
1.0950390307856255e-09	1.8600731e-09	1.7613082e-09	0.8376566	-2.0137954e-17	0.23196037
1.097507633476293e-09	1.3497876e-09	1.316866e-09	0.8376566	-2.0137954e-17	0.23196062
1.1000256305501834e-09	1.5143958e-09	4.2798143e-10	0.8376566	-2.0137954e-17	0.23196062
1.1025436036571048e-09	2.2715938e-09	9.547279e-10	0.8376566	-2.0137954e-17	0.23196088
1.1050122096105874e-09	2.9300267e-09	1.316866e-09	0.8376566	-2.0137954e-17	0.23196037
1.1075302109217541e-09	2.4032802e-09	1.4814742e-09	0.8376566	-2.0137954e-17	0.23196037
1.1100481867998703e-09	2.2715938e-09	1.3497876e-09	0.8376566	-2.0137954e-17	0.23196012
1.1125167895547512e-09	2.633732e-09	1.1357969e-09	0.8376566	-2.0137954e-17	0.23196062
1.1150347831349256e-09	2.8641833e-09	1.5143958e-09	0.8376566	-2.0137954e-17	0.23196062
1.1175033896170598e-09	2.0082205e-09	1.316866e-09	0.8376566	-2.0137954e-17	0.23196037
1.1200213722406459e-09	1.8436124e-09	6.58433e-10	0.8376566	-2.0137954e-17	0.23196012
1.1225393434166857e-09	2.2386721e-09	8.5596286e-10	0.8376566	-2.0137954e-17	0.23196088
1.125007963677958e-09	1.876534e-09	1.0864144e-09	0.8376566	-2.0137954e-17	0.23196088
1.127525959513765e-09	2.0740638e-09	1.0534927e-09	0.8376566	-2.0137954e-17	0.23196012
1.1300439371836483e-09	1.7448474e-09	1.1851794e-09	0.8376566	-2.0137954e-17	0.23196037
1.1325125447154612e-09	1.9752988e-09	5.925897e-10	0.8376566	-2.0137954e-17	0.23196037
1.135030517176034e-09	2.5678886e-09	6.090505e-10	0.8376566	-2.0137954e-17	0.23196037
1.137548514116129e-09	2.2057505e-09	9.218062e-10	0.8376566	-2.0137954e-17	0.23196037
1.14001713222996e-09	2.1728288e-09	8.888845e-10	0.8376566	-2.0137954e-17	0.23196037
1.1425351066823384e-09	2.5678886e-09	6.58433e-10	0.8376566	-2.0137954e-17	0.23196037
1.145003720434104e-09	3.1275567e-09	7.901196e-10	0.8376566	-2.0137954e-17	0.23196062
1.147521703997613e-09	2.7818794e-09	1.6131608e-09	0.8376566	-2.0137954e-17	0.23196062
1.1500396762003077e-09	1.9094557e-09	1.4485525e-09	0.8376566	-2.0137954e-17	0.23196062
1.152508287260358e-09	2.3045155e-09	1.0534927e-09	0.8376566	-2.0137954e-17	0.23196012
1.1550262832146313e-09	2.2880546e-09	2.2386721e-09	0.8376566	-2.0137954e-17	0.23196062
1.1575442585529057e-09	2.1728288e-09	2.2057505e-09	0.8376566	-2.0137954e-17	0.23196062
1.1600128577519867e-09	1.9094557e-09	2.1069855e-09	0.8376566	-2.0137954e-17	0.23196037
1.1625308377226942e-09	1.8600731e-09	2.1069855e-09	0.8376566	-2.0137954e-17	0.23196037
1.1650488151504997e-09	2.156368e-09	2.0246813e-09	0.8376566	-2.0137954e-17	0.23196012
1.1675174254063526e-09	1.9752988e-09	2.1892896e-09	0.8376566	-2.0137954e-17	0.23196037
1.1700354167624644e-09	2.5020452e-09	1.7119257e-09	0.8376566	-2.0137954e-17	0.23196062
1.1725040248733422e-09	1.9094557e-09	1.9094557e-09	0.8376566	-2.0137954e-17	0.23196012
1.175022011745895e-09	2.633732e-09	1.9752988e-09	0.8376566	-2.0137954e-17	0.23196037
1.1775399876923514e-09	2.3703588e-09	1.1193361e-09	0.8376566	-2.0137954e-17	0.23196012
1.1800086030327424e-09	2.732497e-09	6.090505e-10	0.8376566	-2.0137954e-17	0.23196062
1.182526586954296e-09	2.7654186e-09	1.0534927e-09	0.8376566	-2.0137954e-17	0.23195983
1.1850445664588683e-09	3.4238514e-09	1.1851794e-09	0.8376566	-2.0137954e-17	0.23196012
1.1875131772104993e-09	3.094635e-09	1.0534927e-09	0.8376566	-2.0137954e-17	0.23196037
1.1900311732329932e-09	2.5020452e-09	1.3991701e-09	0.8376566	-2.0137954e-17	0.23196037
1.192549157686797e-09	2.5020452e-09	1.4814742e-09	0.8376566	-2.0137954e-17	0.23195983
1.1950177685812139e-09	2.5020452e-09	2.1069855e-09	0.8376566	-2.0137954e-17	0.23196062
1.1975357543644538e-09	2.3374371e-09	2.2386721e-09	0.8376566	-2.0137954e-17	0.23196037
1.200004360116904e-09	3.3086256e-09	1.8106907e-09	0.8376566	-2.0137954e-17	0.23196115
1.2025223497638344e-09	3.2921648e-09	2.255133e-09	0.8376566	-2.0137954e-17	0.23196037
1.2050403333149208e-09	2.534967e-09	2.353898e-09	0.8376566	-2.0137954e-17	0.23196088
1.2075089322348603e-09	2.2386721e-09	1.1851794e-09	0.8376566	-2.0137954e-17	0.23196012
1.2100269197685567e-09	2.436202e-09	1.4485525e-09	0.8376566	-2.0137954e-17	0.23196037
1.212544904606098e-09	2.6008102e-09	1.316866e-09	0.8376566	-2.0137954e-17	0.23196037
1.2150135197341188e-09	3.2263217e-09	1.1851794e-09	0.8376566	-2.0137954e-17	0.23196062
1.2175314944588466e-09	3.2427825e-09	1.876534e-09	0.8376566	-2.0137954e-17	0.23196088
1.2200001065630823e-09	2.6995752e-09	1.876534e-09	0.8376566	-2.0137954e-17	0.23195983
1.2225180891286657e-09	2.419741e-09	2.2715938e-09	0.8376566	-2.0137954e-17	0.23196062
1.2250360781822223e-09	2.0740638e-09	1.7119257e-09	0.8376566	-2.0137954e-17	0.23196062
1.2275046877828623e-09	2.4032802e-09	1.2839443e-09	0.8376566	-2.0137954e-17	0.23196012
1.2300226848508382e-09	2.3374371e-09	1.4485525e-09	0.8376566	-2.0137954e-17	0.23196012
1.232540665017748e-09	2.353898e-09	1.8436124e-09	0.8376566	-2.0137954e-17	0.23196062
1.2350092674677016e-09	2.897105e-09	2.0082205e-09	0.8376566	-2.0137954e-17	0.23196037
1.2375272508559615e-09	2.716036e-09	2.255133e-09	0.8376566	-2.0137954e-17	0.23196062
1.2400452362077286e-09	3.1604783e-09	2.1069855e-09	0.8376566	-2.0137954e-17	0.23196062
1.2425138452985602e-09	2.4691236e-09	1.9423774e-09	0.8376566	-2.0137954e-17	0.23196012
1.2450318326322937e-09	2.2386721e-09	2.1069855e-09	0.8376566	-2.0137954e-17	0.23196037
1.2475004443472882e-09	2.2386721e-09	2.3374371e-09	0.8376566	-2.0137954e-17	0.23196037
1.2500184254103464e-09	1.9094557e-09	1.5802392e-09	0.8376566	-2.0137954e-17	0.23196037
1.2525364065532923e-09	2.156368e-09	1.3662484e-09	0.8376566	-2.0137954e-17	0.23196037
1.2550050093537884e-09	2.6995752e-09	2.436202e-09	0.8376566	-2.0137954e-17	0.23196037
1.2575230026727311e-09	2.0411421e-09	2.3703588e-09	0.8376566	-2.0137954e-17	0.23196062
1.2600409991767671e-09	1.9259165e-09	2.436202e-09	0.8376566	-2.0137954e-17	0.23196012
1.2625096048263657e-09	1.8106907e-09	1.679004e-09	0.8376566	-2.0137954e-17	0.23196012
1.2650275740071322e-09	1.7283865e-09	1.876534e-09	0.8376566	-2.0137954e-17	0.23195983
1.2675455643769785e-09	1.6460824e-09	2.3703588e-09	0.8376566	-2.0137954e-17	0.23196037
1.2700141785109465e-09	1.3497876e-09	1.3827093e-09	0.8376566	-2.0137954e-17	0.23196088
1.2725321534284755e-09	1.4156308e-09	1.316866e-09	0.8376566	-2.0137954e-17	0.23196062
1.275000766158793e-09	1.7119257e-09	1.2839443e-09	0.8376566	-2.0137954e-17	0.23196088
1.2775187479185662e-09	1.7613082e-09	1.3497876e-09	0.8376566	-2.0137954e-17	0.23196062
1.2800367154152554e-09	1.9094557e-09	1.3662484e-09	0.8376566	-2.0137954e-17	0.23196062
1.2825053289336354e-09	2.5678886e-09	9.711887e-10	0.8376566	-2.0137954e-17	0.23196012
1.2850233106918754e-09	2.8312617e-09	1.7119257e-09	0.8376566	-2.0137954e-17	0.23196012
1.2875412929221843e-09	2.8312617e-09	2.0411421e-09	0.8376566	-2.0137954e-17	0.23196012
1.2900099079484213e-09	2.5678886e-09	2.3703588e-09	0.8376566	-2.0137954e-17	0.23196062
1.2925278843646613e-09	1.7283865e-09	2.7983402e-09	0.8376566	-2.0137954e-17	0.23196062
1.2950458654395198e-09	1.8106907e-09	2.732497e-09	0.8376566	-2.0137954e-17	0.23196037
1.2975144745812406e-09	1.8929949e-09	2.1069855e-09	0.8376566	-2.0137954e-17	0.23196062
1.300032463991432e-09	1.7119257e-09	2.3045155e-09	0.8376566	-2.0137954e-17	0.23196012
1.302501077785742e-09	1.4814742e-09	1.316866e-09	0.8376566	-2.0137954e-17	0.23196062
1.3050190599323282e-09	2.0246813e-09	9.218062e-10	0.8376566	-2.0137952e-17	0.23196037
1.3075370354500619e-09	3.0617133e-09	1.1851794e-09	0.8376566	-2.0137954e-17	0.23196037
1.3100056543380827e-09	3.094635e-09	1.4485525e-09	0.8376566	-2.0137954e-17	0.23196037
1.3125236362036281e-09	2.99587e-09	2.7654186e-09	0.8376566	-2.0137954e-17	0.23196062
1.3150416189817446e-09	2.534967e-09	2.7654186e-09	0.8376566	-2.0137954e-17	0.23196037
1.3175102257963508e-09	2.0082205e-09	1.9259165e-09	0.8376566	-2.0137954e-17	0.23196062
1.3200282125734486e-09	2.3045155e-09	1.6625432e-09	0.8376566	-2.0137954e-17	0.23196012
1.3225461914059408e-09	2.7654186e-09	9.218062e-10	0.8376566	-2.0137954e-17	0.23196012
1.325014802214432e-09	3.4896948e-09	9.218062e-10	0.8376566	-2.0137954e-17	0.23196062
1.3275327944393562e-09	3.094635e-09	1.9752988e-09	0.8376566	-2.0137954e-17	0.23196062
1.3300013984847856e-09	2.732497e-09	2.2386721e-09	0.8376566	-2.0137954e-17	0.23196037
1.3325193895973926e-09	2.2057505e-09	2.3703588e-09	0.8376566	-2.0137954e-17	0.23196062
1.335037375368751e-09	2.2386721e-09	2.6666536e-09	0.8376566	-2.0137954e-17	0.23196037
1.3375059857192913e-09	2.3045155e-09	1.7119257e-09	0.8376566	-2.0137954e-17	0.23196012
1.3400239662360894e-09	2.9629483e-09	1.1687186e-09	0.8376566	-2.0137954e-17	0.23196012
1.3425419483998278e-09	3.3909298e-09	1.4485525e-09	0.8376566	-2.0137954e-17	0.23196037
1.3450105504642304e-09	3.1440175e-09	2.1069855e-09	0.8376566	-2.0137954e-17	0.23196062
1.34752853564986e-09	2.2386721e-09	1.9752988e-09	0.8376566	-2.0137954e-17	0.23196037
1.3500465262219532e-09	2.1234463e-09	1.4485525e-09	0.8376566	-2.0137954e-17	0.23196088
1.3525151251360173e-09	2.6008102e-09	1.7119257e-09	0.8376566	-2.0137954e-17	0.23196012
1.3550331246898042e-09	3.0617133e-09	2.0905246e-09	0.8376566	-2.0137954e-17	0.23195983
1.3575017339145543e-09	2.6008102e-09	1.8436124e-09	0.8376566	-2.0137954e-17	0.23196037
1.3600197035309622e-09	2.3703588e-09	1.8929949e-09	0.8376566	-2.0137954e-17	0.23196062
1.3625376854732183e-09	3.1934e-09	2.0740638e-09	0.8376566	-2.0137954e-17	0.23196012
1.3650062937966085e-09	2.99587e-09	1.8436124e-09	0.8376566	-2.0137954e-17	0.23196012
1.3675242637688758e-09	2.9300267e-09	1.8106907e-09	0.8376566	-2.0137954e-17	0.23196062
1.3700422459647165e-09	2.99587e-09	2.3703588e-09	0.8376566	-2.0137954e-17	0.23196037
1.3725108678175346e-09	2.7983402e-09	1.9752988e-09	0.8376566	-2.0137954e-17	0.23196012
1.3750288559969418e-09	2.436202e-09	1.9917596e-09	0.8376566	-2.0137954e-17	0.23196012
1.3775468434689517e-09	2.5678886e-09	1.7119257e-09	0.8376566	-2.0137954e-17	0.23196037
1.380015441394541e-09	3.2592433e-09	1.0864144e-09	0.8376566	-2.0137954e-17	0.23196088
1.3825334276996986e-09	2.4691236e-09	1.4485525e-09	0.8376566	-2.0137954e-17	0.23196037
1.3850020498968102e-09	1.679004e-09	1.4156308e-09	0.8376566	-2.0137954e-17	0.23196037
1.3875200395756094e-09	1.876534e-09	1.9752988e-09	0.8376566	-2.0137954e-17	0.23196037
1.3900380056902857e-09	2.156368e-09	1.4485525e-09	0.8376566	-2.0137954e-17	0.23196012
1.3925066185486628e-09	2.6008102e-09	1.2016401e-09	0.8376566	-2.0137954e-17	0.23196037
1.3950246056353355e-09	2.9794092e-09	1.1851794e-09	0.8376566	-2.0137954e-17	0.23196037
1.3975425942996572e-09	3.1110958e-09	1.6131608e-09	0.8376566	-2.0137954e-17	0.23196062
1.4000111969600459e-09	3.1110958e-09	1.4485525e-09	0.8376566	-2.0137954e-17	0.23196012
1.402529175941022e-09	2.9135658e-09	1.8436124e-09	0.8376566	-2.0137954e-17	0.23196037
1.405047150500261e-09	3.2592433e-09	1.9752988e-09	0.8376566	-2.0137954e-17	0.23196037
1.407515759092174e-09	3.1934e-09	1.8436124e-09	0.8376566	-2.0137954e-17	0.23196088
1.4100337533677322e-09	3.1604783e-09	2.2057505e-09	0.8376566	-2.0137954e-17	0.23195983
1.412502355451302e-09	2.732497e-09	1.9259165e-09	0.8376566	-2.0137954e-17	0.23196062
1.415020342219797e-09	2.6666536e-09	2.0411421e-09	0.8376566	-2.0137954e-17	0.23196037
1.4175383249708807e-09	2.5678886e-09	1.876534e-09	0.8376566	-2.0137954e-17	0.23196012
1.420006938744508e-09	2.2386721e-09	2.1069855e-09	0.8376566	-2.0137954e-17	0.23196037
1.4225249234917322e-09	2.5514277e-09	2.3703588e-09	0.8376566	-2.0137954e-17	0.23196037
1.4250428992357593e-09	2.6008102e-09	2.633732e-09	0.8376566	-2.0137954e-17	0.23196012
1.4275115058406208e-09	3.0617133e-09	2.732497e-09	0.8376566	-2.0137954e-17	0.23196088
1.4300294896539822e-09	2.3045155e-09	2.5020452e-09	0.8376566	-2.0137954e-17	0.23196037
1.4325474739762246e-09	2.2715938e-09	3.0287917e-09	0.8376566	-2.0137954e-17	0.23196037
1.4350160787703844e-09	2.3045155e-09	2.5020452e-09	0.8376566	-2.0137954e-17	0.23196037
1.4375340577833586e-09	2.255133e-09	1.9423774e-09	0.8376566	-2.0137954e-17	0.23196037
1.440002674192168e-09	2.436202e-09	1.6131608e-09	0.8376566	-2.0137954e-17	0.23196012
1.4425206685929385e-09	2.1399071e-09	1.4485525e-09	0.8376566	-2.0137954e-17	0.23196037
1.445038631752793e-09	2.9629483e-09	2.1069855e-09	0.8376566	-2.0137954e-17	0.23196012
1.447507249568338e-09	2.3703588e-09	2.814801e-09	0.8376566	-2.0137954e-17	0.23196062
1.4500252254701169e-09	2.1234463e-09	2.5020452e-09	0.8376566	-2.0137954e-17	0.23196037
1.45254320119778e-09	2.0740638e-09	2.1728288e-09	0.8376566	-2.0137954e-17	0.23196037
1.4550118129208226e-09	2.8641833e-09	1.9259165e-09	0.8376566	-2.0137954e-17	0.23196062
1.457529798737569e-09	2.8312617e-09	2.2386721e-09	0.8376566	-2.0137954e-17	0.23196088
1.4600477812641826e-09	2.9629483e-09	2.2715938e-09	0.8376566	-2.0137954e-17	0.23196012
1.4625164062121456e-09	2.6666536e-09	2.0246813e-09	0.8376566	-2.0137954e-17	0.23196062
1.46503438911134e-09	2.6995752e-09	1.7119257e-09	0.8376566	-2.0137954e-17	0.23196037
1.467502996254572e-09	2.2057505e-09	1.9423774e-09	0.8376566	-2.0137954e-17	0.23196062
1.4700209713245323e-09	2.5020452e-09	2.1728288e-09	0.8376566	-2.0137954e-17	0.23196012
1.472538953197157e-09	2.4691236e-09	2.1399071e-09	0.8376566	-2.0137954e-17	0.23196088
1.4750075722529807e-09	2.4691236e-09	3.0287917e-09	0.8376566	-2.0137954e-17	0.23196037
1.4775255403470076e-09	1.8436124e-09	2.7654186e-09	0.8376566	-2.0137954e-17	0.23196037
1.4800435195555736e-09	1.9423774e-09	2.633732e-09	0.8376566	-2.0137954e-17	0.23196037
1.482512136409446e-09	1.679004e-09	3.0287917e-09	0.8376566	-2.0137954e-17	0.23196037
1.4850301130701227e-09	1.8436124e-09	1.9752988e-09	0.8376566	-2.0137954e-17	0.23196037
1.4875480925909671e-09	2.3045155e-09	1.5802392e-09	0.8376566	-2.0137954e-17	0.23196062
1.4900167083175378e-09	2.8641833e-09	1.876534e-09	0.8376566	-2.0137954e-17	0.23196037
1.4925346832749559e-09	2.5678886e-09	1.7119257e-09	0.8376566	-2.0137954e-17	0.23196088
1.4950032901624852e-09	2.2386721e-09	1.5802392e-09	0.8376566	-2.0137954e-17	0.23196037
1.4975212790527168e-09	1.876534e-09	1.5802392e-09	0.8376566	-2.0137954e-17	0.23196037
1.5e-09	2.1399071e-09	1.4485525e-09	0.8376566	-2.0137954e-17	0.23196012
