# t (s)	mx ()	my ()	mz ()	E_total (J)	MaxAngle (rad)
0	1.1193361e-09	5.925897e-10	0.97953635	-2.0725771e-17	0.26627403
2.514879706912302e-12	-9.053453e-11	3.950598e-10	0.9707316	-2.0685895e-17	0.24076235
5.0426913173386465e-12	-1.1851794e-09	-9.958798e-10	0.9621973	-2.0598748e-17	0.2305219
7.517607336238353e-12	-9.547279e-10	-3.2921648e-09	0.9553533	-2.0472407e-17	0.22750488
1.0040789805974831e-11	1.5802392e-09	-6.4526433e-09	0.9509233	-2.03105e-17	0.22532979
1.25131041152654e-11	6.5184866e-09	-7.5719795e-09	0.94927055	-2.012565e-17	0.22494717
1.5033857658772604e-11	1.2905287e-08	-7.3744495e-09	0.9498592	-1.9905438e-17	0.22214073
1.750457560714004e-11	1.9687146e-08	-3.9505976e-09	0.951584	-1.9641458e-17	0.2204124
2.0024311657313836e-11	2.716036e-08	3.8189114e-09	0.95204914	-1.9297619e-17	0.21556473
2.2543803404381542e-11	3.1802312e-08	1.7119257e-08	0.9457943	-1.8881661e-17	0.2106053
2.5013723133357076e-11	2.8950474e-08	3.410683e-08	0.9248894	-1.8540241e-17	0.2163125
2.7532851526359602e-11	1.3168659e-08	4.727549e-08	0.88714147	-1.848542e-17	0.25150326
3.000236940944261e-11	-5.135777e-09	4.793392e-08	0.8495592	-1.8793016e-17	0.24090031
3.25211500314376e-11	-2.4987532e-08	4.0510088e-08	0.81615585	-1.9209612e-17	0.20642506
3.5039986704020115e-11	-3.9440135e-08	2.5580121e-08	0.7861124	-1.9511586e-17	0.19881617
3.750944834798332e-11	-4.655121e-08	7.802431e-09	0.7607509	-1.9693832e-17	0.20222999
4.002773319401553e-11	-4.251831e-08	-9.218062e-09	0.7399496	-1.9802161e-17	0.20838667
4.2545815449027944e-11	-3.160478e-08	-2.1333229e-08	0.7245998	-1.9860784e-17	0.21141577
4.501466323273132e-11	-1.876534e-08	-2.6073947e-08	0.71446145	-1.9888995e-17	0.21196894
4.7532905474843205e-11	-6.9382375e-09	-2.5415513e-08	0.70860475	-1.9901468e-17	0.21206525
5.0001657990930154e-11	1.6131608e-09	-2.1728289e-08	0.7067412	-1.9906417e-17	0.21153276
5.251978331391562e-11	7.012311e-09	-1.619745e-08	0.7079358	-1.990945e-17	0.21159549
5.5037914433630355e-11	8.576089e-09	-1.158842e-08	0.71158814	-1.9913526e-17	0.2118587
5.750669778151072e-11	9.892956e-09	-8.427942e-09	0.71719253	-1.992008e-17	0.2112032
6.002489051328513e-11	1.0271554e-08	-5.6625233e-09	0.72461647	-1.9930024e-17	0.21224414
6.254309347515406e-11	1.0041103e-08	-2.897105e-09	0.73333937	-1.9943338e-17	0.21148932
6.501190466153351e-11	1.0041103e-08	-1.7119257e-09	0.7427708	-1.9959382e-17	0.21289593
6.753009764923293e-11	9.5802e-09	6.5843296e-11	0.7529874	-1.9978265e-17	0.21323755
7.004830256282201e-11	8.7242364e-09	8.888845e-10	0.7635625	-1.9999014e-17	0.21309613
7.251712791318041e-11	7.111076e-09	2.0411421e-09	0.77405	-2.0020406e-17	0.21435256
7.5035329399247e-11	6.18927e-09	2.8312617e-09	0.7846246	-2.0042426e-17	0.21592169
7.750414171084797e-11	5.267464e-09	3.4156211e-09	0.7946289	-2.0063372e-17	0.21723863
8.002232275058045e-11	4.0493626e-09	3.1440175e-09	0.80422914	-2.0083264e-17	0.21821049
8.254051506801602e-11	2.633732e-09	3.4279666e-09	0.8130176	-2.0100977e-17	0.21987714
8.500931144054345e-11	1.3827093e-09	2.8394922e-09	0.82069993	-2.0115822e-17	0.22223134
8.75274756805591e-11	-9.876495e-11	2.3868196e-09	0.82750255	-2.0128244e-17	0.22288887
9.004563723224904e-11	-8.5596286e-10	1.9506077e-09	0.8332568	-2.0138048e-17	0.22516967
9.251439420891196e-11	-1.5802392e-09	9.547279e-10	0.8379445	-2.014537e-17	0.22512989
9.503252323311875e-11	-1.4485525e-09	4.938247e-10	0.8418687	-2.0150833e-17	0.22715895
9.750128845140918e-11	-6.255113e-10	8.230412e-11	0.84501076	-2.0154509e-17	0.22789066
1.0001940336045701e-10	-2.9629485e-10	4.2798143e-10	0.8476353	-2.0156846e-17	0.22779857
1.025375305563423e-10	-4.938247e-10	6.58433e-10	0.8497994	-2.0158037e-17	0.22863214
1.0500626697791245e-10	-6.58433e-10	-2.4279717e-10	0.8515741	-2.0158332e-17	0.22954318
1.0752439038851044e-10	7.078154e-10	-1.1193361e-09	0.85311157	-2.0157956e-17	0.23009866
1.100425112871972e-10	2.2715938e-09	-9.547279e-10	0.8544358	-2.0157081e-17	0.23045668
1.1251126347964106e-10	2.9464875e-09	6.58433e-10	0.8555729	-2.015587e-17	0.2306364
1.15029380450436e-10	2.2715938e-09	9.876494e-10	0.8566031	-2.0154383e-17	0.23068619
1.1754750547593222e-10	2.4526627e-09	1.7119257e-09	0.8575289	-2.0152725e-17	0.23064189
1.200162363363173e-10	2.2715938e-09	2.0411421e-09	0.85835457	-2.015098e-17	0.23107456
1.2253434538500833e-10	1.6131608e-09	2.0082205e-09	0.859128	-2.0149124e-17	0.23156905
1.2500308572755878e-10	1.9094557e-09	1.7119257e-09	0.8598301	-2.0147258e-17	0.23196556
1.2752119981119366e-10	2.3045155e-09	1.876534e-09	0.8604977	-2.0145325e-17	0.2322972
1.3003931360348356e-10	2.4032802e-09	2.2715938e-09	0.86112344	-2.0143377e-17	0.2325632
1.3250805914031042e-10	1.7942299e-09	2.5020452e-09	0.86170167	-2.0141466e-17	0.23281316
1.3502619130209647e-10	2.8641833e-09	2.732497e-09	0.86226016	-2.0139514e-17	0.23303626
1.375442909890259e-10	2.3374371e-09	2.4032802e-09	0.86279094	-2.013757e-17	0.23322022
1.4001304452553257e-10	2.9135658e-09	2.5020452e-09	0.86328745	-2.0135669e-17	0.23336254
1.4253114670029517e-10	3.1934e-09	2.897105e-09	0.8637724	-2.0133737e-17	0.23347488
1.4504927866847248e-10	2.9629483e-09	3.358008e-09	0.8642377	-2.0131814e-17	0.23355885
1.475180251983689e-10	3.3415473e-09	3.6213814e-09	0.8646772	-2.012994e-17	0.23361397
1.5003612764092802e-10	3.1275567e-09	4.0822843e-09	0.86511004	-2.012803e-17	0.23364872
1.5250485424331527e-10	2.732497e-09	4.2798143e-09	0.86552095	-2.0126166e-17	0.23366006
1.5502293283860308e-10	2.6995752e-09	4.4444226e-09	0.8659276	-2.0124269e-17	0.23365077
1.575410228560372e-10	2.534967e-09	4.7407176e-09	0.86632293	-2.0122368e-17	0.23363534
1.6000974658501994e-10	2.3703588e-09	4.2468926e-09	0.8667008	-2.0120513e-17	0.23361629
1.625278328223662e-10	2.4032802e-09	4.1481276e-09	0.86707747	-2.0118614e-17	0.23358048
1.6504593476861194e-10	2.6666536e-09	4.938247e-09	0.8674461	-2.0116708e-17	0.23352821
1.675146622803232e-10	2.8641833e-09	5.267464e-09	0.86780065	-2.0114837e-17	0.233462
1.7003274169611517e-10	2.897105e-09	5.7612883e-09	0.8681562	-2.0112918e-17	0.23338032
1.725014454036431e-10	2.3374371e-09	6.3209566e-09	0.8684996	-2.0111026e-17	0.23328699
1.7501955640475634e-10	1.9752988e-09	6.090505e-09	0.8688451	-2.0109082e-17	0.23317997
1.7753764030274117e-10	1.4156308e-09	5.8600533e-09	0.8691869	-2.0107118e-17	0.23305665
1.8000635249646178e-10	1.2839443e-09	5.267464e-09	0.8695186	-2.0105177e-17	0.23292498
1.8252444876893447e-10	1.1193361e-09	5.6625233e-09	0.8698545	-2.010317e-17	0.23277853
1.8504252861456164e-10	1.0205711e-09	5.464994e-09	0.87018853	-2.0101139e-17	0.23261699
1.8751124070099292e-10	7.901196e-10	6.1234267e-09	0.87051463	-2.0099116e-17	0.23244706
1.9002932862403874e-10	1.2839443e-09	6.3868e-09	0.8708465	-2.0097021e-17	0.23225965
1.9254741963074288e-10	4.938247e-10	5.9258967e-09	0.8711785	-2.0094887e-17	0.23205912
1.950161282297766e-10	5.925897e-10	5.7283667e-09	0.8715043	-2.0092753e-17	0.23184884
1.9753421140839638e-10	7.2427625e-10	5.9258967e-09	0.8718378	-2.009053e-17	0.23161787
2.0000293360155887e-10	1.3168659e-10	5.8600533e-09	0.8721664	-2.0088303e-17	0.23137783
2.0252101742502629e-10	-1.3168659e-10	5.530837e-09	0.872504	-2.0085969e-17	0.23111854
2.050391124060659e-10	5.2674637e-10	5.464994e-09	0.87284446	-2.0083576e-17	0.2308397
2.0750781762200802e-10	9.218062e-10	5.069934e-09	0.873182	-2.0081164e-17	0.2305506
2.1002590410074208e-10	-1.6460824e-10	5.6625233e-09	0.87353045	-2.0078628e-17	0.2302366
2.1254398330690839e-10	-4.609031e-10	5.99174e-09	0.87388414	-2.007601e-17	0.22990231
2.15012701341403e-10	-1.4485525e-09	5.5966805e-09	0.8742365	-2.0073349e-17	0.22955444
2.1753078566763069e-10	-1.777769e-09	5.79421e-09	0.87460274	-2.0070538e-17	0.22917351
2.2004886808257403e-10	-1.5473175e-09	5.530837e-09	0.8749763	-2.0067617e-17	0.22877094
2.2251758856254307e-10	-1.6460824e-09	5.267464e-09	0.875351	-2.006463e-17	0.22834794
2.2503567877623588e-10	-2.2386721e-09	5.9258967e-09	0.8757425	-2.0061456e-17	0.22788537
2.2750438787562578e-10	-1.7119257e-09	5.8600533e-09	0.8761365	-2.0058195e-17	0.22740285
2.3002247848378616e-10	-2.0411421e-09	5.3991505e-09	0.8765502	-2.005471e-17	0.22687559
2.3254055051458198e-10	-2.7654186e-09	5.79421e-09	0.87697697	-2.0051045e-17	0.22630836
2.3500926029453287e-10	-2.897105e-09	5.2016205e-09	0.87740946	-2.0047255e-17	0.22571176
2.375273572170774e-10	-3.2263217e-09	5.135777e-09	0.87786657	-2.004316e-17	0.22545381
2.400454389451064e-10	-2.897105e-09	5.0040905e-09	0.8783415	-2.003882e-17	0.22527695
2.4251414566150283e-10	-3.0287917e-09	4.7407176e-09	0.8788264	-2.0034288e-17	0.22506633
2.4503223739284735e-10	-2.8312617e-09	5.267464e-09	0.8793427	-2.0029356e-17	0.22480953
2.475009498718212e-10	-3.4238514e-09	6.0575833e-09	0.8798726	-2.0024172e-17	0.2245077
2.5001903106356097e-10	-3.6213814e-09	6.2551133e-09	0.88044035	-2.0018487e-17	0.22414249
2.5253712366650653e-10	-4.4773443e-09	6.3209566e-09	0.8810383	-2.0012346e-17	0.22371304
2.5500583598470815e-10	-4.5431876e-09	5.2016205e-09	0.8816575	-2.0005815e-17	0.22321627
2.5752391235255047e-10	-5.6625233e-09	5.333307e-09	0.88232696	-1.9998564e-17	0.22262259
2.600420152065524e-10	-6.2221917e-09	4.5431876e-09	0.8830392	-1.999062e-17	0.22192474
2.62510717960638e-10	-6.847703e-09	4.609031e-09	0.8837846	-1.9982053e-17	0.22112283
2.6502881276670236e-10	-7.341528e-09	3.9505976e-09	0.88459915	-1.9972387e-17	0.22023076
2.675468955943902e-10	-7.7695095e-09	2.9629483e-09	0.885476	-1.9961623e-17	0.22013143
2.700156127037126e-10	-8.230412e-09	2.633732e-09	0.8864047	-1.9949796e-17	0.21993153
2.7253369659784743e-10	-9.1522185e-09	2.7654186e-09	0.88743246	-1.9936193e-17	0.21957168
2.750024276339569e-10	-1.0074024e-08	2.1069855e-09	0.88853097	-1.9921035e-17	0.21902509
2.7752053047443887e-10	-1.1720107e-08	1.2510226e-09	0.8897582	-1.9903314e-17	0.21821241
2.800386244798892e-10	-1.2312697e-08	-3.292165e-10	0.8911109	-1.9882787e-17	0.2170721
2.82507353536042e-10	-1.3563719e-08	-1.9752988e-09	0.89257854	-1.9859275e-17	0.21643881
2.850254634393229e-10	-1.497935e-08	-4.016441e-09	0.8942436	-1.9830939e-17	0.21639606
2.875435635361627e-10	-1.5275646e-08	-6.650173e-09	0.8961065	-1.9797003e-17	0.21588524
2.9001229173430376e-10	-1.7053415e-08	-8.905306e-09	0.89815545	-1.9756693e-17	0.21472493
2.9253040338459145e-10	-1.8041064e-08	-1.2312697e-08	0.90050536	-1.970616e-17	0.21415745
2.950485315929011e-10	-1.9884675e-08	-1.7053415e-08	0.90314776	-1.9642964e-17	0.21417484
2.975172817637137e-10	-2.0641874e-08	-2.3110998e-08	0.9060361	-1.9564403e-17	0.21290156
3.000354073465231e-10	-2.1497836e-08	-3.1473096e-08	0.90925664	-1.9461123e-17	0.21316741
3.025041629185144e-10	-2.018097e-08	-4.2666457e-08	0.9125558	-1.9328695e-17	0.21251786
3.0502232638959427e-10	-1.659251e-08	-5.6625236e-08	0.9157118	-1.914995e-17	0.2121482
3.0754048177700044e-10	-7.999961e-09	-7.4007865e-08	0.91783756	-1.8912222e-17	0.21204032
3.1000929032534227e-10	6.7818595e-09	-9.297074e-08	0.91730696	-1.860911e-17	0.2118315
3.1252748194254175e-10	2.934142e-08	-1.1008999e-07	0.9112755	-1.8233908e-17	0.21428221
3.150456867237639e-10	6.1728095e-08	-1.198348e-07	0.8964649	-1.7851289e-17	0.22729337
3.1751452866402337e-10	1.0202419e-07	-1.2589238e-07	0.87332636	-1.7625786e-17	0.25572494
3.200327611406041e-10	1.6052596e-07	-1.3524213e-07	0.84468573	-1.7778767e-17	0.23313329
3.2250163306798083e-10	2.2373553e-07	-9.7777296e-08	0.81279856	-1.823094e-17	0.20295131
3.2502000407756675e-10	2.404597e-07	-4.872404e-09	0.7770833	-1.8704306e-17	0.19601181
3.2753867637831066e-10	2.0473973e-07	8.888845e-08	0.7410702	-1.9068005e-17	0.20027724
3.300080192192163e-10	1.4136556e-07	1.4775236e-07	0.708611	-1.9318476e-17	0.20647418
3.325260900769538e-10	7.31519e-08	1.6855884e-07	0.6806179	-1.9486825e-17	0.20983894
3.350441139069692e-10	1.5209801e-08	1.5670705e-07	0.6586731	-1.9588679e-17	0.21188563
3.3751287474489325e-10	-2.6139789e-08	1.2786768e-07	0.6429407	-1.9643917e-17	0.21181023
3.4003099888124016e-10	-5.010675e-08	9.218061e-08	0.632518	-1.967204e-17	0.21048921
3.425491081204876e-10	-5.7843337e-08	6.004909e-08	0.6269851	-1.9684582e-17	0.21115543
3.4501785965552394e-10	-5.4682857e-08	3.63455e-08	0.6253915	-1.9690103e-17	0.21113439
3.475360122995401e-10	-4.857589e-08	1.9752989e-08	0.6270628	-1.9694105e-17	0.21115828
3.500048060505375e-10	-4.154712e-08	8.032882e-09	0.6314829	-1.9699425e-17	0.21085547
3.5252300981347554e-10	-3.4436045e-08	3.950598e-10	0.63832355	-1.9707904e-17	0.21072415
3.550412171555804e-10	-2.7090401e-08	-4.7407176e-09	0.6470113	-1.9720194e-17	0.21132486
3.5751004525750063e-10	-2.1218003e-08	-8.164569e-09	0.6569193	-1.9736081e-17	0.21105103
3.600282640129788e-10	-1.4993754e-08	-1.0798301e-08	0.668138	-1.9756031e-17	0.21096653
3.625464816115112e-10	-9.3497485e-09	-1.0008181e-08	0.68023163	-1.9779389e-17	0.21169452
3.650153177187288e-10	-6.666634e-09	-9.086375e-09	0.69272065	-1.9805129e-17	0.21170813
3.6753352422166943e-10	-4.452653e-09	-8.9546885e-09	0.7059006	-1.9833761e-17	0.21140157
3.700023303576085e-10	-2.4691236e-09	-8.427942e-09	0.71907413	-1.9863634e-17	0.211214
3.7252051701147266e-10	-1.0864144e-09	-7.242763e-09	0.73260057	-1.9895363e-17	0.2120845
3.750387000883902e-10	-7.2427625e-10	-6.913546e-09	0.74605787	-1.9927754e-17	0.21291173
3.775074985479928e-10	-4.938247e-10	-5.79421e-09	0.7590286	-1.9959508e-17	0.2138254
3.8002566786531317e-10	1.1851794e-09	-6.0246617e-09	0.7718634	-1.999117e-17	0.21486922
3.825438207217427e-10	3.4896948e-09	-3.1769392e-09	0.78411484	-2.0021314e-17	0.216128
3.8501258425189313e-10	3.6872247e-09	-1.4814742e-10	0.79537004	-2.0048613e-17	0.21751502
3.875307147531144e-10	3.1275567e-09	1.7139833e-09	0.80588776	-2.0073437e-17	0.21890654
3.9004883779600653e-10	2.0987552e-09	3.3415473e-09	0.8152666	-2.0094687e-17	0.21997769
3.9251757061972313e-10	3.3909298e-09	4.7160262e-09	0.8232489	-2.0111861e-17	0.22286622
3.950356604979695e-10	3.8847547e-09	6.814781e-09	0.8301278	-2.0125787e-17	0.22435826
3.975043803353179e-10	2.436202e-09	8.197491e-09	0.83569247	-2.013628e-17	0.2255868
4.000224376110996e-10	1.5143958e-09	9.843573e-09	0.8402971	-2.014423e-17	0.22657783
4.0254049694564706e-10	-3.950598e-10	1.0041103e-08	0.84399164	-2.0149867e-17	0.22789699
4.0500918053301326e-10	-1.1851794e-09	9.646043e-09	0.84690315	-2.0153543e-17	0.22801118
4.0752721175185797e-10	-1.9752988e-09	8.691315e-09	0.8493084	-2.015578e-17	0.22840717
4.1004526127139855e-10	-1.5473175e-09	7.604901e-09	0.85127836	-2.0156812e-17	0.22947165
4.1251394138304374e-10	-2.0740638e-09	6.7818595e-09	0.8528898	-2.0156942e-17	0.23007174
4.150319703241476e-10	-1.9423774e-09	6.551408e-09	0.854286	-2.0156424e-17	0.23045434
4.1750062561470273e-10	-1.9917596e-09	6.617251e-09	0.8554696	-2.0155447e-17	0.23064162
4.2001867145134705e-10	-1.6460824e-09	6.5843295e-09	0.8565311	-2.0154127e-17	0.23069455
4.225367114990168e-10	-1.777769e-09	5.99174e-09	0.85747737	-2.0152568e-17	0.23064552
4.2500537102381775e-10	-1.876534e-09	5.0040905e-09	0.8583164	-2.0150897e-17	0.23106934
4.2752340731868255e-10	-1.316866e-09	4.839482e-09	0.85909885	-2.0149086e-17	0.23156567
4.300414424600403e-10	-1.1522577e-09	4.6419526e-09	0.8598204	-2.014721e-17	0.23196995
4.3251011378127906e-10	-5.5966803e-10	4.1481276e-09	0.8604784	-2.0145334e-17	0.23229434
4.350281487024239e-10	-3.2921648e-11	4.5431876e-09	0.8611068	-2.01434e-17	0.23256138
4.375461898518108e-10	-3.7859896e-10	4.312736e-09	0.86169827	-2.0141454e-17	0.23281342
4.4001487391834106e-10	-3.6213813e-10	4.0822843e-09	0.862247	-2.0139548e-17	0.23303342
4.425329216814227e-10	-4.609031e-10	3.8189114e-09	0.8627788	-2.0137606e-17	0.23321609
4.450015794306289e-10	-2.4691235e-10	3.4896948e-09	0.8632761	-2.0135709e-17	0.23335944
4.4751962239057667e-10	6.5843296e-11	3.358008e-09	0.8637616	-2.0133778e-17	0.23347385
4.5003766833276964e-10	2.9629485e-10	2.99587e-09	0.86422753	-2.0131856e-17	0.23355679
4.525063223421294e-10	6.255113e-10	3.4238514e-09	0.8646675	-2.0129978e-17	0.23361422
4.5502436927327073e-10	5.5966803e-10	3.2263217e-09	0.86510056	-2.0128072e-17	0.23364769
4.57542419048501e-10	7.901196e-10	3.5884598e-09	0.86551976	-2.0126173e-17	0.23366006
4.60011090169111e-10	8.5596286e-10	3.4896948e-09	0.8659186	-2.012431e-17	0.23365283
4.625291307181989e-10	1.0205711e-09	3.456773e-09	0.86631423	-2.0122416e-17	0.23363765
4.6504717741982423e-10	9.547279e-10	3.9505976e-09	0.8666999	-2.0120517e-17	0.2336168
4.675158431880841e-10	1.218101e-09	3.4238514e-09	0.8670692	-2.0118655e-17	0.23358127
4.700338896835753e-10	1.316866e-09	3.358008e-09	0.86743796	-2.0116751e-17	0.23353027
4.725025632558753e-10	2.2715938e-09	3.094635e-09	0.86779267	-2.011488e-17	0.23346381
4.750206048433831e-10	2.4032802e-09	3.753068e-09	0.8681483	-2.0112963e-17	0.23338315
4.775386433892228e-10	2.1728288e-09	4.4773443e-09	0.8684987	-2.011103e-17	0.23328778
4.800073076277503e-10	1.8436124e-09	4.2798143e-09	0.8688374	-2.0109123e-17	0.23318152
4.825253445291171e-10	1.3827093e-09	4.872404e-09	0.86917925	-2.0107166e-17	0.23306128
4.850433886312729e-10	7.571979e-10	4.5431876e-09	0.8695177	-2.010518e-17	0.23292603
4.875120586828177e-10	9.218062e-10	4.5431876e-09	0.869847	-2.0103215e-17	0.23278137
4.900300965269961e-10	9.547279e-10	4.0822843e-09	0.87018096	-2.0101184e-17	0.23262164
4.925481573361997e-10	7.571979e-10	4.0822843e-09	0.8705136	-2.0099122e-17	0.23244756
4.950168163120459e-10	5.925897e-10	4.2798143e-09	0.8708392	-2.009707e-17	0.23226431
4.975348542557591e-10	4.609031e-10	4.2798143e-09	0.871171	-2.0094935e-17	0.23206432
5.000035235980509e-10	8.5596286e-10	4.2798143e-09	0.87149686	-2.0092801e-17	0.231853
5.025215695145855e-10	5.2674637e-10	4.8065605e-09	0.8718303	-2.0090581e-17	0.23162435
5.050395924673322e-10	2.6337318e-10	4.3456576e-09	0.8721654	-2.008831e-17	0.23137912
5.075082683103629e-10	4.609031e-10	3.555538e-09	0.8724963	-2.0086026e-17	0.23112375
5.100263099083133e-10	1.316866e-09	4.213971e-09	0.87283677	-2.0083633e-17	0.23084751
5.125443504092116e-10	6.255113e-10	5.2016205e-09	0.8731809	-2.0081173e-17	0.23055191
5.15013010447524e-10	3.950598e-10	5.267464e-09	0.8735225	-2.0078688e-17	0.23024471
5.175310664061823e-10	6.5843296e-11	4.7407176e-09	0.8738761	-2.0076067e-17	0.22991094
5.200491032728328e-10	-4.2798143e-10	5.069934e-09	0.8742355	-2.0073359e-17	0.2295547
5.22517765459786e-10	-8.888845e-10	4.872404e-09	0.8745944	-2.0070605e-17	0.22918296
5.250358110106281e-10	-8.5596286e-10	4.872404e-09	0.8749678	-2.0067685e-17	0.22877963
5.275044729441212e-10	-3.292165e-10	4.609031e-09	0.8753422	-2.0064702e-17	0.22835715
5.30022518392349e-10	-5.2674637e-10	4.4773443e-09	0.8757335	-2.006153e-17	0.2278983
5.325405582027105e-10	-9.876494e-10	4.4773443e-09	0.8761353	-2.0058208e-17	0.2274047
5.350092276915998e-10	-9.547279e-10	4.5431876e-09	0.8765407	-2.0054795e-17	0.22688858
5.375272738540831e-10	-1.1851794e-09	5.135777e-09	0.87696713	-2.0051128e-17	0.2263227
5.400453210282004e-10	-1.5143958e-09	5.0040905e-09	0.877408	-2.0047265e-17	0.22571361
5.425139840872749e-10	-1.777769e-09	4.411501e-09	0.8778559	-2.0043255e-17	0.22545673
5.450320287529679e-10	-1.7119257e-09	4.0822843e-09	0.87833047	-2.003892e-17	0.2252823
5.475006915748167e-10	-1.5143958e-09	4.0822843e-09	0.8788149	-2.0034397e-17	0.22507328
5.500187374785619e-10	-2.3703588e-09	4.4773443e-09	0.8793307	-2.002947e-17	0.22481486
5.525367901592297e-10	-2.1069855e-09	4.3456576e-09	0.87987095	-2.0024188e-17	0.22450933
5.550054521851992e-10	-2.633732e-09	3.8189114e-09	0.88042694	-2.0018623e-17	0.2241527
5.575235033970505e-10	-2.5678886e-09	3.358008e-09	0.8810242	-2.0012492e-17	0.22372378
5.600415519382125e-10	-3.0617133e-09	3.8189114e-09	0.88165534	-2.000584e-17	0.22321843
5.625102149822262e-10	-3.0287917e-09	3.8847547e-09	0.88231117	-1.9998739e-17	0.22263716
5.650282705031386e-10	-2.9629483e-09	3.0287917e-09	0.8830224	-1.9990811e-17	0.22194314
5.675463121744688e-10	-3.8189114e-09	2.8312617e-09	0.8837821	-1.9982083e-17	0.22112635
5.700149908641469e-10	-4.115206e-09	2.3703588e-09	0.8845798	-1.997262e-17	0.22023158
5.72533041411327e-10	-4.2798143e-09	2.6995752e-09	0.8854551	-1.996188e-17	0.22013362
5.750017198161468e-10	-5.0040905e-09	2.2386721e-09	0.88638204	-1.9950093e-17	0.21993753
5.775197725969261e-10	-5.99174e-09	2.2386721e-09	0.88740784	-1.9936525e-17	0.21958263
5.800378204602248e-10	-5.7283667e-09	1.1193361e-09	0.8885268	-1.992109e-17	0.21902783
5.825065118607025e-10	-5.7283667e-09	1.1851794e-09	0.8897287	-1.9903752e-17	0.21823527
5.850245739438354e-10	-6.18927e-09	5.925897e-10	0.89107823	-1.9883296e-17	0.21710226
5.875426472375642e-10	-7.3744495e-09	3.292165e-10	0.89257306	-1.9859364e-17	0.21643908
5.900113479900131e-10	-8.362099e-09	-1.975299e-10	0.8942032	-1.9831652e-17	0.21640106
5.925294178081429e-10	-9.514356e-09	-2.3703588e-09	0.896061	-1.9797862e-17	0.215905
5.950474822516101e-10	-1.10945955e-08	-3.9505976e-09	0.8981477	-1.9756855e-17	0.2147308
5.975161915989302e-10	-1.1720107e-08	-5.99174e-09	0.90044796	-1.970746e-17	0.21414566
6.000342837188659e-10	-1.3432032e-08	-8.296255e-09	0.90308326	-1.9644598e-17	0.21418774
6.025029870078586e-10	-1.438676e-08	-1.198348e-08	0.9059647	-1.9566486e-17	0.21295008
6.050211041332747e-10	-1.7053415e-08	-1.777769e-08	0.9091796	-1.946384e-17	0.21315868
6.075392229830455e-10	-1.7185101e-08	-2.55472e-08	0.9125437	-1.9329244e-17	0.21252409
6.100079738580797e-10	-1.7086336e-08	-3.4501888e-08	0.9156459	-1.9154699e-17	0.21213263
6.125261220163824e-10	-1.4617212e-08	-4.635368e-08	0.91781026	-1.8918514e-17	0.21205223
6.150442851128224e-10	-8.526707e-09	-6.149764e-08	0.9173167	-1.8610353e-17	0.21183091
6.175130815886941e-10	3.6789942e-09	-7.650991e-08	0.91150457	-1.824308e-17	0.2141336
6.200312786502779e-10	2.4197412e-08	-8.928351e-08	0.89691985	-1.7859301e-17	0.22683
6.225001054349792e-10	5.0567653e-08	-9.942338e-08	0.873944	-1.76275e-17	0.25507423
6.250183258106754e-10	8.79008e-08	-1.1404059e-07	0.84539324	-1.7770508e-17	0.23418154
6.27536566260695e-10	1.3570303e-07	-9.843573e-08	0.81292284	-1.8229117e-17	0.20305273
6.300055695554239e-10	1.6065765e-07	-4.0658236e-08	0.7779292	-1.8694446e-17	0.19612563
6.325242651081254e-10	1.5111037e-07	2.6995751e-08	0.7418833	-1.9060882e-17	0.20001131
6.35042892295759e-10	1.18155796e-07	7.8748585e-08	0.70872307	-1.9317716e-17	0.2064457
6.375115687826407e-10	7.637823e-08	1.0324229e-07	0.68120074	-1.9483748e-17	0.20964397
6.400295978684089e-10	3.496279e-08	1.0363735e-07	0.65911484	-1.9586909e-17	0.21186578
6.425477104468496e-10	2.2715938e-09	9.13905e-08	0.6429888	-1.9643773e-17	0.21180882
6.450163636429243e-10	-1.9275625e-08	7.0847385e-08	0.6327011	-1.9671604e-17	0.21044642
6.47534419435635e-10	-2.9119198e-08	4.9777533e-08	0.62706614	-1.9684397e-17	0.21115543
6.500031181557427e-10	-3.1341408e-08	3.2131528e-08	0.6253904	-1.9690005e-17	0.2111341
6.52521228751113e-10	-2.9102738e-08	1.9884675e-08	0.62698925	-1.9694006e-17	0.21115999
6.550394007580985e-10	-2.523856e-08	1.2641913e-08	0.6314613	-1.9699399e-17	0.21085918
6.575081808593281e-10	-2.1678906e-08	6.847703e-09	0.63814086	-1.9707662e-17	0.21068768
6.600263501479517e-10	-1.827563e-08	1.8436124e-09	0.6467903	-1.9719858e-17	0.2113382
6.62544528667468e-10	-1.5180996e-08	-1.7119257e-09	0.65687877	-1.9736013e-17	0.2110442
6.650133317727352e-10	-1.1464964e-08	-4.872404e-09	0.6678645	-1.9755523e-17	0.21101774
6.675314929269256e-10	-7.2674537e-09	-5.6625233e-09	0.6799399	-1.9778803e-17	0.21170075
6.70000289978547e-10	-3.7695287e-09	-5.6625233e-09	0.69241625	-1.9804482e-17	0.21167096
6.725184412917675e-10	-2.2715938e-09	-5.9258967e-09	0.7055876	-1.983307e-17	0.21132544
6.75036631638466e-10	-7.407371e-10	-5.0040905e-09	0.719022	-1.9863513e-17	0.21122879
6.77505405216937e-10	3.950598e-10	-4.213971e-09	0.7322831	-1.9894609e-17	0.21214594
6.800235451274943e-10	1.9094557e-09	-1.5802392e-09	0.74574363	-1.9926991e-17	0.21295176
6.825416819851646e-10	1.5143958e-09	1.0534927e-09	0.7589776	-1.9959382e-17	0.21382879
6.850104318338702e-10	0	1.5143958e-09	0.7715673	-1.9990439e-17	0.21486223
6.875285572757543e-10	-1.3168659e-10	-6.9135464e-10	0.78383464	-2.0020628e-17	0.21609606
6.900466761965705e-10	1.7448474e-09	-1.4814742e-10	0.79532653	-2.0048509e-17	0.21750396
6.925153991358439e-10	2.9629483e-09	6.934122e-10	0.80565244	-2.0072892e-17	0.21880442
6.950334762638228e-10	3.851833e-09	3.5884598e-09	0.8150595	-2.0094232e-17	0.22002058
6.975021707393919e-10	3.6049206e-09	5.7448277e-09	0.82307124	-2.011149e-17	0.22285086
7.000202371123546e-10	3.358008e-09	6.98762e-09	0.82997966	-2.0125495e-17	0.22429022
7.025382669670461e-10	2.7654186e-09	7.7695095e-09	0.8356719	-2.0136241e-17	0.22558814
7.05006930227292e-10	1.4485525e-09	7.3744495e-09	0.84019953	-2.0144071e-17	0.22652952
7.075249582584953e-10	1.6460824e-09	6.3374173e-09	0.8439134	-2.0149756e-17	0.22788194
7.100429616195291e-10	1.3827093e-09	5.3003855e-09	0.8468923	-2.0153528e-17	0.2280125
7.12511599588204e-10	1.8436124e-09	5.629602e-09	0.8492569	-2.0155738e-17	0.22837558
7.150295834041916e-10	1.9752988e-09	6.0246617e-09	0.85123575	-2.01568e-17	0.229452
7.175475837560335e-10	1.4814742e-09	6.551408e-09	0.85288346	-2.0156947e-17	0.2300707
7.200162058860945e-10	1.0041102e-09	7.0781545e-09	0.85425514	-2.0156443e-17	0.2304486
7.225342069096942e-10	0	5.8600533e-09	0.8554648	-2.0155455e-17	0.23064189
7.250028266622881e-10	-2.3045155e-10	5.0040905e-09	0.85650736	-2.0154158e-17	0.23069403
7.275208310605482e-10	9.876495e-11	4.938247e-09	0.85745615	-2.0152611e-17	0.23064838
7.30038837102688e-10	0	4.5761093e-09	0.85831296	-2.0150904e-17	0.23106754
7.325074731973639e-10	8.5596286e-10	3.8847547e-09	0.8590809	-2.0149129e-17	0.23155476
7.350254539186925e-10	1.3827093e-09	4.1481276e-09	0.85980386	-2.0147256e-17	0.23196165
7.37543462500232e-10	7.7365875e-10	4.8065605e-09	0.8604757	-2.0145344e-17	0.23229253
7.400120920644516e-10	7.2427625e-10	4.016441e-09	0.86109227	-2.0143446e-17	0.23255596
7.425301020882314e-10	1.1193361e-09	3.753068e-09	0.8616845	-2.0141502e-17	0.2328072
7.450481059906781e-10	7.2427625e-10	4.1481276e-09	0.8622446	-2.0139553e-17	0.23303317
7.47516754166073e-10	9.876494e-10	3.6872247e-09	0.8627663	-2.013765e-17	0.23321351
7.50034760473142e-10	1.4156308e-09	3.3909298e-09	0.863274	-2.0135715e-17	0.23335944
7.525033965106902e-10	2.0246813e-09	3.917676e-09	0.86375034	-2.0133823e-17	0.23347077
7.550214010330375e-10	1.9752988e-09	4.115206e-09	0.86421657	-2.0131902e-17	0.23355576
7.575394157795134e-10	1.6460824e-09	4.2468926e-09	0.8646655	-2.0129988e-17	0.23361397
7.600080595852489e-10	1.7119257e-09	4.4444226e-09	0.8650904	-2.012812e-17	0.23364769
7.625260744188636e-10	2.3374371e-09	4.4773443e-09	0.8655099	-2.0126214e-17	0.23366031
7.650440917438137e-10	2.3045155e-09	5.168699e-09	0.86591685	-2.012432e-17	0.23365258
7.675127247520313e-10	2.2057505e-09	5.366229e-09	0.86630493	-2.012246e-17	0.23363714
7.700307286455005e-10	1.4156308e-09	5.366229e-09	0.8666907	-2.0120561e-17	0.23361835
7.725487314889664e-10	8.888845e-10	4.7736393e-09	0.8670675	-2.0118662e-17	0.23358127
7.750173812162974e-10	1.2510226e-09	4.6419526e-09	0.8674292	-2.0116801e-17	0.23353104
7.775354071436466e-10	1.7448474e-09	5.1028555e-09	0.86779106	-2.0114888e-17	0.23346536
7.800040526489529e-10	1.3827093e-09	5.695445e-09	0.86813986	-2.0113007e-17	0.23338573
7.825220458006089e-10	1.4156308e-09	6.0246617e-09	0.8684903	-2.011108e-17	0.23329087
7.850400594117968e-10	8.888845e-10	5.9258967e-09	0.8688359	-2.0109136e-17	0.23318334
7.875086948359563e-10	3.6213813e-10	5.9258967e-09	0.86917096	-2.010721e-17	0.2330644
7.900267089889045e-10	9.876494e-10	6.2221917e-09	0.8695096	-2.0105229e-17	0.23293015
7.925447179307031e-10	9.218062e-10	6.4526433e-09	0.8698455	-2.0103227e-17	0.23278241
7.950133545171697e-10	6.58433e-10	6.0575833e-09	0.8701729	-2.0101237e-17	0.23262551
7.975313709902161e-10	-4.2798143e-10	6.2551133e-09	0.8705057	-2.0099175e-17	0.23245223
8.000000081282311e-10	-1.316866e-09	6.1234267e-09	0.87083113	-2.0097119e-17	0.23226948
8.025180191596499e-10	-1.7119257e-09	5.530837e-09	0.87116295	-2.0094988e-17	0.23206924
8.050360305440609e-10	-8.5596286e-10	6.18927e-09	0.8714953	-2.0092813e-17	0.23185506
8.075046798049631e-10	-9.218062e-10	5.530837e-09	0.8718222	-2.0090634e-17	0.23163007
8.100226915403089e-10	-1.5802392e-09	5.79421e-09	0.8721573	-2.0088362e-17	0.23138587
8.125407018666477e-10	-1.777769e-09	5.333307e-09	0.8724948	-2.0086035e-17	0.23112583
8.150093430866713e-10	-2.1069855e-09	5.135777e-09	0.87282854	-2.0083692e-17	0.23085402
8.175273491086502e-10	-2.5020452e-09	4.411501e-09	0.8731726	-2.0081234e-17	0.23056026
8.200453748176421e-10	-1.5802392e-09	4.411501e-09	0.873521	-2.0078698e-17	0.230246
8.225140129756923e-10	-9.218062e-10	4.6748743e-09	0.8738675	-2.0076133e-17	0.22991852
8.250320323882205e-10	-1.316866e-09	5.2016205e-09	0.87422675	-2.0073425e-17	0.22956413
8.275006656583843e-10	-1.8436124e-09	5.530837e-09	0.8745853	-2.0070672e-17	0.2291932
8.30018676257875e-10	-2.0411421e-09	5.3991505e-09	0.8749587	-2.0067757e-17	0.22879066
8.325367096822976e-10	-2.3045155e-09	5.069934e-09	0.87534034	-2.006472e-17	0.22835977
8.350053420742579e-10	-2.8312617e-09	5.333307e-09	0.87572384	-2.006161e-17	0.22790912
8.375233463659036e-10	-3.0287917e-09	4.8065605e-09	0.8761254	-2.0058291e-17	0.22741818
8.400413549309795e-10	-3.0287917e-09	4.016441e-09	0.87653875	-2.0054807e-17	0.22689016
8.425100137210011e-10	-2.4691236e-09	4.016441e-09	0.8769566	-2.005122e-17	0.22633705
8.450280296809622e-10	-2.2715938e-09	4.213971e-09	0.8773972	-2.004736e-17	0.22572906
8.475460522643497e-10	-2.3045155e-09	4.8065605e-09	0.8778537	-2.0043278e-17	0.22545806
8.500146807076256e-10	-3.4238514e-09	4.7407176e-09	0.87831867	-2.0039028e-17	0.22528736
8.525327100753619e-10	-3.1604783e-09	4.6748743e-09	0.8788125	-2.0034419e-17	0.22507407
8.550013439677957e-10	-3.8189114e-09	4.3456576e-09	0.8793178	-2.0029596e-17	0.22482263
8.575193748260421e-10	-3.6872247e-09	3.4896948e-09	0.8798575	-2.0024322e-17	0.22451681
8.600373844708473e-10	-3.555538e-09	3.0287917e-09	0.8804241	-2.0018651e-17	0.2241543
8.62506035540402e-10	-3.1604783e-09	2.6995752e-09	0.88100916	-2.0012646e-17	0.22373506
8.65024054195327e-10	-2.8312617e-09	2.3045155e-09	0.8816395	-2.000601e-17	0.22323187
8.675420876462402e-10	-2.1069855e-09	2.633732e-09	0.88230777	-1.9998774e-17	0.22264093
8.700107457550848e-10	-2.2386721e-09	2.7654186e-09	0.8830044	-1.9991013e-17	0.22196183
8.725287733006776e-10	-2.6666536e-09	3.2263217e-09	0.88376284	-1.9982308e-17	0.22114919
8.750467906965043e-10	-2.7983402e-09	2.8312617e-09	0.8845758	-1.9972671e-17	0.22023322
8.775154497745034e-10	-3.6213814e-09	2.9629483e-09	0.88543284	-1.996216e-17	0.22013688
8.800334834926803e-10	-3.753068e-09	2.3703588e-09	0.88637716	-1.995015e-17	0.21993917
8.82502140994588e-10	-4.3456576e-09	2.3703588e-09	0.8873817	-1.993688e-17	0.21959358
8.850201759915975e-10	-5.069934e-09	2.2386721e-09	0.8884983	-1.9921497e-17	0.21904373
8.875382143059422e-10	-5.333307e-09	2.5678886e-09	0.88972247	-1.9903843e-17	0.21823995
8.900068767084719e-10	-6.3868e-09	2.2386721e-09	0.89104354	-1.9883837e-17	0.21713546
8.925249136878336e-10	-7.308606e-09	1.9752988e-09	0.89253455	-1.9859996e-17	0.21643743
8.950429662355274e-10	-8.888845e-09	7.901196e-10	0.8941944	-1.9831802e-17	0.2164019
8.97511637188856e-10	-9.481435e-09	-6.5843296e-11	0.89601284	-1.9798768e-17	0.2159239
9.000296991171347e-10	-1.0205711e-08	-2.2386721e-09	0.8980936	-1.975796e-17	0.2147708
9.025477776874346e-10	-1.0798301e-08	-4.6748743e-09	0.9004357	-1.9707735e-17	0.21414258
9.050164657725174e-10	-1.1193361e-08	-6.3868e-09	0.9030149	-1.9646325e-17	0.21420093
9.075345481987783e-10	-1.257607e-08	-8.691315e-09	0.9059493	-1.9566933e-17	0.21296023
9.10003254340758e-10	-1.4419682e-08	-1.2246853e-08	0.90909797	-1.9466705e-17	0.21314853
9.12521358276414e-10	-1.5143959e-08	-1.777769e-08	0.91246146	-1.9333022e-17	0.21256563
9.150394784360729e-10	-1.5506096e-08	-2.5020453e-08	0.91563165	-1.915571e-17	0.21212924
9.175082354899471e-10	-1.3695406e-08	-3.4403122e-08	0.9177799	-1.8925146e-17	0.21206553
9.200263904080818e-10	-8.855923e-09	-4.635368e-08	0.91738087	-1.8618821e-17	0.2118261
9.225445503524497e-10	-6.5843296e-11	-5.7942103e-08	0.9115532	-1.8245045e-17	0.2141008
9.25013344363531e-10	1.4351781e-08	-6.795028e-08	0.8973965	-1.7867879e-17	0.22630836
9.275315476342897e-10	3.397514e-08	-7.637823e-08	0.87407655	-1.7627899e-17	0.25492677
9.300003747450449e-10	6.2024384e-08	-8.954689e-08	0.8461409	-1.7761957e-17	0.2352495
9.325186088198058e-10	9.9818436e-08	-8.0592194e-08	0.813769	-1.8216674e-17	0.20372966
9.350370088427353e-10	1.2200763e-07	-3.6180893e-08	0.77811116	-1.8692316e-17	0.19614704
9.37506299985857e-10	1.1728337e-07	1.6394981e-08	0.7427474	-1.9053265e-17	0.19970597
9.400249387710968e-10	9.2542756e-08	5.6361863e-08	0.7094839	-1.9312543e-17	0.20624438
9.42542988601314e-10	6.070752e-08	7.519304e-08	0.68132657	-1.948308e-17	0.20959987
9.450116472245507e-10	3.0287918e-08	7.848521e-08	0.65958595	-1.9585006e-17	0.21183403
9.475297028308323e-10	5.267464e-09	6.887209e-08	0.64331585	-1.964278e-17	0.21179888
9.500477221556428e-10	-1.0929988e-08	5.451825e-08	0.6327409	-1.9671508e-17	0.21043786
9.52516374581063e-10	-1.919332e-08	3.897923e-08	0.6271541	-1.9684194e-17	0.21115372
9.550344489462984e-10	-2.118508e-08	2.5810573e-08	0.62539047	-1.9689982e-17	0.21113494
9.575031492928452e-10	-1.9851754e-08	1.5539019e-08	0.62691337	-1.9693901e-17	0.21116027
9.600212598712218e-10	-1.7707732e-08	1.0534928e-08	0.6313204	-1.9699233e-17	0.2108774
9.625394082595176e-10	-1.5724202e-08	6.3209566e-09	0.6381012	-1.9707613e-17	0.21067941
9.650081803570894e-10	-1.33085765e-08	2.7654186e-09	0.646558	-1.9719513e-17	0.21135327
9.675263486263964e-10	-1.1069904e-08	6.58433e-10	0.65661496	-1.9735567e-17	0.21099754
9.700444957488993e-10	-8.753044e-09	-1.8436124e-09	0.66780496	-1.9755414e-17	0.21102913
9.725132853675534e-10	-5.7283667e-09	-2.7654186e-09	0.6796327	-1.9778191e-17	0.21170586
9.75031426184379e-10	-3.8106807e-09	-3.6872247e-09	0.6923499	-1.9804343e-17	0.2116619
9.77500190419117e-10	-1.9259165e-09	-3.555538e-09	0.705258	-1.9832335e-17	0.21124016
9.80018336918394e-10	-2.4691235e-10	-3.1604783e-09	0.7186878	-1.986274e-17	0.21131861
9.825364797651198e-10	-3.2921648e-11	-2.2386721e-09	0.7322136	-1.9894443e-17	0.21215953
9.850052348620143e-10	-2.6337318e-10	-2.0411421e-09	0.7454126	-1.9926187e-17	0.21298872
9.875233486424003e-10	6.831242e-10	-2.633732e-09	0.75865406	-1.9958584e-17	0.21384366
9.900414533929142e-10	1.777769e-09	-2.8641833e-09	0.77150244	-1.999028e-17	0.21486054
9.9251017767016e-10	3.5226164e-09	-1.2510226e-09	0.78353924	-2.0019905e-17	0.21605518
9.950282666910041e-10	3.477349e-09	1.6954649e-09	0.7950525	-2.0047852e-17	0.21743159
9.975463144357195e-10	2.732497e-09	2.8312617e-09	0.80560046	-2.0072772e-17	0.21878162
1.0000150079312717e-09	2.7489577e-09	3.1501903e-09	0.81484085	-2.0093744e-17	0.22006345
1.002533057667015e-09	2.8641833e-09	4.0658237e-09	0.82303196	-2.0111408e-17	0.22284707
1.0050017261557281e-09	3.7859897e-09	5.135777e-09	0.8298233	-2.0125188e-17	0.22421516
1.0075197359128097e-09	3.7201462e-09	6.172809e-09	0.8355443	-2.0136013e-17	0.22559081
1.010037737368914e-09	3.6872247e-09	7.209841e-09	0.8401778	-2.0144038e-17	0.22651918
1.0125063593980666e-09	2.436202e-09	6.650173e-09	0.84383065	-2.014964e-17	0.2278669
1.0150243483083408e-09	2.0411421e-09	5.267464e-09	0.8468258	-2.0153458e-17	0.2280191
1.0175423437221608e-09	2.6995752e-09	5.2016205e-09	0.8492454	-2.0155731e-17	0.22836848
1.0200109403839116e-09	2.4032802e-09	5.267464e-09	0.851191	-2.0156785e-17	0.22943208
1.0225288958242403e-09	1.7119257e-09	5.9258967e-09	0.8528457	-2.015695e-17	0.23005892
1.0250468536705469e-09	1.2510226e-09	5.79421e-09	0.8542484	-2.0156448e-17	0.23044652
1.0275154693121258e-09	5.2674637e-10	5.563759e-09	0.85543674	-2.0155485e-17	0.23063953
1.0300334437838308e-09	5.2674637e-10	5.234542e-09	0.856502	-2.015417e-17	0.23069428
1.0325020474032358e-09	1.0864144e-09	4.032902e-09	0.8574336	-2.015265e-17	0.230651
1.0350200295182884e-09	1.2674835e-09	4.411501e-09	0.85829264	-2.0150945e-17	0.23105372
1.0375380066877897e-09	1.316866e-09	4.411501e-09	0.859077	-2.0149142e-17	0.2315532
1.040006621303892e-09	1.3827093e-09	4.4773443e-09	0.8597864	-2.0147302e-17	0.23195285
1.0425246014301136e-09	1.7448474e-09	4.4773443e-09	0.86045945	-2.0145392e-17	0.2322858
1.0450425895237128e-09	1.1193361e-09	5.037012e-09	0.86108905	-2.0143456e-17	0.23255518
1.0475111994205304e-09	3.292165e-10	5.037012e-09	0.86167014	-2.0141548e-17	0.23280153
1.0500291898410083e-09	3.2921648e-11	4.0822843e-09	0.862231	-2.0139608e-17	0.23302774
1.052547168978988e-09	8.5596286e-10	3.4238514e-09	0.8627636	-2.013766e-17	0.23321247
1.055015781032904e-09	1.1851794e-09	3.7859897e-09	0.8632616	-2.0135763e-17	0.23335661
1.057533769123402e-09	1.218101e-09	3.9505976e-09	0.8637476	-2.0133834e-17	0.23347102
1.0600023987638425e-09	8.724237e-10	4.213971e-09	0.86420524	-2.013195e-17	0.23355421
1.0625203817792597e-09	8.5596286e-10	4.0493626e-09	0.86465454	-2.0130037e-17	0.23361294
1.0650383896032516e-09	6.9135464e-10	4.2468926e-09	0.86508805	-2.0128127e-17	0.23364718
1.0675069878108791e-09	8.230412e-10	3.4238514e-09	0.8654996	-2.0126264e-17	0.23366006
1.070024974850082e-09	9.218062e-10	3.9505976e-09	0.8659067	-2.0124365e-17	0.2336531
1.0725429865947096e-09	1.1193361e-09	4.6419526e-09	0.8663028	-2.0122467e-17	0.23363739
1.075011607273119e-09	2.3045155e-10	4.7407176e-09	0.86668116	-2.0120613e-17	0.23361912
1.0775295885564384e-09	3.950598e-10	4.5431876e-09	0.86705816	-2.0118713e-17	0.23358358
1.0800475808212464e-09	6.58433e-10	5.135777e-09	0.8674272	-2.0116809e-17	0.23353182
1.0825162123897634e-09	3.292165e-10	4.609031e-09	0.86778206	-2.0114938e-17	0.2334669
1.085034205637671e-09	4.609031e-10	4.6748743e-09	0.8681379	-2.0113019e-17	0.23338623
1.0875028181347017e-09	1.3168659e-10	4.0822843e-09	0.8684814	-2.0111126e-17	0.23329395
1.0900208240239755e-09	4.609031e-10	4.8065605e-09	0.8688272	-2.0109184e-17	0.23318565
1.0925388145033134e-09	8.888845e-10	3.8847547e-09	0.86916906	-2.0107222e-17	0.2330649
1.0950074344085007e-09	1.1193361e-09	3.555538e-09	0.86950105	-2.0105283e-17	0.23293401
1.0975254281139055e-09	6.58433e-10	4.213971e-09	0.8698371	-2.010328e-17	0.2327868
1.100043417819309e-09	1.1851794e-09	4.5761093e-09	0.8701712	-2.0101245e-17	0.23262681
1.1025120367267385e-09	6.58433e-10	4.938247e-09	0.87049735	-2.0099225e-17	0.23245713
1.1050300357804487e-09	0	4.1481276e-09	0.87082934	-2.0097132e-17	0.23227078
1.107548026780876e-09	1.3168659e-10	4.213971e-09	0.8711611	-2.0094998e-17	0.23207027
1.1100166618215825e-09	3.292165e-10	4.411501e-09	0.87148696	-2.0092869e-17	0.23186053
1.1125346621993806e-09	4.609031e-10	4.609031e-09	0.87182033	-2.009065e-17	0.23163189
1.115003279466095e-09	3.6213813e-10	4.609031e-09	0.8721488	-2.0088422e-17	0.23139264
1.1175212738539217e-09	6.58433e-10	4.2798143e-09	0.87248623	-2.0086096e-17	0.23113285
1.1200392578886666e-09	7.2427625e-10	5.3991505e-09	0.8728265	-2.0083707e-17	0.23085636
1.122507887519438e-09	1.3168659e-10	4.8065605e-09	0.8731639	-2.0081295e-17	0.23056835
1.1250258838512384e-09	2.6337318e-10	5.069934e-09	0.8735121	-2.0078764e-17	0.23025542
1.1275438792104265e-09	5.925897e-10	4.938247e-09	0.8738655	-2.0076147e-17	0.2299214
1.1300125060576776e-09	6.5843296e-11	5.530837e-09	0.8742176	-2.0073495e-17	0.22957358
1.1325305119116463e-09	3.950598e-10	6.18927e-09	0.8745832	-2.0070689e-17	0.22919556
1.13504850755077e-09	-1.3168659e-10	6.0575833e-09	0.8749564	-2.0067772e-17	0.22879277
1.1375171247707845e-09	-3.6213813e-10	6.650173e-09	0.8753307	-2.0064794e-17	0.2283711
1.1400351264164213e-09	-3.950598e-10	6.1234267e-09	0.8757216	-2.0061628e-17	0.22791202
1.1425037510059123e-09	-6.58433e-10	6.716016e-09	0.876115	-2.0058377e-17	0.22743113
1.1450217623614102e-09	-1.5802392e-09	6.913546e-09	0.8765281	-2.00549e-17	0.22690502
1.147539764662717e-09	-2.2386721e-09	6.2551133e-09	0.8769541	-2.005124e-17	0.22634077
1.1500083840561559e-09	-2.2386721e-09	5.530837e-09	0.87738585	-2.004746e-17	0.22574505
1.152526389328059e-09	-2.0082205e-09	6.1234267e-09	0.877842	-2.0043382e-17	0.22546206
1.1550443953198443e-09	-2.633732e-09	5.530837e-09	0.878316	-2.0039054e-17	0.22528844
1.1575130141974375e-09	-3.094635e-09	5.9258967e-09	0.8787997	-2.0034536e-17	0.22507969
1.1600310186162447e-09	-3.851833e-09	6.1234267e-09	0.87931484	-2.0029624e-17	0.22482422
1.1625490310881206e-09	-4.2798143e-09	4.7407176e-09	0.8798542	-2.0024354e-17	0.22451869
1.165017664317374e-09	-4.1481276e-09	4.4773443e-09	0.8804095	-2.0018798e-17	0.22416477
1.1675356733162198e-09	-4.4773443e-09	4.3456576e-09	0.8810057	-2.0012682e-17	0.22373775
1.1700043009038483e-09	-5.2016205e-09	3.753068e-09	0.8816231	-2.0006184e-17	0.22324587
1.1725223116018867e-09	-4.872404e-09	3.358008e-09	0.88229036	-1.9998966e-17	0.22265686
1.1750403219628186e-09	-5.4979155e-09	3.6213814e-09	0.88300025	-1.999106e-17	0.2219659
1.1775089628896466e-09	-6.1563483e-09	3.094635e-09	0.8837429	-1.998254e-17	0.22117093
1.1800269648120947e-09	-7.111076e-09	2.5020452e-09	0.8845544	-1.9972928e-17	0.22023486
1.1825449867997698e-09	-7.111076e-09	1.6460824e-09	0.8854276	-1.9962222e-17	0.22013797
1.1850136316317007e-09	-7.045233e-09	7.901196e-10	0.8863523	-1.9950473e-17	0.219946
1.1875316565970922e-09	-6.9793895e-09	6.58433e-10	0.88737553	-1.9936962e-17	0.21959631
1.1900002959833407e-09	-6.913546e-09	1.3168659e-10	0.88846874	-1.9921914e-17	0.21906129
1.1925183234203264e-09	-7.7695095e-09	-7.901196e-10	0.88968986	-1.9904325e-17	0.21826418
1.195036346615924e-09	-8.362099e-09	-7.901196e-10	0.8910353	-1.9883961e-17	0.21714322
1.1975050119816892e-09	-9.1522185e-09	-1.9752988e-09	0.8924947	-1.9860653e-17	0.21643631
1.2000230486900235e-09	-9.810651e-09	-3.0287917e-09	0.89414996	-1.9832583e-17	0.21640773
1.2025410894297e-09	-1.0436163e-08	-5.7283667e-09	0.8960016	-1.9798983e-17	0.21592891
1.205009754764141e-09	-1.1226282e-08	-7.967039e-09	0.89803755	-1.9759103e-17	0.21480994
1.207527808064935e-09	-1.2049323e-08	-1.0666614e-08	0.9003727	-1.9709153e-17	0.21412829
1.2100458799510433e-09	-1.237854e-08	-1.4419682e-08	0.90299875	-1.964673e-17	0.21420373
1.2125145736456334e-09	-1.2246853e-08	-1.8633653e-08	0.9058711	-1.9569206e-17	0.21301211
1.2150326514484928e-09	-1.1621342e-08	-2.4263255e-08	0.90907866	-1.9467376e-17	0.21314628
1.2175013636618457e-09	-1.0205711e-08	-3.2131528e-08	0.9123762	-1.9336902e-17	0.2126063
1.2200194730073138e-09	-6.748938e-09	-4.1744652e-08	0.91555864	-1.916088e-17	0.21210998
1.2225375882873701e-09	3.2921648e-11	-5.3991503e-08	0.9177724	-1.892671e-17	0.21206865
1.2250063467889516e-09	1.1555499e-08	-6.7160165e-08	0.91744375	-1.8627542e-17	0.21182214
1.227524507503118e-09	2.99587e-08	-7.86169e-08	0.9117976	-1.8255085e-17	0.21392986
1.2300426854047272e-09	5.4254876e-08	-8.3489304e-08	0.8975086	-1.7869919e-17	0.2261808
1.2325114938653086e-09	8.3061316e-08	-8.427942e-08	0.8747502	-1.7630092e-17	0.25412998
1.2350296874181477e-09	1.2681419e-07	-8.7571586e-08	0.84631795	-1.7759958e-17	0.23549666
1.2375479147047402e-09	1.7277281e-07	-5.688861e-08	0.81396955	-1.8213716e-17	0.2038866
1.2400169196025395e-09	1.8073985e-07	1.0139868e-08	0.7790384	-1.8681416e-17	0.19623815
1.2425355842306472e-09	1.4793343e-07	7.8551054e-08	0.7429531	-1.9051442e-17	0.19962905
1.2450048311241611e-09	9.692133e-08	1.1970312e-07	0.7102745	-1.9307138e-17	0.20600906
1.2475228841577887e-09	4.4345462e-08	1.3115985e-07	0.6819695	-1.9479663e-17	0.20936485
1.2500408981709697e-09	1.679004e-09	1.2009818e-07	0.6596987	-1.9584548e-17	0.21182497
1.252509596249622e-09	-2.7061596e-08	9.613122e-08	0.64365757	-1.9641733e-17	0.21178387
1.255027596933073e-09	-4.256769e-08	6.808197e-08	0.6329449	-1.967102e-17	0.21038935
1.2575456125128475e-09	-4.6221995e-08	4.2666457e-08	0.6271754	-1.9684144e-17	0.21115343
1.260014296250768e-09	-4.2468926e-08	2.396696e-08	0.6253917	-1.9689876e-17	0.21113524
1.2625323610843403e-09	-3.689694e-08	1.1193361e-08	0.6268955	-1.9693875e-17	0.21116056
1.265001101035499e-09	-3.05266e-08	3.2921648e-09	0.63117635	-1.9699063e-17	0.21089506
1.2675192278427608e-09	-2.4460785e-08	-1.316866e-09	0.6379033	-1.970735e-17	0.21063694
1.2700373730905928e-09	-1.9357929e-08	-6.0575833e-09	0.64650273	-1.9719427e-17	0.21135555
1.272506161368315e-09	-1.4551369e-08	-8.559629e-09	0.65634334	-1.9735112e-17	0.21094602
1.275024303270733e-09	-1.0277727e-08	-1.0008181e-08	0.6675077	-1.975486e-17	0.21108234
1.2775424503115994e-09	-5.9670486e-09	-8.9546885e-09	0.6795596	-1.977805e-17	0.21170673
1.2800112226078578e-09	-2.8724139e-09	-8.164569e-09	0.6920191	-1.9803645e-17	0.21161593
1.2825293630473956e-09	-1.3004051e-09	-6.847703e-09	0.7051795	-1.9832163e-17	0.21121885
1.2850474863924333e-09	-2.1399071e-10	-6.4526433e-09	0.718608	-1.9862559e-17	0.21133964
1.2875162342217508e-09	1.3497876e-09	-5.4979155e-09	0.7318686	-1.9893623e-17	0.21222065
1.2900343471436884e-09	1.3827093e-09	-4.5431876e-09	0.74533343	-1.9925998e-17	0.21299717
1.292503086878148e-09	2.6995752e-09	-3.555538e-09	0.7583201	-1.9957765e-17	0.21385434
1.295021183573618e-09	3.1604783e-09	-2.7983402e-09	0.7711808	-1.9989485e-17	0.21484545
1.2975392772716413e-09	3.1604783e-09	-1.5473175e-09	0.7834684	-2.0019731e-17	0.21604462
1.3000079791334647e-09	4.016441e-09	1.5637783e-09	0.79476976	-2.0047172e-17	0.21735282
1.3025260351276392e-09	2.9629483e-09	3.1234415e-09	0.8053447	-2.0072176e-17	0.21866542
1.3050440953789521e-09	2.5678886e-09	3.275704e-09	0.81478846	-2.009363e-17	0.22007382
1.3075127645907724e-09	3.094635e-09	3.8847547e-09	0.8228387	-2.0111006e-17	0.22282603
1.3100307829112483e-09	3.2921648e-09	6.131657e-09	0.8297858	-2.0125116e-17	0.2241972
1.3125487865900225e-09	3.0287917e-09	7.78597e-09	0.83551365	-2.0135953e-17	0.2255916
1.3150174074546316e-09	1.9752988e-09	8.213951e-09	0.8400716	-2.0143861e-17	0.22646663
1.3175353894043476e-09	5.925897e-10	7.1769195e-09	0.8438108	-2.014961e-17	0.22786321
1.3200039865581823e-09	-4.938247e-10	7.0616935e-09	0.84675694	-2.015338e-17	0.22802596
1.3225219607443773e-09	-3.950598e-10	6.7818595e-09	0.8491895	-2.0155687e-17	0.22833294
1.3250399224275934e-09	-8.5596286e-10	6.2551133e-09	0.8511802	-2.0156782e-17	0.22942737
1.327508508120573e-09	-7.901196e-10	5.6625233e-09	0.8528069	-2.0156957e-17	0.23004769
1.3300264689802457e-09	-8.230412e-10	5.79421e-09	0.8542151	-2.0156466e-17	0.23043945
1.332544425254285e-09	-9.0534535e-10	5.530837e-09	0.8554299	-2.015549e-17	0.23063824
1.3350130179223158e-09	-9.876494e-10	4.8065605e-09	0.8564762	-2.0154208e-17	0.23069505
1.3375309884542098e-09	-1.3827093e-09	4.016441e-09	0.85742825	-2.0152659e-17	0.23065153
1.3400489597151631e-09	-9.876494e-10	3.4238514e-09	0.8582876	-2.0150957e-17	0.2310501
1.3425175743824225e-09	-1.6460824e-10	2.9629483e-09	0.85905766	-2.0149187e-17	0.23154151
1.3450355471722214e-09	5.2674637e-10	2.8312617e-09	0.8597822	-2.0147314e-17	0.2319505
1.3475041591444966e-09	4.115206e-10	3.8189114e-09	0.8604427	-2.014544e-17	0.23227829
1.3500221316617428e-09	-8.230412e-11	3.8189114e-09	0.8610734	-2.0143506e-17	0.23254871
1.3525401095289558e-09	-6.5843296e-11	3.851833e-09	0.8616667	-2.0141562e-17	0.23279998
1.3550087168796815e-09	-5.5966803e-10	3.3250864e-09	0.862217	-2.0139656e-17	0.23302284
1.3575266897535669e-09	-2.6337318e-10	3.0287917e-09	0.86275023	-2.0137712e-17	0.23320809
1.36004467707616e-09	-4.9382474e-11	3.094635e-09	0.8632586	-2.0135778e-17	0.23335636
1.362513288028905e-09	1.8106906e-10	3.1604783e-09	0.86373544	-2.0133884e-17	0.23346844
1.3650312647098242e-09	-9.876495e-11	3.9505976e-09	0.8642024	-2.0131961e-17	0.23355421
1.367549239072195e-09	3.6213813e-10	3.654303e-09	0.86465186	-2.0130049e-17	0.23361269
1.370017852931072e-09	8.230412e-10	3.753068e-09	0.8650771	-2.0128176e-17	0.23364693
1.3725358386090858e-09	7.571979e-10	4.4773443e-09	0.86549705	-2.0126274e-17	0.23366006
1.3750044535493163e-09	4.609031e-10	3.753068e-09	0.86589646	-2.0124411e-17	0.23365413
1.3775224384751746e-09	3.292165e-10	3.851833e-09	0.8662928	-2.0122517e-17	0.23363765
1.380040423348779e-09	4.2798143e-10	4.0822843e-09	0.86667883	-2.0120622e-17	0.23361912
1.3825090337301081e-09	4.2798143e-10	4.5431876e-09	0.86704856	-2.011876e-17	0.23358487
1.3850270143742626e-09	7.901196e-10	4.2798143e-09	0.8674178	-2.0116859e-17	0.23353337
1.3875449946792212e-09	3.292165e-10	4.0822843e-09	0.86777997	-2.011495e-17	0.23346743
1.3900136107269468e-09	1.975299e-10	3.917676e-09	0.8681289	-2.0113069e-17	0.23338805
1.3925316032792598e-09	1.6460824e-10	3.1604783e-09	0.86847943	-2.011114e-17	0.23329474
1.3950002326104722e-09	4.609031e-10	3.9505976e-09	0.86881846	-2.0109232e-17	0.23318875
1.3975182183237533e-09	2.6337318e-10	4.4444226e-09	0.8691605	-2.0107272e-17	0.23306799
1.400036192903907e-09	6.58433e-10	3.9505976e-09	0.869499	-2.0105291e-17	0.2329348
1.4025048201463233e-09	5.2674637e-10	4.609031e-09	0.86982846	-2.0103328e-17	0.23279041
1.4050228021835418e-09	2.6337318e-10	4.7407176e-09	0.8701625	-2.0101298e-17	0.2326312
1.4075407936705239e-09	5.2674637e-10	4.6748743e-09	0.8704953	-2.0099238e-17	0.23245765
1.4100093996986953e-09	9.876494e-10	4.411501e-09	0.8708207	-2.0097187e-17	0.2322757
1.412527393817021e-09	5.925897e-10	4.872404e-09	0.87115264	-2.0095053e-17	0.23207572
1.4150453676402361e-09	6.58433e-10	4.938247e-09	0.87148494	-2.0092882e-17	0.23186207
1.417513989972823e-09	3.950598e-10	5.069934e-09	0.8718117	-2.009071e-17	0.23163708
1.4200319828934075e-09	-4.609031e-10	4.938247e-09	0.8721468	-2.0088435e-17	0.2313942
1.4225005973081479e-09	-3.950598e-10	4.411501e-09	0.87247753	-2.0086154e-17	0.23113936
1.4250185831641956e-09	6.255113e-10	4.609031e-09	0.87281775	-2.008377e-17	0.23086366
1.4275365879072412e-09	3.950598e-10	5.6625233e-09	0.8731617	-2.0081313e-17	0.23056938
1.4300051927611928e-09	-1.1193361e-09	5.5966805e-09	0.87350315	-2.007883e-17	0.2302635
1.4325231905884241e-09	-1.2510226e-09	4.3456576e-09	0.87385637	-2.0076216e-17	0.22993003
1.435041163234554e-09	-9.218062e-10	3.4238514e-09	0.8742153	-2.0073511e-17	0.22957593
1.4375097964099498e-09	-1.975299e-10	4.1481276e-09	0.8745738	-2.007076e-17	0.22920579
1.440027793977849e-09	-6.5843296e-11	4.8065605e-09	0.8749468	-2.006785e-17	0.22880381
1.4425457819682671e-09	-6.9135464e-10	5.3991505e-09	0.8753283	-2.0064814e-17	0.228374
1.4450144034891642e-09	-1.5143958e-09	5.069934e-09	0.87571144	-2.0061712e-17	0.22792469
1.4475323817376983e-09	-1.7119257e-09	4.7407176e-09	0.8761126	-2.0058397e-17	0.2274343
1.4500010148841966e-09	-1.5802392e-09	4.8065605e-09	0.8765173	-2.0054992e-17	0.22691879
1.4525190121511438e-09	-2.436202e-09	4.609031e-09	0.876943	-2.0051338e-17	0.2263551
1.455037006249954e-09	-2.2386721e-09	4.7407176e-09	0.877383	-2.0047485e-17	0.22574905
1.4575056399698434e-09	-2.6995752e-09	4.7407176e-09	0.87783	-2.004349e-17	0.22546634
1.460023635420413e-09	-3.555538e-09	4.609031e-09	0.87830347	-2.0039168e-17	0.2252935
1.462541633413316e-09	-3.6872247e-09	4.213971e-09	0.87879664	-2.0034568e-17	0.22508128
1.4650102487660256e-09	-3.2921648e-09	3.8847547e-09	0.8793013	-2.0029753e-17	0.22483225
1.4675282482840492e-09	-3.4238514e-09	3.1604783e-09	0.8798401	-2.0024492e-17	0.22452754
1.4700462549089165e-09	-3.4896948e-09	3.753068e-09	0.8804059	-2.0018835e-17	0.22416636
1.4725148740296622e-09	-3.1604783e-09	3.8847547e-09	0.8809899	-2.0012849e-17	0.22374956
1.475032878642945e-09	-2.9629483e-09	3.8189114e-09	0.8816191	-2.0006228e-17	0.22324938
1.4775015109851366e-09	-2.436202e-09	3.358008e-09	0.88227266	-1.9999158e-17	0.22267386
1.4800195177387808e-09	-2.633732e-09	3.9505976e-09	0.8829814	-1.9991275e-17	0.22198538
1.4825375281128512e-09	-2.897105e-09	3.753068e-09	0.88373816	-1.9982594e-17	0.22117662
1.4850061700749321e-09	-4.0493626e-09	3.8189114e-09	0.8845327	-1.9973189e-17	0.22024576
1.4875241656281751e-09	-4.5431876e-09	2.9629483e-09	0.8854044	-1.9962512e-17	0.22014126
1.4900421797355323e-09	-5.3991505e-09	2.5020452e-09	0.8863463	-1.9950554e-17	0.21994764
1.492510824308163e-09	-5.333307e-09	2.5020452e-09	0.88734806	-1.993733e-17	0.21960782
1.4950288321690813e-09	-5.234542e-09	2.3045155e-09	0.88846153	-1.9922015e-17	0.21906513
1.497546856249539e-09	-5.530837e-09	2.9629483e-09	0.889682	-1.9904442e-17	0.2182705
1.500015509710367e-09	-6.716016e-09	3.358008e-09	0.89099896	-1.9884527e-17	0.21717697
1.5025335345875476e-09	-7.5719795e-09	2.897105e-09	0.892485	-1.9860812e-17	0.21643576
1.5050022010713246e-09	-9.316826e-09	2.3045155e-09	0.8941051	-1.9833369e-17	0.21641299
1.5075202323129657e-09	-1.12921255e-08	5.925897e-10	0.89595115	-1.979993e-17	0.21594867
1.5100382715285971e-09	-1.218101e-08	-1.3827093e-09	0.89802396	-1.9759381e-17	0.21481945
1.5125069472685858e-09	-1.2938208e-08	-2.7654186e-09	0.9003089	-1.9710579e-17	0.21411313
1.5150250069485237e-09	-1.4946428e-08	-4.4773443e-09	0.9029272	-1.964853e-17	0.21421635
1.517543068679696e-09	-1.6724197e-08	-7.901195e-09	0.9058521	-1.9569757e-17	0.21302453
1.520011765591147e-09	-1.9423773e-08	-1.158842e-08	0.9089932	-1.9470354e-17	0.2131336
1.5225298578800109e-09	-2.2189191e-08	-1.8436124e-08	0.91235554	-1.9337842e-17	0.21261619
1.5250479553077266e-09	-2.3440213e-08	-2.8707678e-08	0.9155408	-1.9162125e-17	0.21210545
1.5275166959609301e-09	-2.2518408e-08	-3.990104e-08	0.91773856	-1.8933605e-17	0.21208195
1.5300348234566464e-09	-1.9720067e-08	-5.3991503e-08	0.9174585	-1.8629654e-17	0.2118207
1.532503602751032e-09	-1.1720107e-08	-6.979389e-08	0.91203964	-1.8265256e-17	0.2137504
1.5350217778704947e-09	3.736607e-09	-8.3752674e-08	0.8980007	-1.7879014e-17	0.22559267
1.5375399503714765e-09	2.5744729e-08	-9.850157e-08	0.87491345	-1.7630662e-17	0.2539255
1.5400087764185607e-09	5.5242527e-08	-1.1943975e-07	0.8470984	-1.7751271e-17	0.23655397
1.5425270011265446e-09	1.0192542e-07	-1.1805703e-07	0.81485367	-1.8200678e-17	0.20456198
1.5450453754265267e-09	1.3840261e-07	-7.153874e-08	0.7792637	-1.8678754e-17	0.19625528
1.5475146573412933e-09	1.4426267e-07	-8.625472e-09	0.74386114	-1.9043369e-17	0.19927286
1.5500332929486882e-09	1.2464136e-07	4.6090307e-08	0.71046704	-1.9305815e-17	0.20594846
1.552501940712408e-09	9.250983e-08	7.769509e-08	0.6826251	-1.9476151e-17	0.20917031
1.5550199400827166e-09	5.5176685e-08	8.809833e-08	0.66019756	-1.9582517e-17	0.21177876
1.5575379933321928e-09	2.2287956e-08	8.322593e-08	0.6437414	-1.9641475e-17	0.21177989
1.5600066503605743e-09	-1.7119257e-09	6.966221e-08	0.63315475	-1.9670517e-17	0.21033768
1.562524654508912e-09	-1.4798281e-08	5.2806325e-08	0.6272707	-1.9683926e-17	0.21115202
1.5650426930859828e-09	-2.0493726e-08	3.713562e-08	0.6253923	-1.968985e-17	0.21113494
1.5675113998715628e-09	-2.1810592e-08	2.4098647e-08	0.6268183	-1.9693764e-17	0.21116112
1.5700295161313397e-09	-1.9843524e-08	1.6460824e-08	0.63114154	-1.9699025e-17	0.21089962
1.572547651513328e-09	-1.7197447e-08	1.0008181e-08	0.6378553	-1.9707289e-17	0.21062611
1.5750164226650736e-09	-1.5942309e-08	5.135777e-09	0.6462611	-1.9719068e-17	0.21136776
1.5775345627628708e-09	-1.2740678e-08	2.5020452e-09	0.6562773	-1.9734997e-17	0.21093321
1.580003348398472e-09	-1.1423812e-08	1.3168659e-10	0.6672074	-1.9754307e-17	0.21113211
1.582521490379737e-09	-7.855928e-09	-2.1069855e-09	0.6792393	-1.9777409e-17	0.21170701
1.5850396328581627e-09	-5.5966805e-09	-3.555538e-09	0.6919387	-1.9803475e-17	0.21160457
1.58750839266628e-09	-3.851833e-09	-3.2921648e-09	0.70483565	-1.98314e-17	0.21112442
1.5900265120774036e-09	-2.5678886e-09	-2.7654186e-09	0.7182595	-1.9861753e-17	0.21142657
1.592544632238542e-09	-1.5967e-09	-2.255133e-09	0.7317846	-1.9893424e-17	0.2122348
1.5950133729462657e-09	-1.0205711e-09	-1.1851794e-09	0.74498785	-1.9925156e-17	0.21302988
1.5975314725982728e-09	-3.950598e-10	-7.2427625e-10	0.7582389	-1.9957564e-17	0.21385546
1.6000002032383564e-09	1.1851794e-09	-6.5843296e-11	0.7708552	-1.998868e-17	0.21482477
1.6025182916778685e-09	9.876494e-10	6.9135464e-10	0.78316	-2.0018977e-17	0.21599624
1.6050363507503175e-09	1.2510226e-09	1.5802392e-09	0.79470086	-2.004701e-17	0.21733293
1.6075050487636913e-09	1.5143958e-09	2.5267366e-09	0.8050852	-2.0071576e-17	0.21854368
1.6100231051292683e-09	1.9094557e-09	2.6110982e-09	0.81455994	-2.0093125e-17	0.22011259
1.6125411421037703e-09	3.1934e-09	3.1645935e-09	0.8227916	-2.0110903e-17	0.22282119
1.6150097985542646e-09	3.456773e-09	3.835372e-09	0.8296222	-2.0124795e-17	0.22411674
1.6175278162482974e-09	4.115206e-09	5.316846e-09	0.8353802	-2.0135712e-17	0.22559215
1.6200458072716107e-09	4.3456576e-09	6.4361823e-09	0.8400457	-2.0143822e-17	0.22645362
1.6225144083819086e-09	3.753068e-09	7.604901e-09	0.84372437	-2.0149488e-17	0.22784553
1.6250323809261097e-09	2.6831144e-09	7.506136e-09	0.8467402	-2.0153359e-17	0.22802727
1.627500972933342e-09	1.5143958e-09	7.012311e-09	0.8491328	-2.0155645e-17	0.22829632
1.6300189296068308e-09	5.925897e-10	6.748938e-09	0.8511334	-2.0156767e-17	0.2294056
1.6325368806656823e-09	-6.5843296e-11	6.1563483e-09	0.8527974	-2.0156959e-17	0.23004456
1.6350054810205538e-09	4.938247e-10	5.3991505e-09	0.8541813	-2.0156486e-17	0.23043163
1.63752344001388e-09	7.2427625e-10	5.3991505e-09	0.8554005	-2.0155521e-17	0.23063563
1.6400413931689904e-09	3.292165e-10	5.3991505e-09	0.85647	-2.0154213e-17	0.23069505
1.6425099978941143e-09	1.3168659e-10	5.530837e-09	0.8574049	-2.0152704e-17	0.23065336
1.645027961828459e-09	9.876495e-11	4.3456576e-09	0.8582665	-2.0151003e-17	0.2310363
1.6475459275181925e-09	3.6213813e-10	4.5431876e-09	0.85905296	-2.0149198e-17	0.2315384
1.6500145285434146e-09	6.255113e-10	4.4444226e-09	0.8597643	-2.0147364e-17	0.23194169
1.652532508265807e-09	2.6337318e-10	4.7736393e-09	0.86043864	-2.0145451e-17	0.2322757
1.6550011049031095e-09	6.9135464e-10	4.510266e-09	0.86105764	-2.0143557e-17	0.23254225
1.6575190875481731e-09	2.6337318e-10	4.4773443e-09	0.8616519	-2.0141613e-17	0.23279352
1.6600370624647911e-09	-3.950598e-10	4.2798143e-09	0.8622137	-2.0139667e-17	0.2330218
1.6625056738026757e-09	-3.6213813e-10	3.8189114e-09	0.8627369	-2.0137762e-17	0.23320396
1.6650236557168516e-09	6.58433e-10	3.2921648e-09	0.86324567	-2.0135826e-17	0.23335248
1.6675416255625005e-09	1.3827093e-09	3.917676e-09	0.86373246	-2.0133895e-17	0.23346768
1.6700102390466025e-09	7.901196e-10	4.213971e-09	0.8641905	-2.0132014e-17	0.2335519
1.672528216547615e-09	1.1522577e-09	4.213971e-09	0.8646404	-2.0130097e-17	0.23361139
1.6750461903558886e-09	9.218062e-10	4.5431876e-09	0.86507446	-2.0128191e-17	0.23364693
1.6775148059789264e-09	1.679004e-09	4.510266e-09	0.86548644	-2.0126323e-17	0.23365979
1.6800327891128563e-09	1.3827093e-09	5.0040905e-09	0.865894	-2.0124427e-17	0.23365362
1.6825014074606167e-09	2.9629485e-10	5.135777e-09	0.8662825	-2.0122566e-17	0.23363844
1.6850193822382095e-09	-7.901196e-10	4.839482e-09	0.866669	-2.012067e-17	0.23361988
1.6875373676040542e-09	-1.6460824e-10	4.115206e-09	0.86704624	-2.0118773e-17	0.23358461
1.690005992549772e-09	2.3045155e-10	3.753068e-09	0.8674084	-2.0116905e-17	0.2335349
1.6925239713009965e-09	3.950598e-10	4.016441e-09	0.8677707	-2.0114998e-17	0.23346896
1.695041959037334e-09	-2.6337318e-10	3.753068e-09	0.8681266	-2.011308e-17	0.23338883
1.6975105682283083e-09	0	3.2592433e-09	0.8684704	-2.0111191e-17	0.23329732
1.7000285380664737e-09	-5.2674637e-10	4.115206e-09	0.8688163	-2.0109245e-17	0.23319004
1.7025465264120352e-09	-6.255113e-10	3.3250864e-09	0.86915827	-2.0107287e-17	0.23306878
1.7050151452118694e-09	-4.609031e-10	3.7859897e-09	0.8694903	-2.0105346e-17	0.23293816
1.7075331189937458e-09	-3.292165e-10	3.358008e-09	0.8698264	-2.0103341e-17	0.23279145
1.7100017396157004e-09	0	3.2921648e-09	0.8701539	-2.0101352e-17	0.2326356
1.7125197189697445e-09	8.230412e-10	2.9629483e-09	0.87048674	-2.009929e-17	0.23246309
1.7150377199059478e-09	1.1851794e-09	3.0287917e-09	0.8708187	-2.0097197e-17	0.23227726
1.7175063212790129e-09	1.6460824e-09	4.213971e-09	0.87114406	-2.009511e-17	0.23208064
1.720024296747741e-09	1.975299e-10	4.4773443e-09	0.8714763	-2.0092938e-17	0.23186804
1.7225422910348846e-09	0	3.6872247e-09	0.87180966	-2.0090722e-17	0.2316389
1.7250109062137875e-09	-5.2674637e-10	3.4896948e-09	0.8721381	-2.0088495e-17	0.23140018
1.7275289085017625e-09	-1.3168659e-10	3.2263217e-09	0.8724754	-2.0086172e-17	0.23114145
1.7300468938523427e-09	1.3168659e-10	3.358008e-09	0.8728156	-2.0083783e-17	0.23086548
1.7325155047713585e-09	-6.5843296e-11	3.8189114e-09	0.87315273	-2.0081376e-17	0.23057722
1.7350334937160375e-09	-1.975299e-10	3.4896948e-09	0.8735009	-2.0078843e-17	0.23026481
1.7375021026695663e-09	-3.2921648e-11	3.6872247e-09	0.87384707	-2.0076286e-17	0.22993918
1.7400200986750407e-09	-3.292165e-10	3.8847547e-09	0.874206	-2.007358e-17	0.2295851
1.7425380883329995e-09	-2.6337318e-10	4.016441e-09	0.8745715	-2.0070778e-17	0.22920762
1.7450067096493736e-09	-1.3168659e-10	4.213971e-09	0.874937	-2.0067926e-17	0.22881405
1.7475247125169481e-09	-9.218062e-10	3.9505976e-09	0.8753183	-2.0064894e-17	0.22838533
1.7500426882128644e-09	-4.2798143e-10	4.2798143e-09	0.87570894	-2.006173e-17	0.22792837
1.7525113137015737e-09	-1.3168659e-10	3.9505976e-09	0.8761021	-2.0058485e-17	0.22744699
1.755029313715294e-09	-1.3168659e-10	3.8847547e-09	0.87651473	-2.0055015e-17	0.22692169
1.757547307196861e-09	-1.975299e-10	4.411501e-09	0.8769403	-2.0051361e-17	0.2263591
1.7600159300548546e-09	-5.2674637e-10	4.4773443e-09	0.8773715	-2.0047587e-17	0.22576527
1.7625339261783514e-09	-4.938247e-10	5.2016205e-09	0.87782705	-2.0043518e-17	0.22546713
1.7650025444996054e-09	-1.975299e-10	4.7407176e-09	0.878291	-2.0039286e-17	0.22529803
1.767520538640449e-09	-4.609031e-10	4.872404e-09	0.8787836	-2.003469e-17	0.2250877
1.7700385315622998e-09	-7.901196e-10	5.135777e-09	0.8792979	-2.0029783e-17	0.22483385
1.7725071575987752e-09	-1.4814742e-09	4.872404e-09	0.8798258	-2.0024636e-17	0.22453609
1.7750251582315633e-09	-1.5473175e-09	5.069934e-09	0.8803908	-2.0018987e-17	0.22417709
1.7775431660879249e-09	-1.9752988e-09	4.8065605e-09	0.88098615	-2.0012889e-17	0.22375253
1.7800117984962002e-09	-2.1069855e-09	5.464994e-09	0.88160247	-2.0006405e-17	0.22326311
1.7825297984598095e-09	-2.6995752e-09	5.79421e-09	0.8822685	-1.9999207e-17	0.22267765
1.785047808744078e-09	-3.1604783e-09	4.609031e-09	0.8829769	-1.9991328e-17	0.22198999
1.7875164244387356e-09	-2.8312617e-09	4.3456576e-09	0.88371795	-1.9982829e-17	0.2211989
1.7900344322264583e-09	-3.2263217e-09	3.8189114e-09	0.8845275	-1.997325e-17	0.22025259
1.792503071684816e-09	-3.2921648e-09	4.4773443e-09	0.885381	-1.9962805e-17	0.22014453
1.7950210824474663e-09	-3.851833e-09	4.7407176e-09	0.88632095	-1.995088e-17	0.21995448
1.7975391014544378e-09	-4.5431876e-09	5.464994e-09	0.8873413	-1.9937423e-17	0.21961054
1.800007747997585e-09	-5.333307e-09	4.872404e-09	0.88843143	-1.9922435e-17	0.21908158
1.8025257626527288e-09	-6.2551133e-09	4.213971e-09	0.8896489	-1.9904928e-17	0.21829501
1.8050437753702801e-09	-6.814781e-09	4.609031e-09	0.89099014	-1.9884664e-17	0.21718471
1.8075124260806532e-09	-7.5719795e-09	4.1481276e-09	0.8924446	-1.9861475e-17	0.21643409
1.8100304599123937e-09	-8.823002e-09	3.9505976e-09	0.89409417	-1.983356e-17	0.21641468
1.8125484987328803e-09	-1.0666614e-08	3.2263217e-09	0.8959389	-1.9800158e-17	0.21595368
1.8150171564067137e-09	-1.2049323e-08	2.6995752e-09	0.8979673	-1.9760536e-17	0.21485886
1.8175352051431878e-09	-1.4485526e-08	1.5802392e-09	0.90029347	-1.9710925e-17	0.21410891
1.8200038934013155e-09	-1.7415552e-08	-5.925897e-10	0.90285563	-1.965032e-17	0.21422784
1.8225219624606215e-09	-2.0082206e-08	-3.6213814e-09	0.9057727	-1.9572048e-17	0.21307555
1.8250400356810945e-09	-2.3736508e-08	-8.164569e-09	0.9089725	-1.9471072e-17	0.2131305
1.827508751269035e-09	-2.7226204e-08	-1.3300346e-08	0.91226864	-1.9341751e-17	0.21265657
1.8300268466351254e-09	-3.1802312e-08	-2.1991662e-08	0.91546583	-1.9167335e-17	0.2120845
1.8325449691011371e-09	-3.4600653e-08	-3.4633576e-08	0.9177301	-1.8935268e-17	0.21208507
1.8350137205177901e-09	-3.5094477e-08	-4.9909218e-08	0.91751814	-1.8638459e-17	0.21181674
1.83753186593181e-09	-3.11768e-08	-6.847703e-08	0.9120974	-1.8267718e-17	0.21370628
1.8400006565076853e-09	-1.9209782e-08	-8.74399e-08	0.8984879	-1.7888217e-17	0.22497068
1.842518842246227e-09	1.4814742e-10	-1.07719636e-07	0.875594	-1.7633224e-17	0.25302562
1.8450370406710959e-09	2.6073947e-08	-1.3813924e-07	0.84728736	-1.77492e-17	0.23680334
1.8475058829324332e-09	7.4007865e-08	-1.495795e-07	0.8157379	-1.8187599e-17	0.20520943
1.8500242277436095e-09	1.2391709e-07	-1.12065294e-07	0.78020597	-1.8667579e-17	0.1963109
1.852542884030628e-09	1.4809804e-07	-4.635368e-08	0.7440821	-1.9041393e-17	0.19918159
1.8550121803609533e-09	1.4324209e-07	1.5012272e-08	0.7112743	-1.9300248e-17	0.20567809
1.8575302066623066e-09	1.174809e-07	5.7151983e-08	0.6827847	-1.9475296e-17	0.20919615
1.8600481859080767e-09	8.2369965e-08	7.8748585e-08	0.66031927	-1.9582017e-17	0.21176599
1.8625168789582637e-09	4.6057387e-08	8.177737e-08	0.6440934	-1.9640391e-17	0.21175861
1.8650349004528305e-09	1.6625432e-08	7.479799e-08	0.6332061	-1.9670391e-17	0.21032512
1.8675035468354617e-09	-2.1069855e-09	6.110258e-08	0.62736887	-1.9683704e-17	0.21114974
1.870021577661287e-09	-1.2740678e-08	4.635368e-08	0.6253965	-1.9689739e-17	0.21113524
1.8725396611317208e-09	-1.676535e-08	3.318502e-08	0.62679994	-1.969374e-17	0.21116112
1.8750084024437314e-09	-1.7292097e-08	2.475708e-08	0.6309973	-1.9698853e-17	0.21091557
1.877526531967297e-09	-1.5835314e-08	1.738263e-08	0.6376559	-1.9707029e-17	0.21058162
1.8800446786938146e-09	-1.4127503e-08	1.1456733e-08	0.6462026	-1.971898e-17	0.21137089
1.8825134276324905e-09	-1.3394995e-08	8.032882e-09	0.6560026	-1.973454e-17	0.21087769
1.8850315855831106e-09	-1.2061669e-08	4.3456576e-09	0.6671346	-1.9754176e-17	0.21114463
1.887500357525255e-09	-1.0456739e-08	9.218062e-10	0.6789186	-1.977677e-17	0.21170275
1.89001848944374e-09	-8.123417e-09	-2.6337318e-10	0.69160354	-1.980277e-17	0.21155292
1.892536620606079e-09	-5.9999703e-09	-2.6337318e-10	0.7047522	-1.9831217e-17	0.21110168
1.895005380438339e-09	-4.691335e-09	-2.6337318e-10	0.7179102	-1.986095e-17	0.2115092
1.8975234964272363e-09	-4.5431876e-09	-1.3168659e-10	0.7314349	-1.9892592e-17	0.21229026
1.900041608459448e-09	-3.6213814e-09	-6.5843296e-11	0.744904	-1.9924955e-17	0.21303636
1.9025103415656355e-09	-2.8394922e-09	-7.901196e-10	0.75790024	-1.995673e-17	0.21385883
1.905028442879131e-09	-1.4156308e-09	-1.6460824e-10	0.77077603	-1.9988487e-17	0.21481973
1.9075465242324564e-09	0	1.3168659e-10	0.7830851	-2.0018792e-17	0.21598427
1.9100152292111295e-09	-2.3045155e-10	4.609031e-10	0.7944136	-2.0046318e-17	0.21724638
1.9125333031416246e-09	1.7448474e-09	1.4897046e-09	0.8050222	-2.007143e-17	0.21851371
1.9150019800492464e-09	3.2263217e-09	1.89711e-09	0.81433016	-2.0092614e-17	0.22014835
1.917520021472306e-09	4.411501e-09	3.555538e-09	0.8225947	-2.0110494e-17	0.22279611
1.9200380413100534e-09	5.168699e-09	4.8065605e-09	0.8295823	-2.0124717e-17	0.22409637
1.9225066741334873e-09	5.1028555e-09	5.99174e-09	0.8352456	-2.0135465e-17	0.22559108
1.9250246700546873e-09	5.4979155e-09	6.3868e-09	0.8399373	-2.0143641e-17	0.22639866
1.9275426396338385e-09	5.037012e-09	6.847703e-09	0.84370327	-2.0149458e-17	0.22784157
1.9300112418885863e-09	4.7407176e-09	7.637823e-09	0.8466702	-2.0153285e-17	0.22803308
1.932529207585092e-09	3.8847547e-09	7.835352e-09	0.84911895	-2.0155635e-17	0.22828685
1.9350471610411735e-09	2.8312617e-09	7.473214e-09	0.851122	-2.0156764e-17	0.2294001
1.9375157499714623e-09	2.534967e-09	7.703666e-09	0.8527579	-2.0156962e-17	0.23003253
1.940033706362781e-09	2.4691236e-09	7.967039e-09	0.8541731	-2.0156489e-17	0.2304298
1.9425022929740327e-09	1.497935e-09	7.637823e-09	0.8553712	-2.015555e-17	0.23063277
1.945020254158047e-09	1.5802392e-09	7.209841e-09	0.8564439	-2.015425e-17	0.23069455
1.9475382324440204e-09	1.1522577e-09	7.045233e-09	0.8573992	-2.0152712e-17	0.23065387
1.950006819352027e-09	6.58433e-10	6.748938e-09	0.8582452	-2.015105e-17	0.23102172
1.9525247988054727e-09	-6.255113e-10	6.814781e-09	0.8590334	-2.0149246e-17	0.23152645
1.955042769859001e-09	-3.7859896e-10	5.9258967e-09	0.85975987	-2.0147378e-17	0.23193859
1.9575113673136e-09	-6.5843296e-11	4.4773443e-09	0.8604219	-2.01455e-17	0.2322682
1.9600293398689645e-09	3.6213813e-10	4.7407176e-09	0.86105376	-2.0143568e-17	0.23254122
1.9625473143181308e-09	8.230412e-10	4.213971e-09	0.86164826	-2.0141625e-17	0.23279145
1.965015914157633e-09	1.5473175e-09	4.411501e-09	0.8621994	-2.0139717e-17	0.23301613
1.96753388526596e-09	1.316866e-09	5.037012e-09	0.86273354	-2.0137775e-17	0.23320243
1.9700024944250918e-09	8.888845e-10	4.7407176e-09	0.86323285	-2.0135876e-17	0.23334886
1.9725204708490988e-09	4.938247e-10	4.2798143e-09	0.8637201	-2.0133943e-17	0.23346484
1.9750384604339083e-09	1.0864144e-09	3.6213814e-09	0.8641877	-2.0132023e-17	0.2335514
1.977507068692348e-09	1.218101e-09	3.4896948e-09	0.864629	-2.0130147e-17	0.23361062
1.980025053301496e-09	1.4485525e-09	4.4773443e-09	0.8650634	-2.0128237e-17	0.2336464
1.9825430318841223e-09	1.2839443e-09	4.4773443e-09	0.8654838	-2.0126338e-17	0.23366031
1.985011650648773e-09	1.316866e-09	4.6419526e-09	0.86588365	-2.0124474e-17	0.23365387
1.98752964284222e-09	5.925897e-10	3.8189114e-09	0.8662802	-2.012258e-17	0.23363817
1.9900476157022304e-09	8.888845e-10	3.456773e-09	0.8666666	-2.0120684e-17	0.23361963
1.992516225505351e-09	1.4485525e-09	3.851833e-09	0.8670366	-2.0118824e-17	0.23358564
1.9950342128827482e-09	1.9094557e-09	4.3456576e-09	0.8674061	-2.011692e-17	0.23353516
1.9975028223104382e-09	1.876534e-09	4.4773443e-09	0.8677613	-2.0115046e-17	0.23347153
2e-09	2.1728288e-09	4.7407176e-09	0.86811465	-2.0113146e-17	0.2333914
