# t (s)	mx ()	my ()	mz ()	E_total (J)	MaxAngle (rad)
0	1.358018e-09	8.888845e-10	0.9795362	-2.0725773e-17	0.2662729
2.515931561178111e-12	1.316866e-09	1.3333268e-09	0.9714188	-2.068995e-17	0.24263081
5.043686684102994e-12	4.4444226e-10	2.897105e-09	0.96372753	-2.0613561e-17	0.23263793
7.518383930275295e-12	-1.5143958e-09	3.7859897e-09	0.95768917	-2.0504012e-17	0.2279922
1.0041403911085449e-11	-4.839482e-09	3.753068e-09	0.9539682	-2.0364264e-17	0.22751756
1.2513552934009526e-11	-7.736587e-09	2.8312617e-09	0.9529471	-2.0205612e-17	0.22621484
1.5034250935863773e-11	-1.0864144e-08	2.1399071e-10	0.9542414	-2.0018586e-17	0.22425485
1.7504908771174957e-11	-1.3958779e-08	-4.872404e-09	0.95693773	-1.9796993e-17	0.22165702
2.002458804441711e-11	-1.5407332e-08	-1.3827092e-08	0.959135	-1.9508256e-17	0.21563885
2.2543980661585465e-11	-1.2082245e-08	-2.5415513e-08	0.9560892	-1.9146333e-17	0.20921366
2.5013788854220948e-11	-1.6625432e-09	-3.5028634e-08	0.9397108	-1.8830067e-17	0.21076006
2.7532822602354788e-11	1.5473175e-08	-3.674056e-08	0.90427566	-1.8773668e-17	0.23371565
3.0002300984607187e-11	2.9300267e-08	-2.6600691e-08	0.86427844	-1.9017223e-17	0.25614664
3.25210424924342e-11	3.7794052e-08	-1.218101e-08	0.8306639	-1.9375703e-17	0.21419588
3.503982229931526e-11	3.976935e-08	4.627549e-09	0.8021858	-1.9646908e-17	0.20074618
3.750923664386517e-11	3.6312578e-08	1.837028e-08	0.7788907	-1.9807594e-17	0.20257482
4.0027537533760885e-11	2.6987522e-08	2.8674757e-08	0.7602505	-1.989903e-17	0.2068048
4.2545576315738914e-11	1.5448483e-08	3.0880507e-08	0.7468528	-1.9945814e-17	0.21026202
4.5014409889961276e-11	4.7160262e-09	2.7851714e-08	0.73837566	-1.9966735e-17	0.21230215
4.753264295287474e-11	-2.6501927e-09	2.1662444e-08	0.733841	-1.9975075e-17	0.21132344
5.000145036143387e-11	-6.3538783e-09	1.6724197e-08	0.73293346	-1.9978112e-17	0.21140128
5.251958877706825e-11	-7.687205e-09	1.2510227e-08	0.7348411	-1.9980448e-17	0.21129957
5.503773679277867e-11	-6.765399e-09	8.691315e-09	0.73892784	-1.9984399e-17	0.21227159
5.7506546349974023e-11	-6.3868e-09	7.1769195e-09	0.74467826	-1.9990932e-17	0.2124062
6.002473513833721e-11	-4.971169e-09	5.9588183e-09	0.75199884	-2.0000623e-17	0.2127506
6.254294955609396e-11	-4.329197e-09	4.5431876e-09	0.7603915	-2.0013238e-17	0.21300986
6.50117695390981e-11	-3.917676e-09	3.555538e-09	0.7692775	-2.002798e-17	0.21417232
6.752995703779267e-11	-3.6213814e-09	2.5843494e-09	0.77869624	-2.0044753e-17	0.21438618
7.004816738855664e-11	-2.633732e-09	1.4897046e-09	0.7882135	-2.0062487e-17	0.21518767
7.251697904034425e-11	-1.0864144e-09	1.8065754e-09	0.7974032	-2.0079953e-17	0.21710116
7.503516639947171e-11	2.9629485e-10	2.409453e-09	0.80639195	-2.0097015e-17	0.21840066
7.750398001819415e-11	9.876494e-10	2.8086282e-09	0.8146089	-2.0112301e-17	0.21887442
8.002216024078168e-11	1.4156308e-09	2.897105e-09	0.8222062	-2.012592e-17	0.22158408
8.254032123992886e-11	3.3909298e-09	3.2427825e-09	0.82890666	-2.0137287e-17	0.22260882
8.500910773584104e-11	3.917676e-09	3.4238514e-09	0.83457917	-2.0146214e-17	0.2242224
8.752724103173518e-11	3.3909298e-09	4.609031e-09	0.8394917	-2.0153197e-17	0.22477528
9.004537923941754e-11	3.753068e-09	5.366229e-09	0.8436117	-2.0158258e-17	0.22639918
9.251412443380969e-11	4.1810493e-09	5.135777e-09	0.8469923	-2.0161593e-17	0.226624
9.503225356766405e-11	4.4773443e-09	5.3003855e-09	0.8498881	-2.0163576e-17	0.22707477
9.750096827290656e-11	3.851833e-09	6.551408e-09	0.8522924	-2.0164356e-17	0.22820756
1.0001908322855384e-10	3.4238514e-09	6.5184866e-09	0.8543964	-2.0164185e-17	0.22881405
1.0253718979482887e-10	1.8106907e-09	6.551408e-09	0.85622585	-2.0163239e-17	0.22903915
1.0500592858869142e-10	1.8271515e-09	5.9258967e-09	0.8578118	-2.0161727e-17	0.22896142
1.0752402656610035e-10	1.1687186e-09	5.7612883e-09	0.8592636	-2.0159728e-17	0.22943313
1.1004212555366938e-10	8.5596286e-10	5.79421e-09	0.86058354	-2.0157364e-17	0.23010859
1.1251084064998949e-10	1.3827093e-09	5.99174e-09	0.86177593	-2.0154767e-17	0.23061867
1.1502894579784722e-10	1.1851794e-09	5.3991505e-09	0.862909	-2.0151888e-17	0.23102771
1.1754704856659595e-10	1.777769e-09	5.4979155e-09	0.8639745	-2.0148824e-17	0.23128812
1.2001578057285676e-10	1.8436124e-09	5.9258967e-09	0.86496586	-2.014566e-17	0.23141551
1.2253387546206574e-10	1.3497876e-09	5.8600533e-09	0.8659329	-2.0142286e-17	0.2314363
1.2500259706535495e-10	8.230412e-10	5.99174e-09	0.8668459	-2.013884e-17	0.23140797
1.2752071183759882e-10	-2.3045155e-10	5.069934e-09	0.8677483	-2.013519e-17	0.23128578
1.3003879510870816e-10	3.2921648e-11	5.267464e-09	0.8686276	-2.0131402e-17	0.23107143
1.3250754825153264e-10	3.6213813e-10	4.7407176e-09	0.8694722	-2.0127544e-17	0.23078054
1.3502565340453169e-10	-9.876495e-11	5.135777e-09	0.87032074	-2.0123455e-17	0.23040189
1.3754376263002934e-10	-1.975299e-10	5.0040905e-09	0.8711604	-2.0119191e-17	0.22993736
1.4001248724456477e-10	1.975299e-10	5.135777e-09	0.871979	-2.0114834e-17	0.22940455
1.425306026417767e-10	-3.2921648e-11	5.5966805e-09	0.87281334	-2.0110178e-17	0.22877647
1.4504871453882152e-10	-5.5966803e-10	5.069934e-09	0.8736507	-2.0105291e-17	0.22805758
1.4751743985961592e-10	-3.6213813e-10	5.267464e-09	0.8744784	-2.0100244e-17	0.22726375
1.5003555172602837e-10	-2.6337318e-10	5.9258967e-09	0.8753336	-2.0094798e-17	0.22635405
1.5250428480237084e-10	6.5843296e-11	5.8600533e-09	0.8761868	-2.0089137e-17	0.22535725
1.550224030933411e-10	-9.876494e-10	5.9258967e-09	0.8770764	-2.0082976e-17	0.22423393
1.5754051869181998e-10	-1.5143958e-09	6.650173e-09	0.8779903	-2.0076372e-17	0.22399227
1.6000924731541447e-10	-1.7119257e-09	5.8600533e-09	0.878915	-2.0069405e-17	0.22363779
1.6252736868952293e-10	-3.2263217e-09	5.99174e-09	0.8798934	-2.0061716e-17	0.2231414
1.6504548359543311e-10	-2.9300267e-09	5.9258967e-09	0.88091373	-2.0053345e-17	0.2224927
1.6751422170852398e-10	-3.7859897e-09	5.6625233e-09	0.881962	-2.0044363e-17	0.22168332
1.7003234436403556e-10	-3.753068e-09	5.464994e-09	0.8830889	-2.0034263e-17	0.220656
1.7250108946123958e-10	-3.8189114e-09	5.6625233e-09	0.8842594	-2.0023278e-17	0.21941264
1.7501919588096815e-10	-4.938247e-09	5.8600533e-09	0.88553214	-2.0010755e-17	0.21924143
1.7753733625447413e-10	-5.464994e-09	5.135777e-09	0.8868983	-1.9996613e-17	0.21895374
1.8000608343611666e-10	-5.9588183e-09	4.6748743e-09	0.88834405	-1.9980854e-17	0.2183748
1.825242103537244e-10	-6.18927e-09	4.312736e-09	0.8899465	-1.9962384e-17	0.21739843
1.8504234763153172e-10	-6.3868e-09	3.6213814e-09	0.89170176	-1.9940919e-17	0.21592002
1.8751110842560529e-10	-6.8806245e-09	4.411501e-09	0.89359796	-1.9916208e-17	0.21597315
1.900292333477157e-10	-8.493785e-09	4.2468926e-09	0.89574456	-1.9886234e-17	0.21566446
1.9254737838678585e-10	-1.0765379e-08	3.753068e-09	0.89814526	-1.9850032e-17	0.21452482
1.9501615377675368e-10	-1.2641913e-08	1.8436124e-09	0.9007896	-1.9806611e-17	0.21397059
1.9753430562070577e-10	-1.4748899e-08	-2.8806443e-11	0.9038318	-1.9751546e-17	0.21397199
2.0000308762716716e-10	-1.7481396e-08	-1.4362069e-09	0.90719384	-1.9683304e-17	0.21245739
2.0252125240730584e-10	-2.0806482e-08	-5.333307e-09	0.9110285	-1.9593775e-17	0.21331894
2.0503942009122329e-10	-2.436202e-08	-1.0403241e-08	0.91521645	-1.9476373e-17	0.21225348
2.0750821466963787e-10	-2.795048e-08	-1.8041064e-08	0.9194375	-1.9323593e-17	0.21268424
2.100264149495869e-10	-3.078174e-08	-2.9102738e-08	0.9232312	-1.9114733e-17	0.21189243
2.125446163877165e-10	-3.0880507e-08	-4.3851635e-08	0.925045	-1.883589e-17	0.21142685
2.1501345099791687e-10	-2.6518387e-08	-6.2156076e-08	0.9220728	-1.849023e-17	0.21017033
2.1753168677995654e-10	-1.25843e-08	-8.019713e-08	0.90980095	-1.8111209e-17	0.21702339
2.2000055907132697e-10	1.1621342e-08	-9.2575675e-08	0.8862212	-1.7857666e-17	0.24103719
2.2251880005170132e-10	4.0164412e-08	-1.0627108e-07	0.8552887	-1.795572e-17	0.24726148
2.2503705256897123e-10	7.86169e-08	-1.0725873e-07	0.822139	-1.8395211e-17	0.20963998
2.2750602364773152e-10	1.1120933e-07	-7.143998e-08	0.7880123	-1.8848538e-17	0.19732983
2.3002465526021484e-10	1.2088829e-07	-1.6065764e-08	0.75371295	-1.9195002e-17	0.20022748
2.3254339947075855e-10	1.066003e-07	3.1341408e-08	0.7226543	-1.9429313e-17	0.2060184
2.3501212918431733e-10	7.999961e-08	6.031246e-08	0.69719505	-1.9576491e-17	0.20952022
2.375301708334307e-10	4.9909218e-08	7.091323e-08	0.67706615	-1.9665784e-17	0.21179406
2.400483232314181e-10	2.4098647e-08	6.6765104e-08	0.66263324	-1.9713782e-17	0.21175267
2.4251710230262346e-10	4.213971e-09	5.5835116e-08	0.65370375	-1.9736604e-17	0.21076518
2.450352339798578e-10	-8.427942e-09	4.3193204e-08	0.6492063	-1.9746828e-17	0.21076773
2.475040019552734e-10	-1.2526687e-08	3.2131528e-08	0.6484092	-1.9751495e-17	0.21090075
2.500221830588784e-10	-1.4205692e-08	2.3308527e-08	0.6506619	-1.9755457e-17	0.21059017
2.5254039105089923e-10	-1.3218042e-08	1.6065764e-08	0.6555782	-1.9761284e-17	0.21078427
2.5500924343473515e-10	-1.2312697e-08	1.1720107e-08	0.66252947	-1.9770144e-17	0.21146406
2.5752749940738813e-10	-1.1522577e-08	7.637823e-09	0.6713134	-1.9782941e-17	0.21068026
2.600457294333388e-10	-1.02221716e-08	5.0040905e-09	0.68140453	-1.9799567e-17	0.21152568
2.625145753461173e-10	-8.477325e-09	2.3703588e-09	0.69227654	-1.9819348e-17	0.21164174
2.6503282007850654e-10	-7.242763e-09	1.1193361e-09	0.7041295	-1.9842653e-17	0.21102257
2.675016728762633e-10	-5.6460627e-09	-2.3045155e-10	0.7162897	-1.9868064e-17	0.2116409
2.700198979053195e-10	-4.609031e-09	-1.0534927e-09	0.72903794	-1.989603e-17	0.21237199
2.7253812773313104e-10	-3.1769392e-09	-9.876494e-10	0.74193937	-1.9925444e-17	0.21292809
2.750069635467584e-10	-2.2057505e-09	-1.5473175e-09	0.7545578	-1.9955036e-17	0.21345657
2.775251763709022e-10	-3.950598e-10	-7.901196e-10	0.7672206	-1.9985286e-17	0.21408929
2.8004336582547677e-10	1.0205711e-09	7.571979e-10	0.77948976	-2.0014821e-17	0.21485272
2.8251217186675483e-10	1.7119257e-09	2.0411421e-09	0.7909482	-2.0042288e-17	0.21560346
2.8503035560544945e-10	1.1851794e-09	2.6666536e-09	0.8018576	-2.0067986e-17	0.21727598
2.8754854661338015e-10	1.4814742e-09	3.0473102e-09	0.81179476	-2.0090672e-17	0.21962695
2.900173293535964e-10	2.9300267e-09	2.9259115e-09	0.8204499	-2.0109555e-17	0.22155859
2.92535481968918e-10	4.0822843e-09	3.6213814e-09	0.8280901	-2.0125281e-17	0.22231488
2.950042401486536e-10	5.2016205e-09	4.3456576e-09	0.8344199	-2.0137404e-17	0.22451761
2.9752239370349757e-10	4.510266e-09	5.6625233e-09	0.83977664	-2.0146778e-17	0.22506367
3.000405257752664e-10	4.3456576e-09	6.271574e-09	0.8441642	-2.0153543e-17	0.22668818
3.0250926400521926e-10	4.2798143e-09	6.1234267e-09	0.8476862	-2.0158036e-17	0.22671495
3.0502737652814155e-10	3.654303e-09	7.209841e-09	0.8506451	-2.0160812e-17	0.22755297
3.0754547468241615e-10	3.0781742e-09	7.835352e-09	0.8531077	-2.0162099e-17	0.22852401
3.1001420975560544e-10	1.679004e-09	7.967039e-09	0.85515374	-2.0162216e-17	0.22899215
3.125323151061836e-10	1.1028752e-09	7.242763e-09	0.8569549	-2.0161442e-17	0.22906566
3.1500103351944633e-10	1.975299e-10	6.4197216e-09	0.85850686	-2.0160013e-17	0.22898689
3.1751911572539345e-10	7.571979e-10	5.79421e-09	0.8599229	-2.0158039e-17	0.22980735
3.200371997244522e-10	9.876494e-10	5.79421e-09	0.8612084	-2.0155668e-17	0.23037682
3.22505920627231e-10	8.888845e-10	5.79421e-09	0.86236984	-2.0153046e-17	0.23085819
3.250239940623543e-10	2.6337318e-10	5.99174e-09	0.8634747	-2.0150131e-17	0.23118645
3.2754207209338274e-10	2.9629485e-10	5.333307e-09	0.8645157	-2.014702e-17	0.23137262
3.3001079515392953e-10	4.9382474e-11	5.0040905e-09	0.86548626	-2.0143802e-17	0.23143761
3.3252888036241105e-10	1.1357969e-09	4.609031e-09	0.8664355	-2.014037e-17	0.23143214
3.3504698068687334e-10	9.218062e-10	4.872404e-09	0.86735165	-2.0136794e-17	0.23135182
3.3751567745418114e-10	1.777769e-09	5.464994e-09	0.8682241	-2.0133146e-17	0.23118177
3.400337660083311e-10	1.5802392e-09	4.872404e-09	0.8690937	-2.0129285e-17	0.23092122
3.425024817093372e-10	1.0534927e-09	5.5966805e-09	0.8699312	-2.012535e-17	0.23058686
3.45020571840278e-10	1.6460824e-10	5.464994e-09	0.87077475	-2.0121173e-17	0.23016216
3.475386673869044e-10	1.3168659e-10	5.2016205e-09	0.8716115	-2.0116816e-17	0.2296558
3.5000738714174953e-10	5.2674637e-10	4.7407176e-09	0.87242943	-2.0112344e-17	0.2290772
3.525254816035777e-10	3.950598e-10	5.530837e-09	0.8732649	-2.0107571e-17	0.22839928
3.5504356614088726e-10	-2.6337318e-10	6.3868e-09	0.87410563	-2.0102545e-17	0.2276338
3.5751228186917927e-10	-9.876494e-10	6.5843295e-09	0.8749388	-2.009734e-17	0.2267868
3.60030374678088e-10	-9.876494e-10	6.4526433e-09	0.8758015	-2.009172e-17	0.22581878
3.625484695831378e-10	-1.5143958e-09	5.9258967e-09	0.8766819	-2.0085734e-17	0.22474079
3.6501717768788765e-10	-2.3045155e-09	6.18927e-09	0.8775667	-2.0079464e-17	0.2241173
3.675352753907295e-10	-2.7654186e-09	5.8600533e-09	0.87849593	-2.0072598e-17	0.22381161
3.700040007799003e-10	-2.3703588e-09	5.79421e-09	0.8794387	-2.0065332e-17	0.2233869
3.7252208762579516e-10	-3.1604783e-09	6.5843295e-09	0.8804388	-2.0057289e-17	0.22281174
3.7504017690852403e-10	-3.555538e-09	6.18927e-09	0.8814848	-2.0048499e-17	0.2220693
3.77508903464305e-10	-4.4773443e-09	6.5184866e-09	0.88256276	-2.0039036e-17	0.22115543
3.800270144033275e-10	-5.3991505e-09	5.333307e-09	0.883725	-2.0028357e-17	0.22000226
3.8254510625729483e-10	-5.892975e-09	5.333307e-09	0.8849611	-2.001645e-17	0.21928746
3.8501383605950827e-10	-5.9258967e-09	4.6748743e-09	0.88625735	-2.0003341e-17	0.21912052
3.8753194237043867e-10	-6.3209566e-09	4.3456576e-09	0.88768053	-1.9988192e-17	0.21867669
3.9000067375000406e-10	-7.308606e-09	4.0822843e-09	0.889192	-1.9971212e-17	0.21790302
3.9251877040450136e-10	-8.7242364e-09	3.4238514e-09	0.8908738	-1.9951208e-17	0.21667017
3.9503688560006695e-10	-9.218062e-09	2.633732e-09	0.89272285	-1.9927813e-17	0.21591055
3.975056106473782e-10	-9.909416e-09	1.5802392e-09	0.89472806	-1.9900697e-17	0.21589275
4.0002372458483503e-10	-1.1357969e-08	1.975299e-10	0.89700645	-1.986757e-17	0.21517204
4.025418401888778e-10	-1.2608991e-08	-8.724237e-10	0.8995631	-1.9827236e-17	0.21360283
4.0501058650868236e-10	-1.4814741e-08	-2.2304416e-09	0.90238595	-1.9778443e-17	0.21414988
4.0752872483294477e-10	-1.7613083e-08	-5.8600533e-09	0.9056348	-1.9715997e-17	0.21328685
4.100468693352404e-10	-1.9522538e-08	-1.0403241e-08	0.90929013	-1.9636118e-17	0.21323192
4.125156329039974e-10	-2.1958739e-08	-1.619745e-08	0.91325474	-1.9534466e-17	0.212656
4.1503377856375524e-10	-2.3440213e-08	-2.3835273e-08	0.9175534	-1.9397672e-17	0.2129326
4.17502572876657e-10	-2.4032804e-08	-3.3711768e-08	0.9216167	-1.9218549e-17	0.21142344
4.2002074046454443e-10	-2.1464915e-08	-4.806561e-08	0.92460173	-1.8973765e-17	0.21182582
4.2253894273900165e-10	-1.4271535e-08	-6.5382395e-08	0.92424124	-1.865327e-17	0.21097647
4.2500776788783893e-10	1.378594e-09	-8.1514e-08	0.9168946	-1.8282199e-17	0.21279097
4.2752599150141713e-10	2.763361e-08	-9.165387e-08	0.8981029	-1.7943106e-17	0.22847483
4.300442237641975e-10	6.0180774e-08	-9.534109e-08	0.8692852	-1.7856755e-17	0.25703138
4.325130715213509e-10	9.705302e-08	-9.586784e-08	0.83764887	-1.8171858e-17	0.22374956
4.350313366667644e-10	1.2944793e-07	-6.1761014e-08	0.8034489	-1.8656038e-17	0.20078234
4.375004365770661e-10	1.3524213e-07	-5.79421e-09	0.76924753	-1.9051093e-17	0.19818658
4.400191741417063e-10	1.1465787e-07	4.6518288e-08	0.7363969	-1.9333628e-17	0.20335044
4.4253756886880987e-10	8.049343e-08	7.7826776e-08	0.70794976	-1.9518928e-17	0.20859487
4.450062069479411e-10	4.4872206e-08	8.7769116e-08	0.6855989	-1.9630975e-17	0.21059874
4.4752428880426364e-10	1.3530798e-08	8.111894e-08	0.66858613	-1.9695673e-17	0.21092895
4.500424071268779e-10	-8.7571586e-09	6.5843295e-08	0.657108	-1.9728493e-17	0.21153873
4.5251116376309475e-10	-2.1036934e-08	4.832898e-08	0.6507617	-1.9743188e-17	0.21049178
4.550292857631472e-10	-2.436202e-08	3.23949e-08	0.64837134	-1.9749708e-17	0.21088737
4.575474113638464e-10	-2.3292067e-08	2.1596602e-08	0.64931583	-1.9753604e-17	0.21080934
4.600162113498241e-10	-2.0880556e-08	1.3432032e-08	0.65301317	-1.975826e-17	0.21014489
4.625344187521255e-10	-1.7621312e-08	7.637823e-09	0.65917504	-1.9765729e-17	0.2113314
4.6500322926750604e-10	-1.638675e-08	3.9505976e-09	0.66708636	-1.9776567e-17	0.21103054
4.675214308986889e-10	-1.3987585e-08	6.58433e-10	0.6766188	-1.9791451e-17	0.21156599
4.700396289599955e-10	-1.0913526e-08	-1.5802392e-09	0.6872853	-1.9810054e-17	0.21062125
4.725084690079059e-10	-7.8106615e-09	-3.0287917e-09	0.69859207	-1.9831564e-17	0.21163523
4.750266740505806e-10	-5.7612883e-09	-2.9629483e-09	0.7107705	-1.9856363e-17	0.2120808
4.775448723479203e-10	-4.0987453e-09	-2.7654186e-09	0.7233897	-1.988349e-17	0.21213914
4.800136821810232e-10	-1.9094557e-09	-2.5576006e-09	0.7359936	-1.9911764e-17	0.21200888
4.825318613195472e-10	-1.4485525e-09	-1.5802392e-09	0.74889976	-1.9941682e-17	0.2119868
4.850006636054394e-10	-1.8436124e-09	-2.3374371e-09	0.76142883	-1.99714e-17	0.21320769
4.875188538544952e-10	-1.8436124e-09	-3.1604783e-09	0.7739027	-2.0001366e-17	0.21444921
4.900370137364875e-10	4.609031e-10	-3.6213814e-09	0.78587884	-2.0030172e-17	0.21585935
4.925057840970137e-10	2.9629483e-09	-2.1069855e-09	0.79694504	-2.0056491e-17	0.21740645
4.95023918546271e-10	4.5431876e-09	1.886822e-09	0.8073511	-2.0080638e-17	0.21893783
4.975420575356119e-10	4.1481276e-09	4.99586e-09	0.8166982	-2.0101491e-17	0.22004105
5.000108088141282e-10	2.0329118e-09	6.724247e-09	0.82472306	-2.0118478e-17	0.22203898
5.025289259690774e-10	7.571979e-10	5.868284e-09	0.8317122	-2.0132339e-17	0.2239735
5.050470198788354e-10	7.901196e-10	5.267464e-09	0.8375441	-2.0142996e-17	0.22435291
5.075157202575104e-10	1.7119257e-09	5.4485327e-09	0.84225374	-2.0150724e-17	0.22618055
5.100337998226091e-10	2.2386721e-09	6.288035e-09	0.8461874	-2.0156256e-17	0.22685015
5.125024996780988e-10	2.2715938e-09	6.847703e-09	0.84935236	-2.0159738e-17	0.22681782
5.150205586573643e-10	1.1193361e-09	7.111076e-09	0.8520272	-2.016167e-17	0.2281683
5.175386141020841e-10	2.3045155e-10	6.946468e-09	0.8542724	-2.0162288e-17	0.22883849
5.200073033357841e-10	-4.609031e-10	6.847703e-09	0.85615635	-2.0161897e-17	0.22907352
5.225253570331082e-10	-1.7613082e-09	6.5184866e-09	0.8578315	-2.0160724e-17	0.22898087
5.25043415296043e-10	-1.5967e-09	4.872404e-09	0.8593165	-2.0158962e-17	0.22948109
5.275120844642042e-10	-9.876494e-10	4.016441e-09	0.8606305	-2.0156802e-17	0.23014204
5.300301336423894e-10	-1.3168659e-10	4.3456576e-09	0.861858	-2.0154259e-17	0.23066196
5.325481927279606e-10	5.5966803e-10	4.7736393e-09	0.86299616	-2.0151445e-17	0.2310613
5.350168808391066e-10	5.2674637e-10	5.168699e-09	0.8640432	-2.0148477e-17	0.23130322
5.375349276482169e-10	2.1399071e-10	5.7283667e-09	0.8650551	-2.014527e-17	0.23142199
5.400036200182236e-10	-3.4567732e-10	5.333307e-09	0.86600286	-2.0141969e-17	0.23143812
5.425216760466752e-10	-7.2427625e-10	4.5761093e-09	0.8669332	-2.013846e-17	0.23140045
5.45039722081904e-10	-3.6213813e-10	4.8065605e-09	0.8678344	-2.0134807e-17	0.23126811
5.475084126419573e-10	-3.2921648e-11	4.6748743e-09	0.8686954	-2.0131085e-17	0.23105139
5.500264693433256e-10	-6.58433e-10	4.1481276e-09	0.86955595	-2.0127139e-17	0.23074771
5.525445453699286e-10	-5.2674637e-10	4.2798143e-09	0.87040365	-2.0123036e-17	0.23035908
5.550132442406018e-10	-5.925897e-10	4.213971e-09	0.8712265	-2.0118846e-17	0.2298989
5.575312938190837e-10	-6.255113e-10	4.1481276e-09	0.87206143	-2.0114382e-17	0.22934793
5.600493490040844e-10	-6.58433e-10	4.3456576e-09	0.87289584	-2.0109705e-17	0.22870918
5.625180494424661e-10	-4.609031e-10	4.8065605e-09	0.8737173	-2.0104893e-17	0.227998
5.650361169546456e-10	1.3168659e-10	4.7407176e-09	0.87456244	-2.0099716e-17	0.22717907
5.675047952961229e-10	-1.3168659e-10	4.938247e-09	0.87540203	-2.0094353e-17	0.22627886
5.700228570107352e-10	-7.571979e-10	4.938247e-09	0.8762738	-2.0088543e-17	0.22525267
5.725409285709274e-10	-7.2427625e-10	5.5966805e-09	0.87716556	-2.0082342e-17	0.22421622
5.75009631828958e-10	-1.0205711e-09	5.267464e-09	0.8780639	-2.0075827e-17	0.22396813
5.775276914062999e-10	-1.5802392e-09	5.2016205e-09	0.8790101	-2.0068676e-17	0.22359398
5.800457610973651e-10	-1.876534e-09	4.872404e-09	0.8799923	-2.006092e-17	0.22308536
5.825144510081242e-10	-1.8436124e-09	4.8065605e-09	0.8809965	-2.0052651e-17	0.22243407
5.850325378756957e-10	-1.5802392e-09	4.872404e-09	0.8820707	-2.004341e-17	0.22159195
5.875012319591519e-10	-1.9094557e-09	4.6748743e-09	0.8831809	-2.0033418e-17	0.22056475
5.90019301950649e-10	-2.0411421e-09	5.069934e-09	0.8843815	-2.0022107e-17	0.21929786
5.925373755199735e-10	-2.3045155e-09	5.2016205e-09	0.8856627	-2.0009434e-17	0.21922415
5.950060742200516e-10	-2.5678886e-09	6.18927e-09	0.8870108	-1.9995417e-17	0.21891944
5.975241472099153e-10	-3.094635e-09	6.847703e-09	0.8884961	-1.9979145e-17	0.21829887
6.000422402979397e-10	-4.4773443e-09	6.748938e-09	0.8901126	-1.9960409e-17	0.2172757
6.025109441708003e-10	-4.6748743e-09	6.3868e-09	0.8918478	-1.9939071e-17	0.21579368
6.050290265594853e-10	-5.99174e-09	6.18927e-09	0.8937997	-1.9913485e-17	0.21597202
6.07547113891436e-10	-6.814781e-09	6.0575833e-09	0.89596933	-1.9882967e-17	0.215594
6.100158498181725e-10	-8.362099e-09	5.0040905e-09	0.8983471	-1.9846852e-17	0.21439067
6.125339352758761e-10	-9.97526e-09	4.3456576e-09	0.90107334	-1.9801718e-17	0.21403036
6.150026720409223e-10	-1.1753029e-08	3.6872247e-09	0.90408814	-1.9746626e-17	0.21390659
6.175207876133921e-10	-1.4683056e-08	2.6995752e-09	0.90755385	-1.9675479e-17	0.21263991
6.200388981859098e-10	-1.774477e-08	1.9423774e-09	0.9114275	-1.9583599e-17	0.21326573
6.225076574750847e-10	-2.176121e-08	-2.2222113e-09	0.91555697	-1.9465621e-17	0.21241668
6.250258028368797e-10	-2.6469005e-08	-9.086375e-09	0.9198496	-1.9305661e-17	0.21252862
6.275439706275944e-10	-3.051837e-08	-1.8633653e-08	0.923532	-1.909062e-17	0.21193749
6.300127623739706e-10	-3.2460747e-08	-3.1341408e-08	0.92502964	-1.8810578e-17	0.2113564
6.325309366945851e-10	-3.1407254e-08	-4.7012115e-08	0.92135483	-1.8452585e-17	0.21061099
6.350491454650672e-10	-2.1892896e-08	-6.3999686e-08	0.9079357	-1.8077056e-17	0.21828261
6.375179713044676e-10	-3.8189114e-09	-7.822184e-08	0.883353	-1.7847722e-17	0.24516839
6.400361915744467e-10	1.5999921e-08	-9.547278e-08	0.85211307	-1.7988725e-17	0.24232423
6.425050486314424e-10	4.7670547e-08	-1.0065794e-07	0.8194387	-1.843422e-17	0.20829445
6.45023406938581e-10	8.019713e-08	-7.5324735e-08	0.78456694	-1.888827e-17	0.19761147
6.475420495711074e-10	9.7201166e-08	-3.1769392e-08	0.7504732	-1.9222584e-17	0.20073213
6.500113581363444e-10	9.4847266e-08	8.7612735e-09	0.7204081	-1.9443837e-17	0.20635787
6.525293692780438e-10	7.7596326e-08	3.8189114e-08	0.6949517	-1.9587655e-17	0.21019346
6.550473809158826e-10	5.3530602e-08	5.2279578e-08	0.6753992	-1.9672034e-17	0.21187061
6.575161048169522e-10	2.9629483e-08	5.3464756e-08	0.6617306	-1.9716323e-17	0.21180625
6.600341710740142e-10	1.0691306e-08	4.753886e-08	0.6530712	-1.973804e-17	0.2105685
6.625028790761788e-10	-5.5966803e-10	3.7398994e-08	0.64902073	-1.9747319e-17	0.21079595
6.650209703525194e-10	-6.7324772e-09	2.9102738e-08	0.6485007	-1.9751862e-17	0.21089678
6.675390919271815e-10	-8.674855e-09	2.1596602e-08	0.651034	-1.9755919e-17	0.21051604
6.700078693827121e-10	-9.3497485e-09	1.7119257e-08	0.65606415	-1.9761871e-17	0.21088168
6.725260502304774e-10	-9.637812e-09	1.2510227e-08	0.66332376	-1.977123e-17	0.21143992
6.75044233471379e-10	-9.534933e-09	8.032882e-09	0.6722519	-1.9784408e-17	0.21090645
6.775130411418418e-10	-7.4402924e-09	5.530837e-09	0.68224317	-1.9801031e-17	0.21143538
6.800312280251842e-10	-5.6789844e-09	4.4773443e-09	0.6934093	-1.98215e-17	0.21175039
6.8250003021833e-10	-3.835372e-09	3.0287917e-09	0.70508635	-1.9844599e-17	0.21127881
6.850181946777547e-10	-3.3250864e-09	3.1604783e-09	0.71752805	-1.9870728e-17	0.21137601
6.875363636628048e-10	-3.917676e-09	1.7119257e-09	0.73029965	-1.989886e-17	0.21224132
6.900051499329527e-10	-2.9629483e-09	5.2674637e-10	0.7429523	-1.9927788e-17	0.21293005
6.925233027745901e-10	-1.4485525e-09	3.292165e-10	0.7558111	-1.9958012e-17	0.21358146
6.950414543864241e-10	1.6460824e-10	1.4814742e-09	0.76844347	-1.9988224e-17	0.21432622
6.975102261363861e-10	-4.609031e-10	2.3703588e-09	0.78042907	-2.001708e-17	0.21513964
7.000283556452638e-10	2.2386721e-09	2.1069855e-09	0.7920548	-2.0044919e-17	0.21609077
7.025464660108008e-10	2.436202e-09	2.897105e-09	0.8028764	-2.0070351e-17	0.21705993
7.050151887023302e-10	2.9629485e-10	3.555538e-09	0.81252694	-2.0092303e-17	0.21961355
7.075332869279184e-10	-2.9629485e-10	2.2386721e-09	0.8212512	-2.0111252e-17	0.22175217
7.100020016628538e-10	4.5431876e-09	9.218062e-10	0.8286367	-2.0126366e-17	0.22263068
7.12520078331927e-10	8.296255e-09	3.851833e-09	0.83499104	-2.0138452e-17	0.22455162
7.150381265480839e-10	9.020532e-09	7.111076e-09	0.84024584	-2.0147552e-17	0.2253031
7.175067944094575e-10	8.065804e-09	9.530817e-09	0.84447104	-2.0153974e-17	0.22673804
7.200248359333292e-10	4.971169e-09	1.0534928e-08	0.84800106	-2.0158383e-17	0.22665846
7.225428690610395e-10	1.218101e-09	8.9546885e-09	0.85090554	-2.0160997e-17	0.2276832
7.250115205771146e-10	7.2427625e-10	5.79421e-09	0.85328275	-2.0162145e-17	0.22857559
7.275295391496285e-10	2.814801e-09	3.6872247e-09	0.85534096	-2.016218e-17	0.22901605
7.300475551801796e-10	5.333307e-09	4.016441e-09	0.85711795	-2.0161328e-17	0.22905463
7.32516187632521e-10	7.720127e-09	5.8600533e-09	0.8586518	-2.0159842e-17	0.22908115
7.350342038147319e-10	5.629602e-09	8.691315e-09	0.8600535	-2.0157822e-17	0.22987302
7.375028711820711e-10	3.3250864e-09	1.0205711e-08	0.861304	-2.0155468e-17	0.23041935
7.400208963928863e-10	4.115206e-10	9.5802e-09	0.86248064	-2.015277e-17	0.23089753
7.425389248776736e-10	-1.3497876e-09	7.308606e-09	0.86357886	-2.0149842e-17	0.23121013
7.450075769574887e-10	-1.975299e-10	5.6625233e-09	0.8645944	-2.0146768e-17	0.23138198
7.475256127961301e-10	1.8106907e-09	5.267464e-09	0.8655805	-2.0143474e-17	0.23143995
7.50043640446091e-10	3.8189114e-09	5.99174e-09	0.8665262	-2.0140028e-17	0.23143032
7.525122830097817e-10	3.4238514e-09	8.559629e-09	0.8674217	-2.013651e-17	0.23134091
7.550303178846606e-10	1.0205711e-09	8.9546885e-09	0.8683095	-2.013278e-17	0.23115966
7.575483393117548e-10	-1.6460824e-10	8.427942e-09	0.86917746	-2.0128903e-17	0.23089257
7.600170076679564e-10	-6.58433e-10	6.5843295e-09	0.8700138	-2.0124952e-17	0.23054904
7.625350335447905e-10	-5.925897e-10	5.9588183e-09	0.8708563	-2.0120758e-17	0.23011643
7.65003703242679e-10	-2.6337318e-10	5.2016205e-09	0.87167645	-2.0116467e-17	0.22961286
7.675217278168093e-10	3.6213813e-10	5.79421e-09	0.8725106	-2.0111892e-17	0.229015
7.700397751485217e-10	6.255113e-10	6.3209566e-09	0.8733463	-2.0107095e-17	0.22833057
7.725084410506431e-10	3.950598e-10	6.0575833e-09	0.87417114	-2.0102142e-17	0.22757041
7.750264785912641e-10	-8.230412e-10	4.938247e-09	0.87502193	-2.0096811e-17	0.22669692
7.775445190291473e-10	-7.901196e-10	5.0040905e-09	0.8758862	-2.0091157e-17	0.22572054
7.800131945597258e-10	-1.0534927e-09	4.7407176e-09	0.87675107	-2.0085256e-17	0.22465225
7.825312243580766e-10	-6.58433e-10	4.8065605e-09	0.87765557	-2.0078822e-17	0.22409369
7.850492750696364e-10	-1.2510226e-09	4.609031e-09	0.8785877	-2.0071903e-17	0.22377563
7.875179427093224e-10	-1.6131608e-09	4.7407176e-09	0.8795339	-2.006458e-17	0.22333847
7.90035974353671e-10	-1.8436124e-09	4.6748743e-09	0.88053817	-2.005647e-17	0.222747
7.925046541985671e-10	-2.5678886e-09	4.1481276e-09	0.881568	-2.0047786e-17	0.2220046
7.950226983532315e-10	-2.7654186e-09	3.8189114e-09	0.8826726	-2.0038048e-17	0.22105515
7.975407434466483e-10	-2.4032802e-09	3.1604783e-09	0.8838414	-2.0027262e-17	0.21987632
8.000094135715768e-10	-2.633732e-09	3.2263217e-09	0.8850602	-2.0015468e-17	0.21928197
8.025274672468779e-10	-2.3045155e-09	3.0287917e-09	0.8863907	-2.0001957e-17	0.21909009
8.050455313218662e-10	-3.6213814e-09	3.6872247e-09	0.8878245	-1.9986614e-17	0.21861707
8.075142075298943e-10	-4.411501e-09	3.753068e-09	0.8893484	-1.9969404e-17	0.2178051
8.100322702004269e-10	-4.9053255e-09	2.2715938e-09	0.8910451	-1.9949103e-17	0.21652372
8.12500957480686e-10	-4.872404e-09	2.3703588e-09	0.89287347	-1.9925838e-17	0.21592918
8.150190261597856e-10	-6.0575833e-09	2.2222113e-09	0.8949379	-1.9897755e-17	0.21585825
8.175370840049311e-10	-7.5719795e-09	1.975299e-10	0.8972411	-1.986401e-17	0.21505392
8.200057890157217e-10	-8.329177e-09	-8.065804e-10	0.8997734	-1.9823759e-17	0.21366918
8.225238820038202e-10	-9.5472785e-09	-1.777769e-09	0.9026834	-1.9773018e-17	0.21413977
8.25041970832709e-10	-1.1160439e-08	-4.0575934e-09	0.9059707	-1.9709117e-17	0.21310231
8.275106929225437e-10	-1.2839443e-08	-7.3168365e-09	0.90958923	-1.9629054e-17	0.21328373
8.30028804728217e-10	-1.4419682e-08	-1.237854e-08	0.91366327	-1.9522867e-17	0.21243647
8.325469379215576e-10	-1.6131608e-08	-1.8600732e-08	0.91797125	-1.9382212e-17	0.21294133
8.350156841517249e-10	-1.659251e-08	-2.6995751e-08	0.92198	-1.9197881e-17	0.21143167
8.375338377223405e-10	-1.4617212e-08	-3.8419564e-08	0.9247614	-1.8946163e-17	0.21175267
8.400026278034981e-10	-8.855923e-09	-5.2016205e-08	0.9239737	-1.8625512e-17	0.21090019
8.425208153562812e-10	3.7078007e-09	-6.452643e-08	0.9156212	-1.8245202e-17	0.21273226
8.450389980327551e-10	2.4452554e-08	-7.0584015e-08	0.8956506	-1.791936e-17	0.23070861
8.47507833268569e-10	4.928371e-08	-7.190088e-08	0.8668642	-1.7867811e-17	0.25724536
8.500260589700414e-10	7.795846e-08	-7.282269e-08	0.8344273	-1.8217305e-17	0.2196576
8.525443325389218e-10	1.0245217e-07	-4.3654104e-08	0.8000659	-1.8700228e-17	0.19925056
8.550134525073061e-10	1.0334106e-07	0	0.7659378	-1.908345e-17	0.19862625
8.575322095687025e-10	8.7802036e-08	3.9637666e-08	0.7334247	-1.9355345e-17	0.20360942
8.600010790359702e-10	6.228776e-08	6.2880346e-08	0.7059859	-1.952994e-17	0.20889169
8.625190080749095e-10	3.334963e-08	7.0584015e-08	0.6837057	-1.9639097e-17	0.21027143
8.650370819016015e-10	8.888845e-09	6.5184864e-08	0.6672396	-1.9699978e-17	0.21094374
8.675057599270325e-10	-8.230412e-09	5.293801e-08	0.6564439	-1.9730127e-17	0.2114277
8.700238087231271e-10	-1.7250944e-08	3.7003932e-08	0.6503664	-1.9744073e-17	0.21057135
8.725418451213921e-10	-1.9736529e-08	2.35719e-08	0.64832634	-1.9750128e-17	0.21089648
8.750105417228745e-10	-1.8337358e-08	1.5539019e-08	0.6495118	-1.9753907e-17	0.21078256
8.775286747010895e-10	-1.598346e-08	9.481435e-09	0.65351003	-1.9758842e-17	0.21028401
8.800468294481525e-10	-1.2814752e-08	5.9258967e-09	0.659879	-1.9766635e-17	0.21139078
8.825156177207245e-10	-1.14896554e-08	3.9505976e-09	0.66794765	-1.9777836e-17	0.21087058
8.850337793750428e-10	-9.5472785e-09	1.5802392e-09	0.67760265	-1.9793087e-17	0.21162586
8.875025684759438e-10	-7.481445e-09	-1.4485525e-09	0.68814373	-1.9811627e-17	0.21085946
8.900207347348616e-10	-4.3785793e-09	-3.4238514e-09	0.699741	-1.9833837e-17	0.21147513
8.925388871964246e-10	-1.6543128e-09	-3.2921648e-09	0.711971	-1.9858884e-17	0.21209101
8.950076557127627e-10	-1.6460824e-11	-1.8436124e-09	0.72437054	-1.9885652e-17	0.21227612
8.975258014404368e-10	2.3045155e-10	-8.713949e-10	0.7372377	-1.9914608e-17	0.2123293
9.00043939492781e-10	8.39502e-10	-4.115206e-10	0.7501391	-1.9944593e-17	0.21242769
9.025126959989594e-10	3.6213813e-10	6.5843296e-11	0.7626465	-1.9974314e-17	0.21292189
9.050308138391703e-10	-2.716036e-10	1.6131608e-09	0.7750806	-2.00042e-17	0.21427129
9.075489344925233e-10	-4.609031e-10	1.7448474e-09	0.7869982	-2.0032854e-17	0.21580313
9.100176566861004e-10	2.057603e-10	5.925897e-10	0.79798836	-2.0058946e-17	0.21750313
9.12535751274391e-10	1.9752988e-09	6.48145e-10	0.8082992	-2.0082797e-17	0.21919371
9.150044637974245e-10	3.9505976e-09	1.4320917e-09	0.81736684	-2.0102942e-17	0.22038242
9.175225417079107e-10	4.5761093e-09	4.39504e-09	0.82544774	-2.0119957e-17	0.22198159
9.200406050193772e-10	3.555538e-09	6.716016e-09	0.832322	-2.0133497e-17	0.22415029
9.22509261392276e-10	2.3374371e-09	6.716016e-09	0.8379457	-2.0143691e-17	0.2242685
9.250272926552669e-10	1.0534927e-09	6.913546e-09	0.84266746	-2.0151356e-17	0.22632031
9.275453174646474e-10	7.2427625e-10	5.9588183e-09	0.8465255	-2.0156676e-17	0.22683823
9.300139352205787e-10	1.4485525e-09	4.7407176e-09	0.8496313	-2.0159988e-17	0.22698924
9.325319407998322e-10	2.8806442e-09	4.4773443e-09	0.85225964	-2.016178e-17	0.22825602
9.350005531896797e-10	2.5020452e-09	5.8600533e-09	0.85442954	-2.0162288e-17	0.22887212
9.375185559627369e-10	1.4814742e-09	6.5843295e-09	0.856327	-2.0161818e-17	0.22907695
9.40036553771912e-10	2.1399071e-10	6.6830945e-09	0.85798156	-2.0160582e-17	0.2289588
9.425051692881284e-10	6.5843296e-11	5.8600533e-09	0.85942346	-2.015881e-17	0.22954056
9.450231715428227e-10	6.5843296e-11	5.5966805e-09	0.86075264	-2.015657e-17	0.23019508
9.475411699112612e-10	-1.3168659e-10	4.7407176e-09	0.86197066	-2.0154e-17	0.23070836
9.500098028761155e-10	3.950598e-10	4.016441e-09	0.86307985	-2.0151218e-17	0.23108445
9.525278060180303e-10	8.5596286e-10	4.5431876e-09	0.86414254	-2.0148174e-17	0.23132011
9.550458144360036e-10	6.255113e-10	4.872404e-09	0.86514956	-2.0144951e-17	0.23142798
9.575144392814307e-10	-9.876495e-11	4.8065605e-09	0.8660934	-2.014164e-17	0.23143916
9.60032450693548e-10	-1.0205711e-09	4.0822843e-09	0.86702067	-2.0138114e-17	0.23139237
9.62501087495097e-10	0	3.0287917e-09	0.867902	-2.0134519e-17	0.23125486
9.650191076822964e-10	4.609031e-10	3.358008e-09	0.8687784	-2.0130714e-17	0.2310272
9.67537119790776e-10	1.4485525e-09	3.9505976e-09	0.8696376	-2.0126755e-17	0.23071435
9.700057721695825e-10	5.2674637e-10	4.7407176e-09	0.8704679	-2.0122714e-17	0.2303267
9.725237887836059e-10	9.876495e-11	4.7407176e-09	0.87130654	-2.0118427e-17	0.22985052
9.750417961353606e-10	4.938247e-10	4.872404e-09	0.87214124	-2.0113945e-17	0.22929026
9.775104470591134e-10	1.975299e-10	4.2798143e-09	0.8729595	-2.010934e-17	0.22865765
9.800284469488373e-10	2.9629485e-10	4.5431876e-09	0.87379783	-2.0104408e-17	0.22792494
9.82546468805729e-10	5.925897e-10	4.5431876e-09	0.87464386	-2.0099207e-17	0.22709621
9.85015126307972e-10	5.925897e-10	4.938247e-09	0.87548476	-2.009381e-17	0.22618614
9.875331463546719e-10	4.609031e-10	5.464994e-09	0.87635815	-2.0087967e-17	0.22514857
9.900017995588917e-10	2.3045155e-10	5.99174e-09	0.8772343	-2.0081853e-17	0.22420122
9.92519818212361e-10	-5.925897e-10	6.2551133e-09	0.87815297	-2.0075167e-17	0.22393753
9.950378459079758e-10	-1.3497876e-09	5.7283667e-09	0.8791023	-2.006796e-17	0.22355285
9.975065067360429e-10	-1.3827093e-09	5.6625233e-09	0.8800685	-2.0060308e-17	0.22304091
1.0000245208349742e-09	-1.2510226e-09	5.530837e-09	0.88109696	-2.0051804e-17	0.22236219
1.0025425523901069e-09	-1.316866e-09	5.3991505e-09	0.88217616	-2.0042475e-17	0.22150163
1.0050112012533077e-09	-1.7448474e-09	5.267464e-09	0.88329226	-2.0032392e-17	0.22045247
1.007529239574594e-09	-2.1728288e-09	5.267464e-09	0.8845	-2.0020959e-17	0.21929266
1.0100472728269082e-09	-2.5020452e-09	5.530837e-09	0.8857898	-2.0008142e-17	0.21920688
1.0125159370121685e-09	-3.094635e-09	5.8600533e-09	0.88714755	-1.9993956e-17	0.2188758
1.0150339793146187e-09	-3.358008e-09	5.6625233e-09	0.88864434	-1.9977472e-17	0.21821985
1.0175026487953383e-09	-4.5761093e-09	5.99174e-09	0.8902411	-1.9958877e-17	0.21718001
1.0200206910929208e-09	-5.464994e-09	5.99174e-09	0.89202565	-1.9936811e-17	0.21582372
1.022538746471995e-09	-6.8806245e-09	5.629602e-09	0.8939966	-1.9910806e-17	0.21596564
1.0250074277222427e-09	-7.637823e-09	5.79421e-09	0.89614373	-1.9880417e-17	0.2155338
1.027525485815859e-09	-9.77773e-09	5.267464e-09	0.8985932	-1.984295e-17	0.21421802
1.0300435553587949e-09	-1.1325047e-08	4.2798143e-09	0.9013509	-1.9796879e-17	0.21407779
1.0325122557384045e-09	-1.34649545e-08	4.213971e-09	0.90440106	-1.974057e-17	0.21381278
1.0350303430692009e-09	-1.6131608e-08	2.633732e-09	0.90790564	-1.9667718e-17	0.21279998
1.0375484501291745e-09	-1.955546e-08	8.724237e-10	0.9118167	-1.9573485e-17	0.21318601
1.040017164351965e-09	-2.5119219e-08	-2.617271e-09	0.915969	-1.9452305e-17	0.21258596
1.042535288120286e-09	-2.999162e-08	-9.613121e-09	0.9202432	-1.928781e-17	0.21234514
1.0450040427661772e-09	-3.4732338e-08	-1.9061634e-08	0.9237495	-1.907162e-17	0.21195251
1.047522197051602e-09	-3.7497756e-08	-3.252659e-08	0.9249688	-1.877936e-17	0.21127428
1.0500403647451083e-09	-3.730023e-08	-4.938247e-08	0.9205693	-1.8415916e-17	0.21125779
1.0525091717764113e-09	-2.7604802e-08	-6.860871e-08	0.9064191	-1.805168e-17	0.220174
1.055027365184297e-09	-7.670744e-09	-8.480617e-08	0.8805224	-1.7841849e-17	0.24839549
1.0575455787016409e-09	1.4814741e-08	-1.0350566e-07	0.8490235	-1.8023827e-17	0.2377464
1.0600144134029401e-09	5.0040907e-08	-1.0831222e-07	0.8161607	-1.848114e-17	0.20625748
1.0625327991621567e-09	8.566213e-08	-7.8946115e-08	0.7812397	-1.8925528e-17	0.19784571
1.0650021043351301e-09	1.0161267e-07	-3.3645925e-08	0.74800617	-1.9243067e-17	0.2008469
1.0675206651712487e-09	9.8896635e-08	9.086375e-09	0.71773803	-1.9460701e-17	0.20648408
1.0700385965151238e-09	8.085557e-08	3.8584172e-08	0.6928362	-1.959791e-17	0.21062583
1.0725072374634303e-09	5.6394786e-08	5.2806325e-08	0.6741552	-1.9676584e-17	0.21184906
1.0750252946334475e-09	3.1835235e-08	5.412319e-08	0.66068405	-1.9719198e-17	0.21182582
1.0775433047903088e-09	1.2444383e-08	4.8592355e-08	0.6525011	-1.9739319e-17	0.21037479
1.0800119620716758e-09	9.711887e-10	3.911092e-08	0.64882606	-1.9747878e-17	0.21082501
1.0825300241738298e-09	-4.888865e-09	3.0682976e-08	0.6486173	-1.975222e-17	0.21088709
1.0850481179674872e-09	-7.818891e-09	2.3045153e-08	0.6514184	-1.9756383e-17	0.21043585
1.0875168524161452e-09	-8.6872e-09	1.7119257e-08	0.6566699	-1.9762604e-17	0.2109927
1.0900350042680852e-09	-8.666624e-09	1.3036973e-08	0.6641079	-1.9772313e-17	0.2113956
1.0925037554787266e-09	-8.855923e-09	9.218062e-09	0.67298144	-1.978556e-17	0.21106328
1.095021913089234e-09	-7.596671e-09	6.847703e-09	0.6832662	-1.9802828e-17	0.21129133
1.0975400407551879e-09	-6.5431776e-09	4.213971e-09	0.69451296	-1.9823617e-17	0.21180993
1.1000088156010249e-09	-5.7612883e-09	3.1604783e-09	0.7062488	-1.9846981e-17	0.21154469
1.102526940087229e-09	-5.5966805e-09	2.5020452e-09	0.71873045	-1.9873324e-17	0.21105644
1.1050450872079007e-09	-3.7201462e-09	3.950598e-10	0.73152286	-1.9901613e-17	0.21204741
1.1075138499159072e-09	-2.1399071e-09	-1.1193361e-09	0.74417853	-1.9930639e-17	0.21286969
1.1100319787802852e-09	-1.1193361e-09	3.950598e-10	0.7570235	-1.996089e-17	0.21363264
1.1125007082804206e-09	-9.464974e-10	1.218101e-09	0.76938105	-1.999048e-17	0.2144579
1.1150188077078606e-09	-3.292165e-10	1.5473175e-09	0.781562	-2.0019807e-17	0.21542397
1.117536913588071e-09	6.5843296e-11	2.5678886e-09	0.79311967	-2.004745e-17	0.21649542
1.1200056174406993e-09	1.2510226e-09	2.3703588e-09	0.80365354	-2.0072148e-17	0.2173987
1.1225236950876609e-09	2.633732e-09	1.8724187e-09	0.81340533	-2.0094257e-17	0.21954843
1.125041754765418e-09	4.016441e-09	2.2304416e-09	0.822017	-2.0112864e-17	0.2218944
1.127510418533174e-09	4.7407176e-09	3.8189114e-09	0.82929	-2.0127652e-17	0.2229773
1.1300284637613876e-09	4.707796e-09	5.3826894e-09	0.83553475	-2.0139436e-17	0.22455831
1.1325464770252457e-09	4.609031e-09	5.6625233e-09	0.8406922	-2.014827e-17	0.22552072
1.1350151124389042e-09	3.7201462e-09	5.79421e-09	0.844837	-2.015448e-17	0.22678575
1.1375331098155407e-09	3.9505976e-09	4.7407176e-09	0.8483008	-2.0158704e-17	0.22659588
1.1400017201661066e-09	3.917676e-09	4.872404e-09	0.85110265	-2.0161131e-17	0.2277777
1.1425197064168292e-09	3.6378422e-09	5.530837e-09	0.85349214	-2.0162193e-17	0.22864029
1.1450376969842915e-09	3.555538e-09	5.79421e-09	0.85552025	-2.0162134e-17	0.22903495
1.1475062984554087e-09	2.9794092e-09	5.7283667e-09	0.8572421	-2.0161232e-17	0.22904597
1.1500242886451902e-09	2.057603e-09	6.1234267e-09	0.858791	-2.0159669e-17	0.22916776
1.152542276741003e-09	1.218101e-09	6.1234267e-09	0.86017925	-2.0157609e-17	0.2299358
1.155010890727368e-09	9.711887e-10	5.7283667e-09	0.8614193	-2.0155225e-17	0.23047286
1.1575288813632822e-09	9.876494e-10	5.2016205e-09	0.8625878	-2.0152502e-17	0.23093398
1.1600468600723777e-09	1.9423774e-09	5.267464e-09	0.8636793	-2.0149549e-17	0.23123275
1.16251548329977e-09	1.5143958e-09	5.695445e-09	0.8646897	-2.0146465e-17	0.23139289
1.1650334667789686e-09	6.4197214e-10	6.0575833e-09	0.86567163	-2.0143155e-17	0.23143995
1.167502092723044e-09	8.065804e-10	5.7283667e-09	0.8665957	-2.0139763e-17	0.23142616
1.1700200910992809e-09	1.0864144e-09	5.464994e-09	0.8675067	-2.0136162e-17	0.2313279
1.1725380858300878e-09	1.2510226e-09	5.333307e-09	0.86839247	-2.0132418e-17	0.2311391
1.175006719914159e-09	1.0864144e-09	5.464994e-09	0.86924183	-2.0128606e-17	0.23086913
1.1775247231742674e-09	3.292165e-10	5.8600533e-09	0.87009376	-2.0124561e-17	0.23051201
1.1800427259427574e-09	4.2798143e-10	5.6625233e-09	0.87093574	-2.0120351e-17	0.230072
1.182511346528486e-09	9.547279e-10	5.7283667e-09	0.8717553	-2.0116043e-17	0.22956046
1.1850293397594246e-09	5.5966803e-10	5.267464e-09	0.87258947	-2.0111449e-17	0.22895433
1.1875473603348873e-09	2.3045155e-10	5.2016205e-09	0.8734256	-2.0106625e-17	0.22826155
1.190015984608227e-09	3.950598e-10	5.069934e-09	0.8742512	-2.0101647e-17	0.22749166
1.1925339889298442e-09	2.9629485e-10	5.135777e-09	0.8751029	-2.009629e-17	0.22661045
1.1950026242097285e-09	-2.6337318e-10	6.0575833e-09	0.8759516	-2.009072e-17	0.22564302
1.1975206242320046e-09	-6.58433e-10	5.267464e-09	0.8768355	-2.0084668e-17	0.22454278
1.2000386300485295e-09	-9.876494e-10	5.464994e-09	0.8777424	-2.0078188e-17	0.22406875
1.202507261166086e-09	-1.1851794e-09	5.79421e-09	0.8786587	-2.0071366e-17	0.22374742
1.205025283216512e-09	-1.1851794e-09	5.7283667e-09	0.879627	-2.0063841e-17	0.22328949
1.2075433020091117e-09	-1.777769e-09	5.530837e-09	0.8806353	-2.0055669e-17	0.22268385
1.2100119436932334e-09	-2.0082205e-09	5.79421e-09	0.8816699	-2.0046906e-17	0.22192447
1.2125299598696485e-09	-1.777769e-09	6.1234267e-09	0.88278	-2.0037077e-17	0.22095373
1.2150479749432472e-09	-2.1728288e-09	6.5843295e-09	0.8839554	-2.0026182e-17	0.21975222
1.2175166177032588e-09	-3.2921648e-09	6.617251e-09	0.88518184	-2.0014267e-17	0.2192743
1.2200346447795939e-09	-4.2798143e-09	6.551408e-09	0.88652134	-2.0000592e-17	0.21905965
1.222503296586238e-09	-4.9053255e-09	7.242763e-09	0.8879363	-1.9985383e-17	0.21856813
1.2250213262536871e-09	-5.79421e-09	7.4402924e-09	0.889502	-1.9967614e-17	0.21770577
1.2275393633294155e-09	-7.703666e-09	6.847703e-09	0.8912136	-1.9947022e-17	0.2163747
1.230008031622185e-09	-9.415592e-09	6.288035e-09	0.89305913	-1.9923394e-17	0.2159481
1.2325260659511256e-09	-1.08970655e-08	5.79421e-09	0.8951443	-1.9894837e-17	0.21581817
1.2350441074449725e-09	-1.2246853e-08	3.571999e-09	0.89747226	-1.9860479e-17	0.21493015
1.2375127969749946e-09	-1.3892936e-08	3.094635e-09	0.90003306	-1.9819434e-17	0.21375266
1.240030856495279e-09	-1.576947e-08	1.4403221e-09	0.90297675	-1.9767615e-17	0.21411705
1.2425489239259884e-09	-1.8897026e-08	2.5102756e-10	0.90630144	-1.9702251e-17	0.21290128
1.2450176222191073e-09	-2.2320878e-08	-3.4238514e-09	0.9099578	-1.9620223e-17	0.21332738
1.247535718183061e-09	-2.6271476e-08	-8.823002e-09	0.91406363	-1.9511258e-17	0.21219236
1.2500044429625783e-09	-2.9464875e-08	-1.6855884e-08	0.9182925	-1.936998e-17	0.21292384
1.252522557353552e-09	-3.318502e-08	-2.735789e-08	0.9223232	-1.9177157e-17	0.21159805
1.2550406909867204e-09	-3.4370203e-08	-4.2468926e-08	0.9248855	-1.8918562e-17	0.21167324
1.2575094637696186e-09	-3.1094498e-08	-6.18927e-08	0.92358583	-1.8591088e-17	0.21078427
1.2600276383097686e-09	-1.9259165e-08	-8.1909064e-08	0.91427076	-1.820955e-17	0.21404804
1.2625458212022883e-09	5.432072e-09	-9.850157e-08	0.89316976	-1.7898691e-17	0.23325658
1.265014635177319e-09	3.516032e-08	-1.1167023e-07	0.86388665	-1.7885058e-17	0.2562753
1.267532850428628e-09	7.4666296e-08	-1.2154673e-07	0.83126813	-1.8262652e-17	0.21720351
1.2700017533890265e-09	1.1469903e-07	-9.171971e-08	0.7974513	-1.8733623e-17	0.19925208
1.2725202895286896e-09	1.3234502e-07	-3.2822882e-08	0.762733	-1.9113879e-17	0.19866915
1.2750390176007467e-09	1.2343972e-07	2.3061615e-08	0.7305704	-1.937566e-17	0.20356254
1.2775077774206603e-09	9.7777296e-08	6.0575836e-08	0.70363224	-1.954284e-17	0.20902647
1.2800257289966431e-09	6.449351e-08	7.730003e-08	0.681912	-1.9646582e-17	0.21087512
1.2825437644766713e-09	3.3086256e-08	7.7431714e-08	0.6659766	-1.9703905e-17	0.21125637
1.2850124279317188e-09	8.032882e-09	6.808197e-08	0.6556721	-1.9731995e-17	0.21127513
1.2875304270247666e-09	-8.148108e-09	5.3201383e-08	0.65001696	-1.9744869e-17	0.21063723
1.2900484534925412e-09	-1.578593e-08	3.9374292e-08	0.6483116	-1.975052e-17	0.21090303
1.2925171419042675e-09	-1.8049294e-08	2.7654185e-08	0.64977455	-1.975429e-17	0.21074352
1.2950352390844234e-09	-1.7218023e-08	1.9094557e-08	0.65401614	-1.9759436e-17	0.21041903
1.2975039844519781e-09	-1.575301e-08	1.3695406e-08	0.66043484	-1.9767357e-17	0.2114257
1.300022124394332e-09	-1.3938203e-08	9.481435e-09	0.668801	-1.9779108e-17	0.21068396
1.302540260838049e-09	-1.2411461e-08	6.4526433e-09	0.6785727	-1.9794718e-17	0.21164885
1.3050090169953988e-09	-1.08147615e-08	2.897105e-09	0.68920213	-1.9813583e-17	0.21111874
1.3075271493818939e-09	-8.592551e-09	5.2674637e-10	0.70086807	-1.9836082e-17	0.21126774
1.3100452857593578e-09	-6.008201e-09	3.292165e-10	0.71314645	-1.9861369e-17	0.21204315
1.312514037865646e-09	-4.855943e-09	2.6337318e-10	0.7255746	-1.9888315e-17	0.21238925
1.3150321543353043e-09	-3.0617133e-09	-6.79009e-10	0.7384526	-1.9917394e-17	0.21257748
1.3175009051791787e-09	-1.876534e-09	0	0.75109595	-1.9946852e-17	0.21272717
1.3200190062244512e-09	-1.5143958e-09	3.292165e-10	0.76383257	-1.9977156e-17	0.2130451
1.3225371055657217e-09	-4.4444226e-10	3.950598e-10	0.77622634	-2.0006961e-17	0.21402615
1.3250058178636702e-09	5.2674637e-10	-3.6213813e-10	0.78785896	-2.0034915e-17	0.21570987
1.3275238896996699e-09	2.5678886e-09	7.2427625e-10	0.79899925	-2.0061319e-17	0.21753435
1.330041971338835e-09	3.094635e-09	2.436202e-09	0.80921537	-2.0084873e-17	0.21938662
1.3325106619630942e-09	2.9629483e-09	4.3374273e-09	0.8181778	-2.0104696e-17	0.22075646
1.3350286975835015e-09	3.851833e-09	4.732487e-09	0.826145	-2.0121375e-17	0.22188735
1.3375467181696843e-09	3.7859897e-09	5.7777494e-09	0.8329074	-2.0134597e-17	0.22429049
1.3400153605073125e-09	4.115206e-09	7.1769195e-09	0.83843076	-2.014452e-17	0.22427654
1.3425333595175885e-09	3.2921648e-09	7.868274e-09	0.84306395	-2.0151944e-17	0.22643875
1.3450019780142567e-09	3.1604783e-09	8.164569e-09	0.8467823	-2.0156987e-17	0.22682258
1.347519977145726e-09	3.4896948e-09	8.427942e-09	0.84989923	-2.016022e-17	0.22714756
1.350037951890229e-09	2.8312617e-09	9.086375e-09	0.85248333	-2.0161879e-17	0.22833319
1.3525065372632568e-09	2.1069855e-09	8.691315e-09	0.85462	-2.0162281e-17	0.22890969
1.3550245135860165e-09	1.9094557e-09	8.625472e-09	0.8564917	-2.016173e-17	0.22907825
1.3575424862275566e-09	1.7448474e-09	8.823002e-09	0.85812664	-2.016043e-17	0.2289349
1.360011084995671e-09	1.1193361e-09	8.131647e-09	0.8595538	-2.0158618e-17	0.22961389
1.362529056943269e-09	2.3045155e-10	7.4402924e-09	0.8608714	-2.0156338e-17	0.23024471
1.3650470239707696e-09	1.8106906e-10	7.045233e-09	0.8620802	-2.0153743e-17	0.23075163
1.3675156372455155e-09	-1.3168659e-10	6.485565e-09	0.86318237	-2.0150942e-17	0.23111308
1.3700336021810242e-09	9.876495e-11	6.3868e-09	0.8642392	-2.014788e-17	0.23133571
1.3725022190963736e-09	1.3168659e-10	6.716016e-09	0.8652224	-2.0144707e-17	0.23143189
1.3750202126916507e-09	3.2921648e-11	6.5843295e-09	0.86618185	-2.0141314e-17	0.23143966
1.3775381910838202e-09	-2.3045155e-10	7.4402924e-09	0.8671062	-2.0137773e-17	0.23138328
1.3800067930084063e-09	-1.0534927e-09	6.913546e-09	0.867985	-2.0134168e-17	0.23123768
1.3825247809138732e-09	-1.316866e-09	6.3209566e-09	0.86885977	-2.0130348e-17	0.23100168
1.3850427770130723e-09	-7.571979e-10	6.2551133e-09	0.8697176	-2.0126375e-17	0.23068099
1.387511411017189e-09	-4.2798143e-10	5.9588183e-09	0.8705468	-2.0122323e-17	0.23028596
1.3900293989580484e-09	-4.2798143e-10	5.3991505e-09	0.87138504	-2.0118015e-17	0.22980133
1.3925473834418438e-09	-3.2921648e-11	5.7283667e-09	0.87221944	-2.011351e-17	0.22923386
1.3950159936624705e-09	-1.0534927e-09	6.2551133e-09	0.87303776	-2.0108888e-17	0.22859348
1.3975340044320201e-09	-1.7119257e-09	6.3868e-09	0.87387675	-2.0103933e-17	0.22785108
1.4000026184892e-09	-2.3374371e-09	5.6625233e-09	0.874707	-2.0098813e-17	0.22703083
1.4025206215717992e-09	-2.534967e-09	4.8065605e-09	0.8755658	-2.0093278e-17	0.22609389
1.4050386146758443e-09	-2.633732e-09	4.7407176e-09	0.87644106	-2.0087398e-17	0.2250455
1.4075072476415749e-09	-2.633732e-09	4.5431876e-09	0.8773192	-2.0081247e-17	0.22418112
1.410025246496678e-09	-2.436202e-09	4.3456576e-09	0.8782406	-2.0074514e-17	0.22390774
1.412543249176171e-09	-3.094635e-09	4.3456576e-09	0.87919307	-2.0067256e-17	0.2235101
1.4150118885497125e-09	-3.094635e-09	4.4773443e-09	0.8801629	-2.005954e-17	0.22298431
1.417529890220484e-09	-3.555538e-09	4.4773443e-09	0.8811957	-2.0050969e-17	0.22229002
1.420047898652333e-09	-4.1810493e-09	4.5431876e-09	0.8822802	-2.0041557e-17	0.2214107
1.4225165393124614e-09	-4.2468926e-09	4.3456576e-09	0.8834022	-2.0031371e-17	0.22034043
1.425034541522381e-09	-4.3456576e-09	3.4896948e-09	0.88461715	-2.0019822e-17	0.21929403
1.427503172353247e-09	-4.872404e-09	3.753068e-09	0.8858889	-2.0007133e-17	0.21919098
1.4300211983494967e-09	-5.464994e-09	3.4896948e-09	0.8872826	-1.9992507e-17	0.21882968
1.4325392187729602e-09	-5.530837e-09	2.633732e-09	0.88879097	-1.997581e-17	0.21813944
1.4350078745539186e-09	-6.1234267e-09	2.5020452e-09	0.8904011	-1.9956953e-17	0.2170566
1.4375258938921379e-09	-7.012311e-09	2.2386721e-09	0.8922018	-1.9934558e-17	0.21584877
1.4400439250741492e-09	-7.934117e-09	1.9094557e-09	0.89419186	-1.9908131e-17	0.21595423
1.4425125801244391e-09	-8.823002e-09	1.3497876e-09	0.8963612	-1.9877211e-17	0.21545297
1.4450306302532714e-09	-9.876494e-09	-6.58433e-10	0.89883745	-1.9839039e-17	0.21403822
1.4475486760466587e-09	-1.1687185e-08	-1.736617e-09	0.9016265	-1.9792033e-17	0.21411285
1.4500173596210354e-09	-1.3102816e-08	-4.5431876e-09	0.90471154	-1.9734488e-17	0.21370375
1.4525354231183509e-09	-1.3892936e-08	-7.489675e-09	0.9082547	-1.9659914e-17	0.21293823
1.4550041341642357e-09	-1.5670704e-08	-1.1127518e-08	0.9121207	-1.956546e-17	0.21310513
1.4575222179050203e-09	-1.7316788e-08	-1.655959e-08	0.9163743	-1.9438878e-17	0.21272066
1.4600403178783448e-09	-1.7514317e-08	-2.4493707e-08	0.9206239	-1.926979e-17	0.21213348
1.4625090653506886e-09	-1.5868235e-08	-3.3711768e-08	0.9240007	-1.9047554e-17	0.21194911
1.4650272005834884e-09	-1.1374429e-08	-4.6880427e-08	0.9248609	-1.8748042e-17	0.21119808
1.4675453547097533e-09	-2.3045155e-10	-6.0839206e-08	0.9197067	-1.8379776e-17	0.21184255
1.4700141517847233e-09	1.8008143e-08	-6.939884e-08	0.9044455	-1.8021521e-17	0.22202924
1.4725323368218616e-09	4.233724e-08	-7.163751e-08	0.8776988	-1.7839865e-17	0.25037193
1.4750011537028185e-09	7.0781546e-08	-7.348112e-08	0.8466156	-1.8052972e-17	0.23454395
1.4775193729036155e-09	9.876494e-08	-5.5176685e-08	0.8129283	-1.8526791e-17	0.20385775
1.480037782560459e-09	1.0818054e-07	-1.1753029e-08	0.77798295	-1.896096e-17	0.1977159
1.4825070987529948e-09	9.50448e-08	3.130849e-08	0.74498695	-1.9267525e-17	0.20072405
1.4850255589159125e-09	6.860871e-08	6.034538e-08	0.7151652	-1.9476552e-17	0.20635292
1.4875434904218303e-09	3.973643e-08	7.111076e-08	0.69081193	-1.9607478e-17	0.21085347
1.4900120974068847e-09	1.458429e-08	6.755522e-08	0.6726614	-1.9681906e-17	0.21173367
1.4925301407249862e-09	-4.609031e-09	5.609849e-08	0.65970373	-1.9721829e-17	0.21180087
1.4950481532979337e-09	-1.5308567e-08	4.1612964e-08	0.65198076	-1.9740482e-17	0.21020718
1.4975167867304803e-09	-2.0016362e-08	2.8444305e-08	0.6486662	-1.974839e-17	0.21084665
1.5e-09	-1.9687146e-08	1.7909377e-08	0.6487357	-1.9752516e-17	0.21087655
