# t (s)	mx ()	my ()	mz ()
0	1.0246863e-09	5.2674637e-10	0.97953606
5.046461216914236e-12	1.1357969e-09	1.6625432e-09	0.9680343
1.0042832874997823e-11	-3.2921648e-11	2.9300267e-09	0.9621768
1.5035617938406653e-11	-3.0287917e-09	2.7654186e-09	0.9649147
2.002613019105921e-11	-5.267464e-09	-2.5020452e-09	0.9741318
2.5015521304852297e-11	3.950598e-10	-9.876494e-09	0.97646326
3.0003987798446647e-11	9.283905e-09	-7.7695095e-09	0.93047065
3.5041259253119276e-11	1.1127518e-08	3.094635e-09	0.86425996
4.0028915245074704e-11	8.131647e-09	1.0798301e-08	0.8282102
4.501567374441143e-11	4.158416e-09	1.0666614e-08	0.8124814
5.000270122199304e-11	1.2263314e-09	8.510246e-09	0.8101836
5.503904195379715e-11	3.2921648e-11	6.13783e-09	0.8157912
6.002598069824003e-11	1.975299e-10	4.967054e-09	0.82491606
6.501295755976896e-11	1.4156308e-09	3.6049206e-09	0.8351626
7.004929033452223e-11	3.0452525e-09	3.4238514e-09	0.8448698
7.503619316249261e-11	3.358008e-09	4.8065605e-09	0.853132
8.002305823130297e-11	2.5678886e-09	6.2551133e-09	0.8601141
8.500992915402074e-11	1.3004051e-09	6.8806245e-09	0.86609584
9.004615638439223e-11	4.115206e-10	6.3209566e-09	0.87149996
9.503301477782542e-11	9.218062e-10	6.2551133e-09	0.8765621
1.000198652271127e-10	-1.3168659e-10	7.1769195e-09	0.881615
1.050067309115578e-10	-1.5143958e-09	8.625472e-09	0.8869322
1.1004296571333147e-10	-4.510266e-09	8.625472e-09	0.89289045
1.150298423335456e-10	-7.045233e-09	7.901195e-09	0.8997811
1.2001671506867813e-10	-1.0666614e-08	8.049343e-09	0.90821666
1.2500361448521465e-10	-1.837028e-08	4.7407176e-09	0.91890067
1.3003991329709502e-10	-2.594226e-08	-5.6625233e-09	0.93238866
1.350268910095745e-10	-2.8246774e-08	-2.7259125e-08	0.94610006
1.400138959859181e-10	-1.2666605e-08	-5.7942103e-08	0.94482356
1.4500094193671544e-10	3.8650015e-08	-6.2156076e-08	0.8911618
1.5003736133692067e-10	7.4007865e-08	-2.5876416e-08	0.8223531
1.550250040656024e-10	5.7053217e-08	3.4436045e-08	0.77170646
1.6001157773225827e-10	1.5851773e-08	4.8592355e-08	0.74082243
1.6504784987028048e-10	-8.065804e-09	3.0999846e-08	0.72838515
1.700346930268566e-10	-1.1736568e-08	1.4090466e-08	0.7300205
1.750216212886715e-10	-9.2016e-09	5.711906e-09	0.74050945
1.8000859998472903e-10	-6.6830945e-09	3.1275567e-09	0.75680476
1.850449676619199e-10	-5.432072e-09	9.218062e-10	0.7762205
1.900319498579644e-10	-2.5020452e-09	-7.2427625e-10	0.79621196
1.9501890651635723e-10	1.0205711e-09	4.876519e-10	0.8151232
2.0000582596102014e-10	2.1069855e-09	3.2921648e-09	0.8313783
2.0504209038622255e-10	3.917676e-09	6.0246617e-09	0.8443675
2.1002895377804193e-10	2.1069855e-09	5.9258967e-09	0.8541238
2.1501579319065639e-10	1.8436124e-09	7.506136e-09	0.8616375
2.2000262106648296e-10	-5.925897e-10	8.098725e-09	0.867771
2.250388280522247e-10	-1.4814742e-09	7.2756845e-09	0.87321866
2.300256429737894e-10	-3.1604783e-09	6.4526433e-09	0.8783203
2.3501248399253403e-10	-3.654303e-09	6.3868e-09	0.88346714
2.400487070367592e-10	-3.917676e-09	6.3868e-09	0.8890248
2.450355601335715e-10	-6.551408e-09	5.6625233e-09	0.89523673
2.5002242852405e-10	-9.38267e-09	4.016441e-09	0.9026143
2.550093212730596e-10	-1.2641913e-08	2.0411421e-09	0.9117794
2.6004561387422787e-10	-1.6822963e-08	-5.135777e-09	0.92355925
2.650325759714132e-10	-1.7909377e-08	-1.817275e-08	0.93763584
2.7001955109633037e-10	-9.810651e-09	-3.7398994e-08	0.9490534
2.7500659354171547e-10	1.9357929e-08	-5.2279578e-08	0.93262863
2.8004300729519644e-10	5.6493548e-08	-2.6106868e-08	0.86358273
2.8503023328637895e-10	5.8403003e-08	1.4814741e-08	0.8019925
2.9001755490678617e-10	2.4588356e-08	4.474052e-08	0.7581731
2.9500422683872657e-10	-5.8271317e-09	3.6460726e-08	0.73443323
3.000404671050455e-10	-1.48476635e-08	1.4353839e-08	0.727677
3.05027338526524e-10	-1.0600771e-08	4.3456576e-09	0.7329627
3.100142949551533e-10	-6.9793895e-09	1.5143958e-09	0.7458847
3.1500128597504063e-10	-4.0987453e-09	-6.58433e-10	0.7635404
3.200376420536274e-10	-1.5473175e-09	-1.3168659e-10	0.78345245
3.2502460146783034e-10	5.925897e-10	6.58433e-10	0.8032639
3.3001154623144977e-10	2.436202e-09	2.7407272e-09	0.8213636
3.350478323555315e-10	3.1275567e-09	4.5761093e-09	0.83655727
3.4003470574036784e-10	2.6666536e-09	6.18927e-09	0.8482104
3.4502154287551085e-10	2.6337318e-10	6.0575833e-09	0.8570485
3.500083697522935e-10	1.0370319e-09	5.79421e-09	0.86397415
3.550445580626161e-10	-3.6213813e-10	6.650173e-09	0.8698333
3.6003137704347905e-10	-1.9752988e-09	5.530837e-09	0.87507653
3.6501819906383115e-10	-1.9752988e-09	5.7283667e-09	0.8801587
3.700050354365808e-10	-3.2921648e-09	5.267464e-09	0.88539696
3.750412552938396e-10	-4.8065605e-09	4.0493626e-09	0.89116675
3.800280968618903e-10	-6.18927e-09	3.6213814e-09	0.89773905
3.850149729088961e-10	-8.197491e-09	2.4691236e-09	0.9056817
3.900018574868353e-10	-1.1654263e-08	2.5514277e-10	0.9156717
3.950381502915267e-10	-1.6329137e-08	-8.098725e-09	0.92844635
4.000251084039509e-10	-1.5341488e-08	-2.1596602e-08	0.9427013
4.050121029633221e-10	-3.2427825e-09	-4.0164412e-08	0.9487685
4.1004853997953194e-10	3.255951e-08	-4.371995e-08	0.91086185
4.1503556040943255e-10	5.7283668e-08	-1.3761249e-08	0.8393733
4.2002307181525855e-10	4.39504e-08	2.9003973e-08	0.7838949
4.250098689660745e-10	9.415592e-09	4.233724e-08	0.74734974
4.3004609437233613e-10	-1.1193361e-08	2.4888767e-08	0.73016346
4.350329096948469e-10	-1.1720107e-08	9.744808e-09	0.72850984
4.400197765112685e-10	-7.901195e-09	4.4197312e-09	0.73689365
4.4500674773560744e-10	-4.9053255e-09	1.1193361e-09	0.7518772
4.500430882726024e-10	-1.3827093e-09	-7.2427625e-10	0.7707294
4.550300708455226e-10	1.6460824e-10	7.078154e-10	0.79069614
4.6001700449184437e-10	1.7448474e-09	1.1748913e-09	0.8100873
4.6500390313318175e-10	2.3621283e-09	3.1934e-09	0.82719654
4.700401640117119e-10	2.9629483e-09	5.9588183e-09	0.8411415
4.750270156136283e-10	1.1851794e-09	5.9588183e-09	0.8516821
4.800138308446983e-10	1.1522577e-09	6.0575833e-09	0.8597249
4.850006391657786e-10	-2.9629485e-10	6.650173e-09	0.8661664
4.900367983829445e-10	-1.1193361e-09	5.135777e-09	0.8717682
4.950236090812413e-10	-2.9629485e-10	5.6625233e-09	0.87691367
5.000104094396959e-10	-2.633732e-09	6.0575833e-09	0.8820172
5.050465956560034e-10	-4.1481276e-09	5.037012e-09	0.8874429
5.100334295623162e-10	-4.5761093e-09	5.267464e-09	0.89341867
5.15020265612811e-10	-7.835352e-09	5.0040905e-09	0.9004178
5.200071312734421e-10	-1.1456733e-08	2.6049254e-09	0.9090153
5.250433933715683e-10	-1.6329137e-08	-1.5143958e-09	0.92004067
5.300302991028034e-10	-1.9390852e-08	-1.3432032e-08	0.9336025
5.350172640798621e-10	-1.557194e-08	-3.1473096e-08	0.94697386
5.40004267265502e-10	6.7818595e-09	-5.2411263e-08	0.94277173
5.45040677162789e-10	5.0238437e-08	-3.674056e-08	0.88402194
5.500277569924401e-10	6.3868e-08	9.958798e-10	0.8174379
5.550153205286338e-10	3.497925e-08	4.134959e-08	0.7683233
5.600018691776502e-10	-9.38267e-10	4.134959e-08	0.7391319
5.650380906939453e-10	-1.3761249e-08	1.9884675e-08	0.72806555
5.700248894033878e-10	-1.1835333e-08	7.720127e-09	0.73060775
5.75011803690639e-10	-8.559629e-09	2.3703588e-09	0.7416926
5.800481000236828e-10	-5.892975e-09	-2.6337318e-10	0.7585203
5.850350572309663e-10	-1.7448474e-09	-1.1851794e-09	0.77789164
5.900220026625269e-10	0	-5.925897e-10	0.7978629
5.950089162769099e-10	2.6666536e-09	9.032877e-10	0.81660384
6.000451771165449e-10	2.1728288e-09	3.8189114e-09	0.8327303
6.050320077508603e-10	2.3045155e-10	5.135777e-09	0.84529346
6.10018821592265e-10	2.7983402e-09	5.530837e-09	0.8548261
6.150056218748675e-10	3.950598e-10	7.2756845e-09	0.8621935
6.200417591350234e-10	-2.8806442e-09	5.79421e-09	0.8682996
6.250285385877528e-10	-1.1851794e-09	4.872404e-09	0.87365186
6.300153236771036e-10	-2.633732e-09	6.7818595e-09	0.87874526
6.350020937689402e-10	-4.6419526e-09	5.5966805e-09	0.88390964
6.400382675305144e-10	-5.892975e-09	3.4238514e-09	0.8895121
6.450250664584772e-10	-6.551408e-09	2.9629483e-09	0.8958019
6.500118924695742e-10	-9.514356e-09	1.7119257e-09	0.9033027
6.550481045352386e-10	-1.3333268e-08	-3.156363e-09	0.9127544
6.600349766634004e-10	-1.5078115e-08	-1.2049323e-08	0.92466146
6.650218813638449e-10	-1.139089e-08	-2.4296178e-08	0.93884116
6.700088293373298e-10	4.115206e-09	-4.0427786e-08	0.9493536
6.750452252118634e-10	3.9045077e-08	-4.2403084e-08	0.9279883
6.800322257927762e-10	6.314372e-08	-4.0822843e-09	0.85774106
6.850194982875559e-10	4.3851635e-08	3.5948382e-08	0.7975925
6.900066422235557e-10	3.358008e-09	4.576109e-08	0.7554283
6.950426949689306e-10	-1.6691276e-08	2.7390811e-08	0.7331457
7.000294549301528e-10	-1.657605e-08	8.806541e-09	0.72774416
7.050162371894615e-10	-1.04197015e-08	6.58433e-10	0.73378825
7.100031576001174e-10	-4.9217865e-09	-1.8436124e-09	0.7472213
7.150394621651438e-10	-2.1399071e-09	-2.3374371e-09	0.7653286
7.200263674807468e-10	1.5143958e-09	-1.6131608e-09	0.78512913
7.250132703489125e-10	1.876534e-09	1.3518452e-09	0.8048644
7.300001386790283e-10	1.316866e-09	3.0452525e-09	0.8227494
7.350363333218837e-10	2.0082205e-09	3.456773e-09	0.8376561
7.400231122592687e-10	1.7448474e-09	4.4773443e-09	0.8490438
7.450098801930615e-10	-2.6995752e-09	5.5966805e-09	0.85768723
7.500459785392558e-10	-4.2798143e-10	3.7201462e-09	0.864553
7.55032713004047e-10	8.5596286e-10	3.358008e-09	0.8702856
7.600194465051036e-10	-1.2510226e-09	6.913546e-09	0.8755019
7.650061701598186e-10	-2.7983402e-09	3.4238514e-09	0.8805853
7.700422886856601e-10	-1.6460824e-10	3.0287917e-09	0.8859043
7.750290406262485e-10	-1.5143958e-09	4.3456576e-09	0.89167565
7.800158004214794e-10	-3.3909298e-09	3.3250864e-09	0.8983402
7.850025867993728e-10	-4.3785793e-09	6.58433e-10	0.9064255
7.900387788516674e-10	-6.3538783e-09	-1.2510226e-09	0.91673255
7.950256249859168e-10	-8.691315e-09	-5.3991505e-09	0.9296157
8.000125012620706e-10	-8.9546885e-09	-1.5275646e-08	0.9437866
8.050488299010701e-10	4.609031e-10	-3.0287918e-08	0.9478822
8.100358304423559e-10	2.7028673e-08	-2.79834e-08	0.9049436
8.150228148828155e-10	3.9571823e-08	-4.213971e-09	0.83413666
8.200103723658243e-10	2.6271476e-08	2.1333229e-08	0.7800757
8.250463403077092e-10	5.753058e-09	2.7785871e-08	0.74499124
8.300330941651517e-10	-6.3538783e-09	1.7508144e-08	0.729508
8.350197930322185e-10	-8.938228e-09	6.716016e-09	0.72888875
8.400066001583748e-10	-4.2468926e-09	2.8929898e-09	0.73792595
8.450428403983612e-10	-2.2715938e-09	1.0534927e-09	0.75350183
8.500297027464288e-10	-8.230412e-10	-1.3168659e-10	0.772366
8.550165640323362e-10	1.9423774e-09	5.925897e-10	0.7923545
8.600033840788199e-10	1.3827093e-09	2.7654186e-09	0.81161535
8.650395702189518e-10	1.6460824e-09	3.8436023e-09	0.8286269
8.700263402265905e-10	7.901196e-10	4.938247e-09	0.84213305
8.75013050145216e-10	2.3045155e-09	4.2798143e-09	0.8524318
8.800491083143634e-10	1.9752988e-09	4.938247e-09	0.86037767
8.850357831499322e-10	3.6213813e-10	5.7612883e-09	0.8667103
8.900224563041619e-10	-7.901196e-10	4.6748743e-09	0.8722044
8.950091381346496e-10	7.571979e-10	4.4773443e-09	0.8773339
9.000451880126944e-10	-1.975299e-10	6.2551133e-09	0.8824994
9.050318816314973e-10	-3.1604783e-09	6.5184866e-09	0.88791007
9.100185852203755e-10	-4.1481276e-09	5.530837e-09	0.89395267
9.150053097680094e-10	-6.18927e-09	6.1398873e-09	0.90105987
9.200414375569162e-10	-1.0238633e-08	5.3991505e-09	0.90991783
9.25028215490403e-10	-1.5967e-08	4.609031e-10	0.92106754
9.300150309057974e-10	-2.057603e-08	-9.3497485e-09	0.93480486
9.350019132043494e-10	-1.8995792e-08	-2.8180931e-08	0.947739
9.400382233892203e-10	1.8271515e-09	-4.9250787e-08	0.9399789
9.450251744770824e-10	4.4641755e-08	-3.9505977e-08	0.8777868
9.500122304654828e-10	6.116842e-08	-3.7859897e-09	0.8127051
9.550490447934695e-10	3.589283e-08	3.6905167e-08	0.7647605
9.600354896713277e-10	3.4814642e-09	3.7053315e-08	0.7374161
9.650221848536308e-10	-1.0683075e-08	2.0543109e-08	0.7278465
9.70008840327083e-10	-9.97526e-09	8.296255e-09	0.7312445
9.750450012971893e-10	-6.913546e-09	3.2592433e-09	0.7430444
9.80031838533028e-10	-5.18516e-09	6.5843296e-11	0.7600507
9.850186738517755e-10	-1.5473175e-09	-8.5596286e-10	0.7795416
9.900054894073118e-10	1.6460824e-10	-5.4938e-10	0.7994798
9.950416564622117e-10	1.5143958e-09	1.9094557e-09	0.8182131
1.000028404764036e-09	2.5020452e-09	3.8682937e-09	0.83389485
1.0050151186029109e-09	1.7119257e-09	4.9053255e-09	0.8461833
1.0100017608009282e-09	3.2263217e-09	3.6872247e-09	0.85550207
1.0150377898725744e-09	2.436202e-09	6.6830945e-09	0.8627956
1.0200244030118216e-09	-2.9629485e-10	7.4402924e-09	0.8687594
1.025011038830557e-09	2.3045155e-10	4.6748743e-09	0.8740759
1.0300470471059896e-09	1.9094557e-09	6.3209566e-09	0.8792136
1.035033694325606e-09	-1.1851794e-09	8.559629e-09	0.88439965
1.0400203566594952e-09	-3.4896948e-09	9.1522185e-09	0.8899958
1.0450070438815756e-09	-5.366229e-09	8.559629e-09	0.8963652
1.0500431126131877e-09	-8.855923e-09	8.823002e-09	0.90407497
1.055029849663329e-09	-1.5604861e-08	6.4526433e-09	0.9136291
1.0600166162830425e-09	-2.2024583e-08	-2.6337318e-10	0.92576104
1.0650034355670967e-09	-2.8115087e-08	-1.4880585e-08	0.9400102
1.0700396956476437e-09	-2.3588361e-08	-4.418085e-08	0.94945514
1.0750266316350919e-09	1.198348e-08	-6.729185e-08	0.9234207
1.0800135507734062e-09	6.228776e-08	-4.5826933e-08	0.8521577
1.0850008931269368e-09	6.956344e-08	9.448513e-09	0.7933967
1.0900371446315898e-09	3.313564e-08	4.727549e-08	0.7525787
1.095023746102553e-09	-1.6460824e-10	3.976935e-08	0.7321356
1.100010396100276e-09	-1.1456733e-08	2.1201542e-08	0.727886
1.105046456361912e-09	-1.1045213e-08	9.002013e-09	0.734755
1.1100332322276034e-09	-8.592551e-09	3.8847547e-09	0.74872583
1.1150200458761258e-09	-6.2551133e-09	4.2798143e-10	0.7669086
1.1200068489122982e-09	-2.8312617e-09	-5.2674637e-10	0.7867723
1.1250430086907944e-09	8.230412e-10	5.2674637e-10	0.8066076
1.1300297371764547e-09	2.2057505e-09	2.5020452e-09	0.8242459
1.1350164370584096e-09	2.897105e-09	3.8189114e-09	0.8387097
1.1400031064240858e-09	3.555538e-09	6.0575833e-09	0.8498417
1.1450391111992084e-09	1.9094557e-09	6.847703e-09	0.85837406
1.1500257183010535e-09	5.925897e-10	7.835352e-09	0.86505246
1.155012314458938e-09	-3.6213813e-10	7.670744e-09	0.8707252
1.1600482999943498e-09	-1.9094557e-09	6.847703e-09	0.8759679
1.1650349040727211e-09	-1.876534e-09	7.4402924e-09	0.8810551
1.1700215241638618e-09	-3.851833e-09	8.559629e-09	0.88635194
1.1750081789166552e-09	-6.650173e-09	6.847703e-09	0.8921801
1.180044213774292e-09	-9.5802e-09	5.267464e-09	0.8990115
1.1850309082759895e-09	-1.2444383e-08	3.374469e-09	0.90725905
1.19001765144245e-09	-1.758016e-08	-1.6296217e-09	0.91768074
1.1950044242344455e-09	-2.1234463e-08	-1.2905287e-08	0.9307733
1.2000406343516874e-09	-1.813983e-08	-3.3448394e-08	0.9449198
1.2050275260781176e-09	6.168694e-09	-5.8073788e-08	0.94675714
1.2100144644678292e-09	5.5374212e-08	-4.6880427e-08	0.89892477
1.2150014199940374e-09	7.7826776e-08	-1.7119257e-09	0.82911694
1.2200383828222632e-09	4.4493607e-08	4.8987413e-08	0.7760398
1.2250247941608376e-09	-3.7859896e-10	5.0831026e-08	0.7430669
1.2300114451089857e-09	-1.89711e-08	2.6600691e-08	0.7289683
1.2350474172486532e-09	-1.6493747e-08	8.296255e-09	0.72937864
1.2400341210849709e-09	-1.058431e-08	1.2510226e-09	0.7391108
1.2450209203720984e-09	-6.617251e-09	-1.4485525e-09	0.7549467
1.2500077084904949e-09	-2.5020452e-09	-2.6008102e-09	0.773976
1.2550438732652385e-09	4.609031e-10	-6.9958506e-10	0.79417026
1.260030615661725e-09	1.679004e-09	1.508223e-09	0.81327456
1.2650173316303477e-09	2.1399071e-09	2.7078055e-09	0.82985437
1.2700040072206798e-09	2.3703588e-09	4.213971e-09	0.8430825
1.2750400132573165e-09	2.3045155e-09	6.5184866e-09	0.8532364
1.2800266248709513e-09	8.888845e-10	6.716016e-09	0.86093855
1.2850131887280423e-09	-5.925897e-10	6.3868e-09	0.86718047
1.2900491568312738e-09	-1.958838e-09	5.563759e-09	0.87268114
1.2950357396848882e-09	-2.2386721e-09	4.6748743e-09	0.87779593
1.3000223451360156e-09	-2.3045155e-09	4.872404e-09	0.8829236
1.3050089840510604e-09	-3.3250864e-09	5.8271317e-09	0.8883721
1.3100450063917723e-09	-6.3868e-09	5.7283667e-09	0.8945484
1.3150316781513678e-09	-8.493785e-09	3.8847547e-09	0.90177906
1.3200183695827144e-09	-1.1720107e-08	1.1851794e-09	0.9107251
1.325005110730666e-09	-1.5078115e-08	-4.872404e-09	0.9220933
1.3300412761350867e-09	-1.636206e-08	-1.5670704e-08	0.93613034
1.335028134639653e-09	-9.316826e-09	-3.476526e-08	0.9484486
1.3400150551042354e-09	1.9094557e-08	-4.9909218e-08	0.93705016
1.3450019853052769e-09	5.471578e-08	-2.2913467e-08	0.87177444
1.3500384748843388e-09	5.754704e-08	1.7855879e-08	0.8076204
1.3550257644512946e-09	1.9814717e-08	4.474052e-08	0.76178336
1.3600121720702975e-09	-8.7242364e-09	3.3217944e-08	0.73603576
1.365048164559585e-09	-1.337442e-08	1.3892936e-08	0.72770864
1.3700347890387604e-09	-9.876494e-09	4.5966853e-09	0.73200965
1.375021544064318e-09	-6.485565e-09	5.925897e-10	0.7442676
1.3800083166434291e-09	-3.1934e-09	-3.950598e-10	0.7615698
1.3850444677283117e-09	-2.0082205e-09	-6.9135464e-10	0.7813642
1.3900312292145106e-09	7.901196e-10	-4.3621184e-10	0.8012516
1.3950179660328e-09	2.0411421e-09	2.5678886e-09	0.8196046
1.4000046578391162e-09	9.876494e-10	3.9505976e-09	0.8350164
1.4050406753048793e-09	1.316866e-09	3.2263217e-09	0.84714144
1.4100272990082308e-09	1.5473175e-09	4.5431876e-09	0.8562317
1.4150138790421476e-09	1.6460824e-10	5.3991505e-09	0.8633155
1.4200004736389014e-09	-6.58433e-10	5.1028555e-09	0.86920744
1.4250364191830378e-09	-1.3497876e-09	4.0822843e-09	0.87454236
1.4300230158308478e-09	-1.218101e-09	4.4773443e-09	0.8796257
1.4350096222600516e-09	-1.5802392e-09	5.0040905e-09	0.8848331
1.440045632307376e-09	-3.753068e-09	5.8271317e-09	0.8905364
1.4450322928586795e-09	-5.0040905e-09	4.4773443e-09	0.89699763
1.4500189712924042e-09	-8.032882e-09	3.358008e-09	0.9047675
1.455005690340845e-09	-1.158842e-08	6.58433e-10	0.91450846
1.460041820590394e-09	-1.5539019e-08	-7.901195e-09	0.92699724
1.4650286318531116e-09	-1.3563719e-08	-2.0543109e-08	0.94128025
1.47001551365092e-09	-1.3497876e-09	-3.8781703e-08	0.9493162
1.4750024309681577e-09	3.1901077e-08	-4.2798142e-08	0.9184893
1.4800387347605528e-09	5.7151983e-08	-1.2115167e-08	0.8461343
1.4850261343105082e-09	4.4477147e-08	2.8814673e-08	0.7888953
1.4900128561289238e-09	7.600786e-09	4.1678806e-08	0.7502143
1.4950488224403501e-09	-1.1851793e-08	2.6073947e-08	0.7311444
1.5000354048451022e-09	-1.2148089e-08	1.0279785e-08	0.7281271
1.5050220594593693e-09	-7.7695095e-09	2.7654186e-09	0.73565626
1.510008826102112e-09	-4.7736393e-09	5.2674637e-10	0.7500805
1.5150449852906017e-09	-1.316866e-09	-6.58433e-10	0.76867294
1.5200317545762896e-09	-4.2798143e-10	-1.975299e-10	0.7885926
1.5250185085229509e-09	1.316866e-09	-5.349768e-11	0.8081298
1.5300052156432674e-09	2.633732e-09	2.399165e-09	0.8255427
1.535041285618891e-09	2.4032802e-09	3.6872247e-09	0.839852
1.540027913991914e-09	2.5020452e-09	4.115206e-09	0.8507063
1.545014512255995e-09	1.1193361e-09	6.0575833e-09	0.8589678
1.5500010800581966e-09	-1.3168659e-10	6.2551133e-09	0.8655402
1.5550370382477207e-09	-2.057603e-09	6.0246617e-09	0.8712098
1.5600236239923342e-09	-1.316866e-09	4.872404e-09	0.8763786
1.5650102238872672e-09	-2.0740638e-09	5.0040905e-09	0.88147163
1.5700462112813018e-09	-3.358008e-09	4.411501e-09	0.88685364
1.5750328429265517e-09	-3.917676e-09	3.8847547e-09	0.89274794
1.5800195024757228e-09	-4.971169e-09	3.851833e-09	0.8996148
1.5850061917641979e-09	-7.901195e-09	3.8189114e-09	0.90801084
1.5900422912466506e-09	-1.1357969e-08	3.950598e-10	0.9187574
1.5950290688604047e-09	-1.5341488e-08	-6.3209566e-09	0.9320741
1.6000159076900872e-09	-1.3827092e-08	-2.0115127e-08	0.94585836
1.6050028045377764e-09	-1.3991701e-10	-3.8254957e-08	0.9452851
1.6100391160374237e-09	3.2592432e-08	-3.39093e-08	0.8920691
1.6150260957055524e-09	4.9184944e-08	-7.242763e-09	0.8236498
1.6200136413714997e-09	3.3069796e-08	2.7061596e-08	0.7726105
1.625049356354883e-09	5.629602e-09	3.2296136e-08	0.74107355
1.6300360042152149e-09	-8.049343e-09	1.8296205e-08	0.72848314
1.635022608445943e-09	-8.032882e-09	6.847703e-09	0.72987396
1.6400092966095713e-09	-4.411501e-09	3.555538e-09	0.7402026
1.6450454468779046e-09	-3.0287917e-09	2.2386721e-09	0.7565812
1.6500322141713548e-09	-1.6131608e-09	7.2427625e-10	0.7757777
1.6550189825759103e-09	8.888845e-10	7.2427625e-10	0.79577166
1.660005729646609e-09	3.358008e-09	2.5020452e-09	0.8147257
1.6650418175413257e-09	2.9300267e-09	4.4279616e-09	0.83119637
1.6700284671962358e-09	1.2839443e-09	5.267464e-09	0.8441163
1.6750150863534013e-09	1.6131608e-09	4.6419526e-09	0.8539329
1.680001664174265e-09	1.2839443e-09	5.530837e-09	0.8614865
1.6850376079285992e-09	6.9135464e-10	6.3868e-09	0.8676993
1.690024189918011e-09	0	6.2551133e-09	0.8731015
1.6950107825290504e-09	-7.571979e-10	6.0575833e-09	0.87820554
1.7000467570514214e-09	-1.8436124e-09	6.3209566e-09	0.88339984
1.7050333734165444e-09	-2.3703588e-09	6.5843295e-09	0.8888932
1.7100200228497197e-09	-4.938247e-09	7.242763e-09	0.8950844
1.7150066938474166e-09	-7.111076e-09	6.5843295e-09	0.9024287
1.7200427547342409e-09	-1.198348e-08	5.5966805e-09	0.91164625
1.7250294978333807e-09	-1.7843533e-08	1.4814742e-10	0.92326105
1.7300162907648952e-09	-2.1925818e-08	-1.198348e-08	0.93730396
1.7350031495331815e-09	-1.8814722e-08	-3.3711768e-08	0.9489405
1.7400394334882315e-09	6.008201e-09	-5.412319e-08	0.933228
1.7450263625528515e-09	4.8987413e-08	-3.8254957e-08	0.8652165
1.7500135395316783e-09	6.162933e-08	2.6831144e-09	0.8032241
1.7550006985980375e-09	3.3139756e-08	4.0427786e-08	0.758955
1.7600365249566714e-09	5.7612887e-10	3.6757022e-08	0.73462665
1.7650231236162171e-09	-1.0271554e-08	1.9851754e-08	0.72767276
1.7700097453629852e-09	-9.2345225e-09	9.327114e-09	0.732743
1.775045864502503e-09	-7.143998e-09	5.086395e-09	0.74567467
1.780032648717497e-09	-5.892975e-09	1.8106907e-09	0.7632859
1.7850194204040397e-09	-2.633732e-09	2.9629485e-10	0.78298455
1.7900061752537386e-09	-5.925897e-10	8.991725e-10	0.8028142
1.795042270727455e-09	1.8106907e-09	2.4691236e-09	0.8211376
1.8000289558584336e-09	2.633732e-09	3.8189114e-09	0.83624434
1.8050155967305487e-09	3.358008e-09	5.464994e-09	0.8479722
1.8100021952889298e-09	2.9300267e-09	7.7695095e-09	0.85686606
1.81503814648999e-09	7.2427625e-10	7.967039e-09	0.8638884
1.8200247430088065e-09	-1.218101e-09	8.362099e-09	0.8697045
1.8250113147229855e-09	-2.4691236e-09	6.9793895e-09	0.8749556
1.830047288485743e-09	-2.897105e-09	5.8600533e-09	0.88008803
1.835033876956916e-09	-3.7859897e-09	6.5843295e-09	0.8853219
1.8400204996402314e-09	-5.9258967e-09	6.2551133e-09	0.8910223
1.8450071355286821e-09	-9.1522185e-09	4.213971e-09	0.8975686
1.8500432085081303e-09	-1.1259204e-08	2.3703588e-09	0.9055582
1.8550299070151409e-09	-1.5703627e-08	-1.2510226e-09	0.91551405
1.8600166714510407e-09	-1.9621302e-08	-1.158842e-08	0.92811257
1.8650034767064462e-09	-1.4617212e-08	-2.8707678e-08	0.9423808
1.8700397396591647e-09	4.559648e-09	-4.9645845e-08	0.9488687
1.875026671758118e-09	4.6287838e-08	-4.648537e-08	0.91251636
1.8800135917821677e-09	7.150582e-08	-5.135777e-09	0.8409084
1.8850010618793438e-09	4.753886e-08	4.0954532e-08	0.7850242
1.890037049324367e-09	3.3662386e-09	5.0370122e-08	0.74772483
1.8950236405094304e-09	-1.75637e-08	2.7917558e-08	0.7303741
1.9000102150779446e-09	-1.7448473e-08	9.3497485e-09	0.7284119
1.905046268418882e-09	-1.1555499e-08	1.1851794e-09	0.73672026
1.9100330338967506e-09	-6.847703e-09	-6.58433e-10	0.7516287
1.9150198060092932e-09	-3.6872247e-09	-2.0740638e-09	0.770252
1.9200065685596925e-09	-2.3045155e-10	-1.9341468e-09	0.790209
1.9250426913657356e-09	1.5143958e-09	2.7983402e-10	0.80981874
1.9300294011643353e-09	1.9094557e-09	2.99587e-09	0.82697004
1.9350160805942537e-09	2.633732e-09	5.1028555e-09	0.8408447
1.9400026975492284e-09	1.316866e-09	6.288035e-09	0.8514572
1.945038662308657e-09	0	5.6625233e-09	0.85962033
1.9500252339859937e-09	-8.230412e-10	6.4526433e-09	0.86607957
1.955011816183814e-09	-2.2715938e-09	5.135777e-09	0.871638
1.9600477664453392e-09	-2.4032802e-09	4.7407176e-09	0.8768385
1.965034358037364e-09	-3.2592433e-09	4.938247e-09	0.8819401
1.970020980894141e-09	-4.1481276e-09	4.938247e-09	0.8873038
1.9750076100339927e-09	-5.8271317e-09	4.8065605e-09	0.8932598
1.9800436405381643e-09	-8.888845e-09	3.6872247e-09	0.90030295
1.9850303324916783e-09	-1.0995831e-08	-3.950598e-10	0.9088712
1.9900170553109057e-09	-1.3004051e-08	-5.6460627e-09	0.91973495
1.995003821181554e-09	-1.178595e-08	-1.4748899e-08	0.93324053
2.0000400396968323e-09	-4.4773443e-09	-2.8312618e-08	0.9468235
2.005026940463207e-09	1.7831187e-08	-3.990104e-08	0.9431737
2.010013878432702e-09	4.8822805e-08	-1.9094557e-08	0.8859236
2.0150008935481443e-09	5.326723e-08	1.5045194e-08	0.81889284
2.0200377752311905e-09	2.0082206e-08	4.1184983e-08	0.76892334
2.0250240984098e-09	-8.650163e-09	3.232906e-08	0.73942834
2.030010729720669e-09	-1.4551369e-08	1.2411461e-08	0.7281506
2.035046683606983e-09	-9.958799e-09	3.1604783e-09	0.73049605
2.04003340713795e-09	-5.6789844e-09	-1.975299e-10	0.7414731
2.04502018498629e-09	-2.3374371e-09	-2.1069855e-09	0.7580555
2.05000693672012e-09	3.2098607e-10	-2.1728288e-09	0.77738655
2.0550430817318722e-09	2.534967e-09	-3.950598e-10	0.79755956
2.0600298246015363e-09	4.0493626e-09	2.8292042e-09	0.81633204
2.065016521135135e-09	3.358008e-09	4.2633537e-09	0.8323666
2.070003166185208e-09	1.9752988e-09	5.135777e-09	0.8450146
2.075039138433922e-09	9.876494e-10	6.2221917e-09	0.8546966
2.0800257172190856e-09	1.3168659e-10	5.7283667e-09	0.86209047
2.085012298414669e-09	-3.2921648e-11	4.8065605e-09	0.86815596
2.0900482489468093e-09	-3.6213813e-10	4.6748743e-09	0.87357074
2.0950348402259183e-09	-1.0534927e-09	4.5431876e-09	0.87866527
2.100021452707361e-09	-1.5473175e-09	4.411501e-09	0.883826
2.105008069009527e-09	-2.2057505e-09	4.1481276e-09	0.88936186
2.1100440812050825e-09	-4.0822843e-09	4.938247e-09	0.8956943
2.1150307449886124e-09	-5.267464e-09	3.8189114e-09	0.9031711
2.120017437993513e-09	-7.901195e-09	2.876529e-09	0.9124832
2.1250041810607285e-09	-1.1522577e-08	-9.876494e-10	0.92431897
2.130040361842527e-09	-1.4123387e-08	-9.086375e-09	0.9386123
2.135027222288787e-09	-1.1028752e-08	-2.475708e-08	0.9493104
2.1400141368709707e-09	7.999961e-09	-3.8189114e-08	0.9293342
2.1450010609762668e-09	3.7069775e-08	-2.3835273e-08	0.85953397
2.150037677949862e-09	4.0822844e-08	6.650173e-09	0.79842526
2.1550246828605763e-09	2.0205661e-08	2.8839365e-08	0.75594366
2.160011184157771e-09	4.773639e-10	2.3703587e-08	0.7334889
2.1650471457818214e-09	-6.617251e-09	1.2213931e-08	0.727725
2.1700337955026188e-09	-4.888865e-09	5.7931815e-09	0.7336248
2.175020541328953e-09	-3.094635e-09	2.8312617e-09	0.7469602
2.1800073175320606e-09	-8.230412e-10	1.1193361e-09	0.76482743
2.1850434548894816e-09	-5.5966803e-10	7.2427625e-10	0.78480333
2.1900302148177642e-09	1.218101e-09	9.218062e-10	0.80455387
2.195016923198697e-09	3.094635e-09	2.5020452e-09	0.8224808
2.2000036115028313e-09	2.7654186e-09	3.4238514e-09	0.8373136
2.205039613936781e-09	3.3909298e-09	3.8189114e-09	0.848882
2.2100262136150683e-09	2.732497e-09	5.069934e-09	0.85756284
2.2150127897934592e-09	1.4156308e-09	6.0575833e-09	0.8643908
2.2200487352428055e-09	2.6337318e-10	5.99174e-09	0.8701967
2.2250353216198763e-09	-1.1851794e-09	5.99174e-09	0.8754178
2.2300219090620137e-09	-1.1522577e-09	5.6625233e-09	0.88050073
2.2350085089972957e-09	-1.5473175e-09	6.1234267e-09	0.8857601
2.2400445038461572e-09	-2.633732e-09	7.0781545e-09	0.89157414
2.245031150315177e-09	-5.7283667e-09	7.506136e-09	0.8982199
2.2500178248378153e-09	-7.999961e-09	5.5966805e-09	0.90627617
2.255004541554026e-09	-1.2905287e-08	3.7119159e-09	0.9164282
2.2600406733689043e-09	-1.8534887e-08	-3.456773e-09	0.92938095
2.2650274917577594e-09	-2.2222112e-08	-1.8831184e-08	0.9435733
2.2700143740304904e-09	-1.2255084e-08	-4.3456577e-08	0.94817644
2.2750013024860625e-09	2.5102757e-08	-5.2411263e-08	0.90686274
2.28003760599593e-09	5.7810414e-08	-2.5744729e-08	0.83517766
2.2850251344337633e-09	5.0699338e-08	2.2411411e-08	0.7808308
2.2900116377508896e-09	1.7596621e-08	4.032902e-08	0.74564797
2.2950476223222525e-09	-5.415611e-09	2.8707678e-08	0.72963136
2.300034182382201e-09	-1.05020055e-08	1.3333268e-08	0.72880715
2.305020879766519e-09	-8.609011e-09	5.4279568e-09	0.7377138
2.310007635304069e-09	-5.234542e-09	1.2510226e-09	0.75303215
2.3150437771116935e-09	-2.9629483e-09	5.2674637e-10	0.7720339
2.3200305537095693e-09	-1.777769e-09	-9.876495e-11	0.7920184
2.3250172980593895e-09	1.6748889e-09	8.5596286e-10	0.8113064
2.3300040129720433e-09	2.0411421e-09	3.0287917e-09	0.8282176
2.3350400361664567e-09	1.9752988e-09	4.2798143e-09	0.841933
2.34002666149784e-09	2.2386721e-09	4.609031e-09	0.8522802
2.345013237776883e-09	1.679004e-09	6.3209566e-09	0.8601902
2.3500491792048836e-09	6.748938e-10	6.1234267e-09	0.86661154
2.3550357566095557e-09	-9.876495e-11	6.1234267e-09	0.8721152
2.3600223407281278e-09	-4.609031e-10	5.0040905e-09	0.8772477
2.3650089328341043e-09	-1.1851794e-09	6.5843295e-09	0.88235915
2.370044916146022e-09	-3.0287917e-09	6.2551133e-09	0.8878137
2.3750315597829992e-09	-3.9835193e-09	5.6625233e-09	0.89384216
2.3800182121624576e-09	-4.6748743e-09	5.514376e-09	0.90092665
2.385004898898457e-09	-9.020532e-09	4.5431876e-09	0.909653
2.3900410086653754e-09	-1.3366189e-08	6.5843296e-11	0.92085373
2.395027788515134e-09	-1.738263e-08	-8.164569e-09	0.9345561
2.400014631755316e-09	-1.7020492e-08	-2.35719e-08	0.9475895
2.4050015203005664e-09	-1.2510226e-09	-4.4246697e-08	0.9408531
2.4100378309818966e-09	3.6082128e-08	-3.6477186e-08	0.87907016
2.415024872311015e-09	5.188452e-08	-7.563749e-09	0.8136763
2.4200122874316835e-09	3.4246746e-08	2.8444305e-08	0.76578265
2.4250480430184143e-09	6.4608736e-09	3.311918e-08	0.73772246
2.4300346453438334e-09	-7.5719795e-09	1.9901137e-08	0.7278846
2.4350212447320785e-09	-8.263334e-09	8.218066e-09	0.73110753
2.44000796318219e-09	-5.9423577e-09	3.7036854e-09	0.74264354
2.4450441247429103e-09	-3.2921648e-09	1.3497876e-09	0.7597305
2.4500308879648008e-09	-1.6460824e-09	1.0205711e-09	0.7791972
2.455017640171492e-09	-1.6460824e-10	1.4444373e-09	0.799143
2.460004377910399e-09	1.0864144e-09	2.5308518e-09	0.817743
2.4650404342858246e-09	1.316866e-09	3.1687086e-09	0.83365303
2.4700270753440363e-09	1.316866e-09	4.0822843e-09	0.8459987
2.4750136767176125e-09	1.9423774e-09	4.4444226e-09	0.8553615
2.4800002670528253e-09	7.571979e-10	5.5966805e-09	0.8626193
2.485036196974967e-09	-4.938247e-10	5.530837e-09	0.86866313
2.490022781669369e-09	-7.571979e-10	6.0575833e-09	0.87398684
2.4950093653598443e-09	-2.1069855e-09	5.7283667e-09	0.87907517
2.5000453288011257e-09	-2.7654186e-09	5.333307e-09	0.8843073
2.505031956415688e-09	-3.5226164e-09	4.1481276e-09	0.8898933
2.510018592502029e-09	-4.4444226e-09	5.0040905e-09	0.8962456
2.5150052594143714e-09	-7.539057e-09	4.0246717e-09	0.9038448
2.520041339118252e-09	-1.139089e-08	4.609031e-10	0.9134428
2.5250280893311317e-09	-1.4156309e-08	-5.9258967e-09	0.92552704
2.5300149006918025e-09	-1.5242723e-08	-1.7514317e-08	0.93976456
2.5350017566967605e-09	-4.4444226e-09	-3.5226165e-08	0.94945216
2.5400380589467086e-09	2.6139789e-08	-4.2403084e-08	0.9244247
2.545024971625271e-09	5.2806325e-08	-1.4394991e-08	0.8533278
2.5500122757061458e-09	4.5168502e-08	2.3822928e-08	0.7942749
2.5550485340402235e-09	1.1357969e-08	4.0164412e-08	0.7531039
2.5600350794475556e-09	-9.357978e-09	2.6600691e-08	0.7323406
2.5650216566230648e-09	-1.1555499e-08	1.0666614e-08	0.7278497
2.5700083044035495e-09	-6.666634e-09	3.1604783e-09	0.7344612
2.575044422797998e-09	-5.0040905e-09	2.1728288e-09	0.7484378
2.5800311953526965e-09	-3.2921648e-09	-3.950598e-10	0.7665716
2.5850179675389115e-09	3.292165e-10	-4.609031e-10	0.7864226
2.5900047284935913e-09	2.0082205e-09	1.9567805e-09	0.80609006
2.5950408172373347e-09	1.5143958e-09	2.6748839e-09	0.82396364
2.600027487496191e-09	2.2386721e-09	2.419741e-09	0.8384869
2.6050141131374462e-09	2.8312617e-09	4.0493626e-09	0.849673
2.610000699270453e-09	7.407371e-10	5.9258967e-09	0.85817057
2.615036645253666e-09	-6.5843296e-11	5.135777e-09	0.86494637
2.6200232173540226e-09	-3.2921648e-11	5.6625233e-09	0.87063146
2.6250098054166017e-09	-1.2510226e-09	5.5966805e-09	0.8758287
2.6300457616702776e-09	-1.8106907e-09	5.267464e-09	0.8809653
2.6350323605346365e-09	-2.6995752e-09	4.938247e-09	0.8862558
2.6400189920525982e-09	-4.213971e-09	4.411501e-09	0.89207155
2.645005654562322e-09	-4.8065605e-09	2.8312617e-09	0.89880925
2.6500416949260073e-09	-7.209841e-09	2.2386721e-09	0.90709823
2.6550284175253114e-09	-9.909416e-09	-1.8106906e-10	0.9174759
2.660015192425876e-09	-1.198348e-08	-6.3209566e-09	0.93052393
2.665002019494528e-09	-1.1193361e-08	-1.7678925e-08	0.9445876
2.6700382865530834e-09	3.374469e-10	-3.1868154e-08	0.947028
2.675025202652161e-09	2.7127438e-08	-2.9892856e-08	0.9002318
2.6800121478673948e-09	4.3983324e-08	-7.111076e-09	0.8301862
2.6850490903186306e-09	2.9695327e-08	2.3687127e-08	0.7767999
2.690035482662239e-09	5.152238e-09	2.8724138e-08	0.74346983
2.6950221104624433e-09	-6.650173e-09	1.7514317e-08	0.72907597
2.7000086815640757e-09	-6.9300072e-09	6.847703e-09	0.72922367
2.7050447385496157e-09	-3.9012154e-09	3.358008e-09	0.7388793
2.710031509323451e-09	-2.5020452e-09	2.5678886e-09	0.75463367
2.715018276277058e-09	-1.4485525e-09	6.9135464e-10	0.7736284
2.720005061579562e-09	5.2674637e-10	2.4691235e-10	0.79362506
2.7250411646853447e-09	1.876534e-09	1.2510226e-09	0.8129571
2.7300278650457462e-09	2.3703588e-09	1.7119257e-09	0.82959145
2.735014525258315e-09	2.2057505e-09	2.897105e-09	0.84287935
2.740001148293542e-09	2.6666536e-09	3.753068e-09	0.8529963
2.7450371004893226e-09	1.8600731e-09	4.411501e-09	0.86081827
2.7500236799422324e-09	1.5143958e-09	4.4773443e-09	0.8670795
2.7550102531316335e-09	1.9752988e-09	5.267464e-09	0.87253785
2.7600462087308763e-09	-1.3168659e-10	6.3209566e-09	0.87770677
2.7650328047608008e-09	-1.1851794e-09	6.0575833e-09	0.88283163
2.7700194164847337e-09	-2.6008102e-09	6.716016e-09	0.88827187
2.7750060439645105e-09	-4.7407176e-09	6.7818595e-09	0.8943678
2.7800420846690065e-09	-6.748938e-09	6.4526433e-09	0.9016392
2.7850287879044265e-09	-1.1193361e-08	5.831247e-09	0.910549
2.790015507177699e-09	-1.6855884e-08	1.5802392e-09	0.92186946
2.7950022964439756e-09	-2.2287956e-08	-1.0534928e-08	0.93573046
2.8000385210818416e-09	-1.8633653e-08	-3.0090387e-08	0.94832355
2.805025432726947e-09	1.4156308e-09	-5.254295e-08	0.9377235
2.810012356535255e-09	4.5168502e-08	-4.0098566e-08	0.87306607
2.815048839811329e-09	6.0575836e-08	-2.6995752e-09	0.80859137
2.820036120876224e-09	3.597513e-08	3.6608874e-08	0.76241696
2.8250225257645554e-09	4.7736393e-09	3.712739e-08	0.73632526
2.8300091312338308e-09	-8.477325e-09	2.0855865e-08	0.72773904
2.83504513457983e-09	-8.872385e-09	9.818882e-09	0.7318567
2.8400318664518824e-09	-7.2592234e-09	5.1028555e-09	0.7439994
2.845018631894678e-09	-5.3003855e-09	1.2510226e-09	0.761239
2.850005390730878e-09	-1.9423774e-09	-1.6460824e-11	0.7808131
2.8550415184234647e-09	-5.925897e-10	4.609031e-10	0.80090976
2.860028249761553e-09	1.1851794e-09	2.0946398e-09	0.8193041
2.8650149404641533e-09	3.358008e-09	3.6872247e-09	0.83477473
2.870001583356655e-09	2.3703588e-09	5.2510027e-09	0.84685427
2.8750375500984383e-09	1.8106907e-09	5.267464e-09	0.85609174
2.8800241347816674e-09	1.316866e-09	5.7283667e-09	0.86320317
2.8850106997675465e-09	4.2798143e-10	7.308606e-09	0.8691104
2.890046640531201e-09	-1.1851794e-09	8.427942e-09	0.8744521
2.895033233809305e-09	-2.4691236e-09	6.3868e-09	0.8795359
2.900019825388316e-09	-3.358008e-09	6.4526433e-09	0.8847387
2.9050064532159217e-09	-5.2016205e-09	6.3538783e-09	0.890372
2.9100424699790856e-09	-7.868274e-09	5.267464e-09	0.8968742
2.9150291499504773e-09	-9.481435e-09	3.0287917e-09	0.90461564
2.920015854778527e-09	-1.4255074e-08	4.609031e-10	0.9143155
2.9250026087709047e-09	-1.8864105e-08	-7.637823e-09	0.92662066
2.9300387777458285e-09	-1.8501966e-08	-2.2650093e-08	0.9410362
2.9350256613663643e-09	-5.4485327e-09	-4.5431875e-08	0.9493662
2.9400125921339947e-09	3.389284e-08	-5.3464756e-08	0.91959697
2.9450488842910634e-09	6.709432e-08	-1.777769e-08	0.84729034
2.9500362612967187e-09	5.3826895e-08	3.1473096e-08	0.78975654
2.9550229973542935e-09	1.3076067e-08	4.9184944e-08	0.75071764
2.9600095942514065e-09	-1.2329157e-08	3.2263216e-08	0.73143077
2.9650455297563212e-09	-1.6032843e-08	1.2197471e-08	0.7280736
2.9700321904773266e-09	-1.0353858e-08	2.7839369e-09	0.73545605
2.9750189541555035e-09	-5.6625233e-09	8.39502e-10	0.74978304
2.980005720952186e-09	-4.016441e-09	-3.292165e-10	0.7681367
2.985041858619712e-09	-6.9135464e-10	-1.0534927e-09	0.78823924
2.9900286071765787e-09	2.2715938e-09	1.3209811e-09	0.8077991
2.9950153194895573e-09	2.6666536e-09	3.3497778e-09	0.8252618
3.000001993390758e-09	2.3374371e-09	4.7736393e-09	0.8395084
3.0050379919516993e-09	4.2798143e-10	5.3991505e-09	0.85054
3.01002458515544e-09	-3.6213813e-10	5.0040905e-09	0.8588392
3.0150111738997194e-09	-6.748938e-10	5.3991505e-09	0.8654343
3.020047113192087e-09	-1.7448474e-09	5.9588183e-09	0.87111586
3.025033678161815e-09	-2.6008102e-09	5.267464e-09	0.876289
3.030020276153892e-09	-2.6666536e-09	4.3456576e-09	0.88138056
3.0350068812595103e-09	-2.633732e-09	4.0822843e-09	0.88670087
3.0400428845607784e-09	-4.115206e-09	4.312736e-09	0.8926369
3.0450295374472915e-09	-5.135777e-09	3.3250864e-09	0.89948237
3.050016218596734e-09	-7.7695095e-09	1.6481401e-09	0.90784544
3.0550029352401622e-09	-1.1127518e-08	-1.316866e-09	0.91842806
3.060039073226444e-09	-1.2938208e-08	-9.218062e-09	0.9318202
3.0650259176027116e-09	-1.037032e-08	-2.2913467e-08	0.9456592
3.0700128002707373e-09	5.7283667e-09	-3.753068e-08	0.9456385
3.0750491116342885e-09	3.776113e-08	-2.7390811e-08	0.89341044
3.08003607091634e-09	4.832898e-08	1.777769e-09	0.82470375
3.0850236497433193e-09	2.6518387e-08	3.2065685e-08	0.7733481
3.0900099995221268e-09	-7.7365875e-10	3.2460747e-08	0.74166256
3.095045977176144e-09	-1.158842e-08	1.5539019e-08	0.72856814
3.1000325717629483e-09	-8.98761e-09	4.609031e-09	0.72976094
3.1050192754146725e-09	-5.5966805e-09	2.633732e-09	0.7399608
3.110006042589796e-09	-3.9012154e-09	5.2674637e-10	0.75608206
3.1150421980170432e-09	-1.3827093e-09	-7.901196e-10	0.7754264
3.120028955747777e-09	5.2674637e-10	-3.292165e-10	0.7954223
3.1250156900749654e-09	1.8106907e-09	1.3518452e-09	0.8144099
3.1300023841493414e-09	2.2057505e-09	2.493815e-09	0.8307915
3.1350384131774407e-09	2.633732e-09	4.2798143e-09	0.8439171
3.1400250255029536e-09	1.5802392e-09	4.872404e-09	0.8537819
3.1450116134253545e-09	1.1522577e-09	5.135777e-09	0.8613675
3.1500475524167508e-09	6.5843296e-11	5.168699e-09	0.8675988
3.1550341302215438e-09	-3.292165e-10	5.3003855e-09	0.8730098
3.160020713471204e-09	-1.0864144e-09	5.79421e-09	0.8781159
3.1650073001909703e-09	-1.5143958e-09	4.938247e-09	0.8832547
3.1700432993717813e-09	-2.3703588e-09	5.464994e-09	0.8887913
3.1750299350491947e-09	-3.851833e-09	5.563759e-09	0.89496654
3.1800165994747077e-09	-6.090505e-09	5.333307e-09	0.90228564
3.1850032971135238e-09	-1.0666614e-08	4.8065605e-09	0.91136396
3.1900393990798125e-09	-1.5407332e-08	-5.2674637e-10	0.92303157
3.1950261910600254e-09	-1.9423773e-08	-1.0995831e-08	0.93704766
3.200013047611629e-09	-1.6329137e-08	-3.015623e-08	0.94884497
3.2050493313644335e-09	8.197491e-09	-5.0567653e-08	0.9340188
3.2100362528669475e-09	4.6090307e-08	-3.311918e-08	0.86648035
3.2150234087461534e-09	5.675692e-08	3.5987477e-09	0.80417645
3.2200105908595716e-09	3.0522482e-08	3.730023e-08	0.7595623
3.2250464114947163e-09	-1.4814742e-10	3.2987494e-08	0.7348902
3.2300330106975414e-09	-1.0090485e-08	1.619745e-08	0.7276738
3.235019620995592e-09	-8.510246e-09	6.7468804e-09	0.7325783
3.2400063537183737e-09	-6.0411227e-09	3.555538e-09	0.7452424
3.245042512315662e-09	-3.654303e-09	7.901196e-10	0.76294994
3.250029282944748e-09	9.876495e-11	0	0.7826297
3.2550160381376503e-09	4.2798143e-10	1.4279765e-09	0.80247307
3.2600027580288416e-09	3.094635e-09	2.5020452e-09	0.82067394
3.2650388129114987e-09	3.456773e-09	3.7201462e-09	0.8360072
3.2700254467662577e-09	2.8312617e-09	6.5020256e-09	0.8477919
3.2750120546489483e-09	1.777769e-09	7.242763e-09	0.8567283
3.280047998009806e-09	8.888845e-10	7.242763e-09	0.8637774
3.2850345729397855e-09	-1.6460824e-10	7.637823e-09	0.86960787
3.2900211443427783e-09	-9.876494e-10	7.637823e-09	0.8748652
3.2950077318622423e-09	-2.2715938e-09	6.9793895e-09	0.87994725
3.3000437097024452e-09	-2.436202e-09	7.637823e-09	0.88522625
3.3050303339605326e-09	-5.333307e-09	7.1769195e-09	0.89091545
3.310016975872772e-09	-7.5719795e-09	6.2386523e-09	0.8974429
3.315003647065408e-09	-1.0074024e-08	3.9505976e-09	0.90531576
3.320039738343181e-09	-1.4551369e-08	1.2839443e-09	0.91531616
3.3250264940061535e-09	-1.955546e-08	-6.6830945e-09	0.927867
3.330013305183891e-09	-2.0246814e-08	-2.35719e-08	0.94214237
3.335000178544066e-09	-6.1563483e-09	-4.793392e-08	0.9490399
3.3400364820502362e-09	3.3942218e-08	-5.2016205e-08	0.9137159
3.3450234009167646e-09	6.5843295e-08	-1.8304437e-08	0.8420434
3.350010855814828e-09	5.3398914e-08	2.956364e-08	0.78586173
3.3550468703558786e-09	1.30287425e-08	4.793392e-08	0.7481975
3.3600334456396108e-09	-1.0403241e-08	3.094635e-08	0.730534
3.365020019411552e-09	-1.397524e-08	1.237854e-08	0.72834396
3.3700067021847323e-09	-1.0485545e-08	3.358008e-09	0.7363904
3.375042832199728e-09	-5.5802194e-09	-2.6337318e-10	0.7513242
3.3800296096416005e-09	-1.9752988e-09	-1.4156308e-09	0.76990527
3.3850163696507293e-09	-6.9135464e-10	2.6337318e-10	0.789855
3.390003104557151e-09	1.2839443e-09	1.316866e-09	0.80930656
3.395039204757166e-09	2.3374371e-09	2.0329118e-09	0.8266936
3.400025856309211e-09	3.2921648e-09	4.2798143e-09	0.840629
3.4050124829305432e-09	1.9094557e-09	6.3868e-09	0.85129404
3.4100484516194184e-09	3.2921648e-11	5.6625233e-09	0.8594939
3.415035030703752e-09	6.5843296e-11	5.6625233e-09	0.86597496
3.4200216001162193e-09	-5.1028554e-10	6.0575833e-09	0.8715443
3.4250081711492676e-09	-1.3827093e-09	5.6625233e-09	0.87669855
3.4300441300131706e-09	-2.6995752e-09	5.0040905e-09	0.8818486
3.435030747523828e-09	-3.8847547e-09	4.609031e-09	0.8872049
3.440017377700086e-09	-4.4444226e-09	4.7407176e-09	0.89314705
3.4450040172057733e-09	-6.847703e-09	3.7201462e-09	0.90009207
3.450040081602207e-09	-9.283905e-09	1.8436124e-09	0.90870154
3.455026807806279e-09	-1.3004051e-08	-2.2386721e-09	0.91951907
3.460013592397003e-09	-1.580239e-08	-1.139089e-08	0.93298423
3.4650004294847835e-09	-1.1127518e-08	-2.7127438e-08	0.94654036
3.4700367074913475e-09	7.851813e-09	-4.3983324e-08	0.9436261
3.475023630200394e-09	4.3917478e-08	-2.9892856e-08	0.88727045
3.480010627562638e-09	5.5637585e-08	2.9464875e-09	0.81992733
3.4850475229292593e-09	2.8872286e-08	3.731669e-08	0.76963043
3.4900338568307088e-09	-1.3086355e-09	3.548954e-08	0.7397788
3.4950204548833144e-09	-1.30698945e-08	1.7308556e-08	0.72821575
3.5000070697427267e-09	-1.1028752e-08	4.872404e-09	0.73029923
3.505043153472071e-09	-6.864164e-09	2.0411421e-09	0.74122125
3.510029914788393e-09	-4.131667e-09	-6.58433e-10	0.75773066
3.515016694885901e-09	-9.876494e-10	-6.58433e-10	0.7770334
3.520003447237536e-09	7.901196e-10	7.1604583e-10	0.7970159
3.5250395625352752e-09	1.2510226e-09	1.8436124e-09	0.81601995
3.5300262686584783e-09	2.057603e-09	2.9711789e-09	0.8321119
3.5350129169254135e-09	1.8436124e-09	5.0040905e-09	0.84481937
3.5400488928819454e-09	2.3045155e-10	5.464994e-09	0.8545488
3.545035474019206e-09	8.5596286e-10	4.5431876e-09	0.8619733
3.550022047556206e-09	-6.5843296e-11	5.069934e-09	0.8680562
3.5550086291939042e-09	-1.4156308e-09	4.9053255e-09	0.8734281
3.5600445876589854e-09	-1.5802392e-09	5.0040905e-09	0.8785754
3.5650311816360714e-09	-2.2386721e-09	5.069934e-09	0.8837324
3.570017793234913e-09	-3.9505976e-09	5.563759e-09	0.88925874
3.5750044362366555e-09	-6.288035e-09	5.135777e-09	0.89550745
3.5800404691300767e-09	-8.230412e-09	2.59258e-09	0.90302485
3.5850271606544878e-09	-1.0864144e-08	6.131657e-10	0.9122983
3.5900138972253427e-09	-1.4617212e-08	-3.9505976e-09	0.9240853
3.5950007043367e-09	-1.5341488e-08	-1.6855884e-08	0.93821496
3.600036936039216e-09	-5.5966805e-09	-3.4238514e-08	0.9492548
3.6050238517633303e-09	2.2008122e-08	-4.4246697e-08	0.93022776
3.6100107735989966e-09	5.2279578e-08	-1.738263e-08	0.8607682
3.615047375470981e-09	4.793392e-08	1.999167e-08	0.7993519
3.6200344098783254e-09	1.3913512e-08	4.1020375e-08	0.7565188
3.625020893999394e-09	-8.938228e-09	2.9687097e-08	0.73372924
3.6300074931880597e-09	-1.3201581e-08	1.1851793e-08	0.727699
3.635043499964685e-09	-9.250983e-09	2.897105e-09	0.73344773
3.6400302509761298e-09	-5.99174e-09	5.925897e-10	0.74667555
3.645017022310439e-09	-2.2057505e-09	-5.925897e-10	0.7644881
3.6500037809923288e-09	-5.2674637e-10	1.3168659e-10	0.78424907
3.6550399086157174e-09	1.5143958e-09	1.4032853e-09	0.804215
3.660026638699534e-09	1.9752988e-09	3.275704e-09	0.82218796
3.6650133184680336e-09	2.3045155e-09	5.2016205e-09	0.8370809
3.6700493241508354e-09	1.3497876e-09	5.530837e-09	0.848706
3.6750359193582805e-09	6.9135464e-10	5.79421e-09	0.8574279
3.6800224974263725e-09	-9.218062e-10	4.609031e-09	0.864281
3.6850090674362472e-09	-1.1687186e-09	4.609031e-09	0.8700472
3.6900450124301785e-09	-1.2510226e-09	4.609031e-09	0.8753276
3.6950316118126953e-09	-1.8436124e-09	3.9505976e-09	0.8804102
3.7000182097144662e-09	-2.436202e-09	3.8189114e-09	0.8856637
3.7050048308677283e-09	-3.1275567e-09	4.7407176e-09	0.8914052
3.710040847405396e-09	-5.0040905e-09	3.358008e-09	0.8980916
3.7150275291009454e-09	-7.3744495e-09	2.3703588e-09	0.90611744
3.7200142364902136e-09	-1.0238633e-08	-3.292165e-10	0.91622615
3.725000999789097e-09	-1.1687185e-08	-6.370339e-09	0.9289926
3.730037191986176e-09	-1.2510227e-08	-1.659251e-08	0.94334435
3.735024077825868e-09	-2.7818794e-09	-3.2658274e-08	0.9483537
3.740011011165091e-09	2.5810573e-08	-3.4501888e-08	0.90812665
3.7450473051059865e-09	4.569525e-08	-1.0469084e-08	0.83628714
3.750034831017239e-09	3.453481e-08	2.1925818e-08	0.7816377
3.755021334586588e-09	8.691315e-09	3.1456636e-08	0.7460927
3.760007945958095e-09	-6.1069656e-09	2.0006075e-08	0.7298442
3.765043897369197e-09	-7.654283e-09	8.559629e-09	0.72872376
3.770030583135179e-09	-5.2839244e-09	4.1769344e-09	0.73749214
3.775017342109587e-09	-3.2427825e-09	2.8641833e-09	0.75272214
3.780004109101758e-09	-2.2715938e-09	8.888845e-10	0.77148974
3.785040253262262e-09	2.6337318e-10	1.1193361e-09	0.79166514
3.7900269921154e-09	1.5473175e-09	1.6028727e-09	0.81098133
3.795013700372215e-09	2.3703588e-09	2.897105e-09	0.8279457
3.800000361107686e-09	3.0617133e-09	4.7407176e-09	0.8416042
3.805036368589898e-09	2.2715938e-09	5.3991505e-09	0.85212106
3.810022942961224e-09	2.3045155e-09	4.938247e-09	0.8600661
3.815009520019188e-09	1.6131608e-09	6.5843295e-09	0.86645013
3.820045465183476e-09	-4.2798143e-10	7.045233e-09	0.87202215
3.825032044377865e-09	-5.5966803e-10	6.2551133e-09	0.87715787
3.830018635468545e-09	-9.876494e-10	6.3209566e-09	0.88226706
3.835005247347318e-09	-2.5678886e-09	7.506136e-09	0.8876577
3.840041242525709e-09	-4.0493626e-09	7.308606e-09	0.8937277
3.84502789838938e-09	-6.5843295e-09	6.617251e-09	0.90078866
3.8500145918294816e-09	-9.1522185e-09	5.5966805e-09	0.90948004
3.855001323952745e-09	-1.5539019e-08	2.0082205e-09	0.92051035
3.860037467628819e-09	-2.0938169e-08	-7.934117e-09	0.9342985
3.865024324665639e-09	-2.0608953e-08	-2.6501928e-08	0.9474297
3.870011217898719e-09	-3.9094457e-09	-5.1226085e-08	0.9413993
3.875047521285726e-09	4.0427786e-08	-4.3983324e-08	0.8804026
3.880034555739403e-09	6.149764e-08	-1.0205711e-08	0.81468594
3.885022008333583e-09	4.126729e-08	3.2592432e-08	0.76646036
3.890008345047491e-09	9.004071e-09	3.838664e-08	0.7382269
3.895044337025359e-09	-7.19338e-09	2.2699476e-08	0.7279279
3.900030932517477e-09	-8.197491e-09	1.0271554e-08	0.7309688
3.905017654666808e-09	-6.3374173e-09	6.18927e-09	0.74238354
3.910004443947643e-09	-5.333307e-09	2.633732e-09	0.75921774
3.915040577937241e-09	-3.0617133e-09	6.58433e-10	0.77884287
3.920027331945703e-09	6.5843296e-11	1.2510226e-09	0.7987962
3.925014073638035e-09	1.777769e-09	1.7036953e-09	0.81743485
3.9300007687056685e-09	2.8641833e-09	3.6872247e-09	0.833264
3.935036785665763e-09	2.2715938e-09	6.3044956e-09	0.84580827
3.940023388771656e-09	2.2057505e-09	7.242763e-09	0.8552168
3.945009975714353e-09	8.39502e-10	6.913546e-09	0.862504
3.950045909074688e-09	-1.975299e-10	7.1769195e-09	0.8685644
3.955032469284762e-09	-1.5802392e-09	7.308606e-09	0.8738956
3.960019059745448e-09	-3.2263217e-09	7.045233e-09	0.8789851
3.965005679202106e-09	-3.5884598e-09	6.1234267e-09	0.8841602
3.970041662478261e-09	-4.872404e-09	6.4526433e-09	0.8897891
3.9750282947534076e-09	-6.716016e-09	5.3003855e-09	0.89612395
3.980014975945892e-09	-9.415592e-09	3.4896948e-09	0.90369594
3.985001671416016e-09	-1.3201581e-08	3.950598e-10	0.9131481
3.990037791284955e-09	-1.8238593e-08	-6.946468e-09	0.92528933
3.9950245959023614e-09	-1.738263e-08	-2.1859975e-08	0.93951285
4.000011456426042e-09	-5.18516e-09	-4.332489e-08	0.9494376
4.005047753128488e-09	3.1440173e-08	-5.2016205e-08	0.92542815
4.010034670143711e-09	6.531655e-08	-1.7185101e-08	0.85452735
4.015021968146231e-09	5.530837e-08	2.865418e-08	0.7951758
4.020008880875857e-09	1.3954664e-08	4.98763e-08	0.75395143
4.0250447662419956e-09	-1.2460844e-08	3.272412e-08	0.73255455
4.03003134913723e-09	-1.5901156e-08	1.2855904e-08	0.7278163
4.035017986441937e-09	-1.1111056e-08	2.5020452e-09	0.73427355
4.040004745942132e-09	-5.99174e-09	6.4197214e-10	0.74798363
4.045040887592127e-09	-4.4773443e-09	9.876495e-11	0.7662294
4.050027651144348e-09	-1.316866e-09	-1.2674835e-09	0.7860671
4.055014400741303e-09	1.0534927e-09	0	0.8057538
4.06000112539678e-09	1.679004e-09	1.7119257e-09	0.8235144
4.065037179934046e-09	2.6008102e-09	3.5226164e-09	0.8382597
4.070023799478648e-09	2.6008102e-09	5.333307e-09	0.84950083
4.075010391240664e-09	4.115206e-10	6.5184866e-09	0.8580381
4.0800463389980585e-09	-1.0205711e-09	5.79421e-09	0.8648383
4.08503291918607e-09	-8.230412e-10	4.839482e-09	0.87053615
4.090019484381592e-09	-1.7119257e-09	5.6625233e-09	0.87573856
4.095006079000947e-09	-2.6008102e-09	4.3456576e-09	0.8808236
4.100042060147625e-09	-2.7654186e-09	4.5761093e-09	0.8861585
4.10502868918874e-09	-4.3456576e-09	3.9505976e-09	0.8919618
4.110015335141981e-09	-6.3209566e-09	3.8847547e-09	0.8986791
4.1150020194847065e-09	-8.032882e-09	2.897105e-09	0.90684575
4.120038114777254e-09	-1.158842e-08	-5.925897e-10	0.9172692
4.125024874196179e-09	-1.4485526e-08	-7.637823e-09	0.930272
4.130011695804792e-09	-1.3563719e-08	-2.1069855e-08	0.94436926
4.135047969204474e-09	2.3456675e-10	-3.9242604e-08	0.94728553
4.140034895681526e-09	3.39093e-08	-3.6608874e-08	0.9015471
4.145021837268534e-09	5.4254876e-08	-8.164569e-09	0.83127314
4.150009391731833e-09	3.5423692e-08	2.854307e-08	0.7780113
4.15504519159766e-09	6.2633436e-09	3.535785e-08	0.7438831
4.160031814294173e-09	-8.7242364e-09	2.0794136e-08	0.7291895
4.165018375081094e-09	-8.8394625e-09	8.296255e-09	0.7291271
4.170005061546572e-09	-5.5802194e-09	3.3415473e-09	0.7385184
4.175041211779034e-09	-3.7036854e-09	1.1193361e-09	0.7543185
4.180027975274221e-09	-8.5596286e-10	5.925897e-10	0.77327776
4.1850147488394975e-09	4.609031e-10	9.38267e-10	0.7932729
4.1900014856885084e-09	6.58433e-10	2.016451e-09	0.81245613
4.195037561823757e-09	2.3703588e-09	3.0123308e-09	0.829325
4.200024219615849e-09	1.9423774e-09	4.312736e-09	0.84267336
4.205010839294634e-09	1.9752988e-09	4.609031e-09	0.8528404
4.210046791928579e-09	1.4485525e-09	5.432072e-09	0.8606964
4.21503336673127e-09	3.292165e-10	5.5966805e-09	0.86697716
4.2200199418071926e-09	-3.950598e-10	4.411501e-09	0.87244517
4.225006525313285e-09	-2.3045155e-10	4.411501e-09	0.8775669
4.230042494263108e-09	-9.547279e-10	5.2016205e-09	0.88273907
4.235029102477278e-09	-1.679004e-09	4.609031e-09	0.88817084
4.24001572552582e-09	-3.4238514e-09	6.3868e-09	0.8942518
4.245002389478608e-09	-4.938247e-09	4.872404e-09	0.90142053
4.250038449566456e-09	-7.308606e-09	3.753068e-09	0.91037214
4.2550251775221755e-09	-1.158842e-08	7.2427625e-10	0.9216449
4.260011975890089e-09	-1.6724197e-08	-8.032882e-09	0.9354727
4.26504820352888e-09	-1.5111036e-08	-2.396696e-08	0.9481915
4.270035101013614e-09	2.7695337e-09	-4.2271395e-08	0.93838036
4.2750220354995485e-09	3.8189114e-08	-3.094635e-08	0.87437403
4.280009104322095e-09	4.872404e-08	-1.1851794e-09	0.8101276
4.2850458078249645e-09	2.8843479e-08	2.9892856e-08	0.76306176
4.290032202646819e-09	3.2098608e-09	3.055129e-08	0.73662233
4.29501881779725e-09	-7.473214e-09	1.7250944e-08	0.7277638
4.30000542027592e-09	-7.736587e-09	6.18927e-09	0.73162144
4.3050415178251494e-09	-4.839482e-09	3.2592433e-09	0.7437308
4.310028298031437e-09	-2.7983402e-09	2.1069855e-09	0.76090634
4.315015078137991e-09	-1.316866e-09	3.292165e-10	0.78045803
4.32000183571929e-09	8.5596286e-10	7.901196e-10	0.80037254
4.325037941107683e-09	2.5678886e-09	1.8703612e-09	0.8190007
4.330024614415774e-09	2.897105e-09	3.275704e-09	0.8345304
4.335011263077064e-09	2.897105e-09	5.0205515e-09	0.846668
4.340047227330467e-09	1.9752988e-09	5.3991505e-09	0.8559503
4.345033810552984e-09	8.888845e-10	6.0575833e-09	0.86308974
4.350020380108466e-09	-7.2427625e-10	4.7407176e-09	0.86901253
4.355006960511806e-09	6.58433e-10	5.333307e-09	0.8743104
4.3600429154636985e-09	-1.0534927e-09	6.18927e-09	0.8794458
4.365029520698014e-09	-1.1851794e-09	5.9258967e-09	0.8846437
4.3700161342965714e-09	-2.6008102e-09	6.716016e-09	0.8902664
4.375002774541811e-09	-4.872404e-09	6.3868e-09	0.8966814
4.38003881862652e-09	-7.3744495e-09	6.0575833e-09	0.9044636
4.3850255229941055e-09	-1.1193361e-08	3.8189114e-09	0.91412234
4.390012277944109e-09	-1.7283865e-08	-1.777769e-09	0.92637914
4.395048459924799e-09	-2.0839403e-08	-1.4255074e-08	0.9407898
4.400035328276922e-09	-1.6263295e-08	-3.6608874e-08	0.94940525
4.405022246153736e-09	1.4156309e-08	-5.3069698e-08	0.92069215
4.4100091718166e-09	5.1489458e-08	-3.1999843e-08	0.8491141
4.415045917753857e-09	5.432072e-08	1.2631625e-08	0.7906282
4.420032700512689e-09	2.3917577e-08	3.917676e-08	0.75123006
4.425019254625454e-09	-1.0864144e-09	3.173647e-08	0.73162156
4.43000583109552e-09	-8.9546885e-09	1.5300337e-08	0.7279962
4.435041843171214e-09	-8.148108e-09	6.5843295e-09	0.7352569
4.440028613245856e-09	-5.267464e-09	2.9629483e-09	0.74948543
4.445015394182521e-09	-3.1934e-09	1.3827093e-09	0.76779205
4.450002163522965e-09	-9.218062e-10	1.0370319e-09	0.7876857
4.455038283466208e-09	9.547279e-10	1.0534927e-09	0.8074662
4.460024985283911e-09	2.5678886e-09	2.3703588e-09	0.8249785
4.465011670170748e-09	2.99587e-09	4.213971e-09	0.839286
4.470047675940557e-09	2.8312617e-09	4.971169e-09	0.85037214
4.475034263304492e-09	1.9259165e-09	4.872404e-09	0.8587095
4.480020836965126e-09	1.2839443e-09	4.5431876e-09	0.8653276
4.485007403943882e-09	1.0534927e-09	5.79421e-09	0.8709685
4.490043360349311e-09	-4.609031e-10	6.0575833e-09	0.876199
4.4950299525487274e-09	-1.0534927e-09	6.5184866e-09	0.88128936
4.5000165496703595e-09	-2.436202e-09	5.629602e-09	0.8866029
4.505003177855012e-09	-2.9300267e-09	5.79421e-09	0.8924637
4.510039211787546e-09	-5.0040905e-09	6.5843295e-09	0.89934975
4.515025893448979e-09	-9.053453e-09	5.79421e-09	0.9076802
4.520012606034275e-09	-1.39917e-08	2.3703588e-09	0.9182175
4.525048754454951e-09	-1.9752989e-08	-6.0575833e-09	0.9315657
4.530035587923491e-09	-2.034558e-08	-2.3308527e-08	0.9454559
4.535022479832327e-09	-4.7510054e-09	-4.6221995e-08	0.94597495
4.540009402786849e-09	3.5094477e-08	-4.411501e-08	0.8955032
4.545045740348489e-09	5.9456497e-08	-1.30698945e-08	0.82576585
4.5500333158610824e-09	4.194218e-08	2.9892856e-08	0.77409476
4.555019653096426e-09	8.674855e-09	3.993396e-08	0.74204886
4.560006295095439e-09	-8.559629e-09	2.3835273e-08	0.72871023
4.565042255581589e-09	-1.037032e-08	1.0271554e-08	0.7296501
4.57002896042493e-09	-6.9300072e-09	4.4855746e-09	0.73972
4.575015717650313e-09	-5.9258967e-09	1.1193361e-09	0.7557624
4.580002473301923e-09	-2.633732e-09	-7.571979e-10	0.7748775
4.585038628281856e-09	-6.58433e-10	4.115206e-10	0.7950714
4.590025357442689e-09	6.9135464e-10	4.4855747e-10	0.8140924
4.595012060961681e-09	3.1604783e-09	2.8806442e-09	0.83053
4.600048086823876e-09	3.6213814e-09	4.4773443e-09	0.8437161
4.6050347069048075e-09	2.534967e-09	5.464994e-09	0.8536297
4.610021289103046e-09	1.6460824e-09	5.5966805e-09	0.8612478
4.6150078498727725e-09	4.4444226e-10	6.1234267e-09	0.86744106
4.620043792834808e-09	-7.901196e-10	5.5966805e-09	0.8729177
4.625030388207963e-09	-1.5473175e-09	6.4526433e-09	0.8780261
4.6300169862409684e-09	-2.436202e-09	6.3209566e-09	0.88316166
4.635003595616611e-09	-4.2468926e-09	5.3991505e-09	0.8886323
4.640039603583013e-09	-5.135777e-09	6.18927e-09	0.8948487
4.64502627262999e-09	-8.493785e-09	5.267464e-09	0.9021427
4.6500129661216e-09	-1.198348e-08	1.316866e-09	0.9111836
4.655049066742043e-09	-1.695465e-08	-4.016441e-09	0.9228025
4.660035862649891e-09	-1.8831184e-08	-1.6065764e-08	0.9367903
4.665022715370748e-09	-1.0995831e-08	-3.6213812e-08	0.9487423
4.670009629383888e-09	1.84032e-08	-5.2279578e-08	0.93521005
4.675045925727238e-09	5.754704e-08	-2.5678887e-08	0.8677542
4.680033071605135e-09	5.8995596e-08	1.6065764e-08	0.8051366
4.685020275545354e-09	2.4016343e-08	4.5069736e-08	0.7601776
4.690006710521946e-09	-6.5349473e-09	3.575291e-08	0.735313
4.695042662944512e-09	-1.4156309e-08	1.5275646e-08	0.72767866
4.700029304429151e-09	-9.79419e-09	4.954708e-09	0.7324155
4.705016038876704e-09	-5.79421e-09	1.3827093e-09	0.7449667
4.710002820993175e-09	-3.8024504e-09	-9.876495e-11	0.76242656
4.7150389666778616e-09	-1.218101e-09	-1.1357969e-09	0.7822743
4.72002570963802e-09	1.5143958e-09	5.576104e-10	0.80213064
4.725012442381928e-09	2.658423e-09	3.5884598e-09	0.8203749
4.730048499733068e-09	2.4691236e-09	4.4773443e-09	0.83576834
4.735035134545563e-09	2.897105e-09	5.2839244e-09	0.8476105
4.740021723739385e-09	1.4814742e-09	6.748938e-09	0.8565896
4.7450083106412664e-09	2.9629485e-10	6.485565e-09	0.86360335
4.750044252932e-09	-1.1522577e-10	6.6830945e-09	0.8695109
4.755030824712219e-09	-8.888845e-10	7.308606e-09	0.8747745
4.760017418615606e-09	-2.4032802e-09	6.18927e-09	0.8798568
4.765004022976562e-09	-3.8189114e-09	7.111076e-09	0.8850772
4.770040017270332e-09	-5.6625233e-09	5.79421e-09	0.89080864
4.7750266551381705e-09	-6.814781e-09	5.069934e-09	0.89731723
4.780013337938821e-09	-9.5472785e-09	5.069934e-09	0.90516096
4.785000047606669e-09	-1.5341488e-08	1.358018e-09	0.9150087
4.7900361678172025e-09	-2.0082206e-08	-7.4073707e-09	0.9276217
4.795022974951498e-09	-2.1135698e-08	-2.3440213e-08	0.9419021
4.8000098573992735e-09	-7.637823e-09	-4.8789882e-08	0.9491334
4.805046150040807e-09	3.516032e-08	-5.5571743e-08	0.9149014
4.810033078225805e-09	6.867456e-08	-2.1530758e-08	0.84318554
4.815020513089032e-09	5.6987375e-08	3.0148e-08	0.7867063
4.820007155744662e-09	1.4814741e-08	4.931663e-08	0.74894834
4.82504312242344e-09	-1.0600771e-08	3.1999843e-08	0.7306991
4.830029714672979e-09	-1.476536e-08	1.3045203e-08	0.72827905
4.835016375813517e-09	-9.514356e-09	3.9505976e-09	0.73618144
4.840003134450811e-09	-6.271574e-09	1.3827093e-09	0.75085104
4.845039276919993e-09	-4.0822843e-09	-8.5596286e-10	0.7695585
4.850026046741708e-09	-4.938247e-10	-3.292165e-10	0.7895005
4.855012778003313e-09	1.5143958e-09	1.1152208e-09	0.8089767
4.860048866346078e-09	2.0411421e-09	3.8189114e-09	0.82641566
4.865035536339599e-09	1.6131608e-09	4.0658237e-09	0.840412
4.870022166110326e-09	2.1728288e-09	5.135777e-09	0.8511299
4.8750087537501475e-09	1.1522577e-09	6.3868e-09	0.8592958
4.880044705975778e-09	1.2510226e-09	6.5843295e-09	0.86586964
4.8850312631463166e-09	-7.901196e-10	6.7818595e-09	0.87145036
4.890017855548894e-09	-1.3827093e-09	6.5843295e-09	0.87660867
4.895004440816473e-09	-1.5802392e-09	6.847703e-09	0.8817057
4.900040418633576e-09	-3.094635e-09	6.3209566e-09	0.8871059
4.905027046823874e-09	-5.168699e-09	6.3868e-09	0.8930346
4.910013704929012e-09	-8.131647e-09	5.563759e-09	0.89995736
4.915000382486106e-09	-1.158842e-08	4.141955e-09	0.90843856
4.920036471006647e-09	-1.636206e-08	-5.7612887e-10	0.91930395
4.925023258488467e-09	-1.9884675e-08	-1.198348e-08	0.93272805
4.930010092061652e-09	-1.738263e-08	-3.055129e-08	0.9463535
4.935046363844916e-09	3.0041005e-09	-5.3464756e-08	0.9440593
4.940033297029798e-09	4.8263136e-08	-4.253477e-08	0.8886198
4.945020288672876e-09	6.755522e-08	-3.555538e-09	0.8209675
4.950007825608822e-09	3.9440135e-08	4.036194e-08	0.7707462
4.955043523644147e-09	2.4279716e-09	4.2600615e-08	0.7401354
4.960030146036092e-09	-1.3152198e-08	2.3259144e-08	0.72828525
4.965016731899518e-09	-1.3004051e-08	8.971149e-09	0.73017627
4.970003447135818e-09	-8.905306e-09	2.9135658e-09	0.7408318
4.975039599855106e-09	-5.711906e-09	-2.6337318e-10	0.7574065
4.980026357401873e-09	-2.2057505e-09	-8.5596286e-10	0.77668005
4.985013137094894e-09	1.975299e-10	-7.2016104e-10	0.7966667
4.99004924978844e-09	2.3703588e-09	1.29629e-09	0.81570685
4.9950359462498444e-09	2.897105e-09	3.8106807e-09	0.8318559
5e-09	2.633732e-09	4.938247e-09	0.8445725
