# t (s)	mx ()	my ()	mz ()	E_total (J)	MaxAngle (rad)
0	1.3827093e-09	3.950598e-10	0.9795359	-2.0725771e-17	0.26627246
2.5190745282123138e-12	-9.547279e-10	1.8106906e-10	0.97340184	-2.0700792e-17	0.2462984
5.0465794961768e-12	-2.4691236e-09	-2.0082205e-09	0.9680337	-2.0651912e-17	0.23648071
7.520396791578789e-12	-2.0082205e-09	-5.135777e-09	0.964142	-2.0585038e-17	0.23236139
1.0042774539652383e-11	7.7365875e-10	-8.032882e-09	0.9621765	-2.0502623e-17	0.2299486
1.2514706283196485e-11	4.872404e-09	-1.0337398e-08	0.9624673	-2.041285e-17	0.2298547
1.5035306168379262e-11	1.0205711e-08	-1.0074024e-08	0.96491385	-2.0313809e-17	0.22975579
1.750594748015638e-11	1.5637783e-08	-6.650173e-09	0.9690289	-2.0206603e-17	0.22967884
2.002561711943046e-11	2.0674795e-08	3.950598e-10	0.9741304	-2.0078698e-17	0.23145838
2.254503478728768e-11	2.1530758e-08	1.2115167e-08	0.97818094	-1.9917813e-17	0.23417383
2.5014855318100878e-11	1.5967e-08	2.5283827e-08	0.97646505	-1.973297e-17	0.21902452
2.7533911920205095e-11	1.7448474e-09	3.4370203e-08	0.9609312	-1.9641397e-17	0.20679957
3.000343133341111e-11	-1.2395001e-08	3.3053336e-08	0.9304789	-1.9747945e-17	0.21955198
3.252217144985931e-11	-2.4296178e-08	2.79834e-08	0.8939345	-1.9917834e-17	0.23221846
3.504083185396953e-11	-2.9316729e-08	6.3868e-09	0.8642641	-2.0043382e-17	0.2310993
3.7510094607486377e-11	-2.9662406e-08	-1.2790061e-08	0.84336436	-2.0125073e-17	0.21266222
4.002852740471229e-11	-2.7654185e-08	-2.2398037e-08	0.82821155	-2.0171747e-17	0.20840569
4.2546581392847326e-11	-2.2979311e-08	-2.64402e-08	0.8181716	-2.018971e-17	0.21050547
4.501533310532896e-11	-1.5397044e-08	-2.8073936e-08	0.8124813	-2.0191351e-17	0.21302254
4.753350792338513e-11	-6.370339e-09	-2.6987522e-08	0.8100436	-2.0186393e-17	0.21510056
5.0002326497133287e-11	1.0288015e-09	-2.5069836e-08	0.8101825	-2.0180668e-17	0.21588746
5.252048216416353e-11	6.3868e-09	-2.0357925e-08	0.8122997	-2.0176532e-17	0.21610105
5.5038611521001135e-11	8.065804e-09	-1.5135727e-08	0.8157897	-2.0174747e-17	0.21584155
5.75073753771347e-11	7.999961e-09	-1.073863e-08	0.82004374	-2.017504e-17	0.2176746
6.002550469682266e-11	7.4402924e-09	-7.720127e-09	0.8249143	-2.0176879e-17	0.21821958
6.254366732896836e-11	5.695445e-09	-5.5802194e-09	0.8300721	-2.0179652e-17	0.21939757
6.501244133801221e-11	4.609031e-09	-4.255123e-09	0.83516085	-2.018276e-17	0.2205811
6.753057717309354e-11	2.436202e-09	-4.312736e-09	0.84016967	-2.0185862e-17	0.2209744
7.004872175913543e-11	1.5637783e-09	-4.329197e-09	0.8448681	-2.0188542e-17	0.22257075
7.251748125011363e-11	1.876534e-09	-5.0205515e-09	0.8491306	-2.0190514e-17	0.2223065
7.503560965338982e-11	2.0411421e-09	-5.0040905e-09	0.85313064	-2.0191676e-17	0.22372486
7.7504361308989e-11	1.876534e-09	-5.267464e-09	0.8567331	-2.019186e-17	0.22432666
8.002246845990686e-11	1.679004e-09	-5.432072e-09	0.860113	-2.019102e-17	0.22382852
8.254057908931925e-11	1.8106907e-09	-5.8600533e-09	0.86323595	-2.0189135e-17	0.22509356
8.500931691627464e-11	3.7859897e-09	-6.617251e-09	0.8660947	-2.0186279e-17	0.22551166
8.75274176585631e-11	4.7407176e-09	-7.242763e-09	0.8688533	-2.0182345e-17	0.22518487
9.004551386177878e-11	6.5184866e-09	-6.1234267e-09	0.8714991	-2.0177367e-17	0.2240615
9.251425085299772e-11	7.308606e-09	-5.79421e-09	0.8740229	-2.0171456e-17	0.22223864
9.503235894242491e-11	7.5719795e-09	-4.3456576e-09	0.8765613	-2.0164316e-17	0.22045085
9.750108231458361e-11	7.703666e-09	-3.555538e-09	0.87904716	-2.0156125e-17	0.21991867
1.0001919189944789e-10	8.658394e-09	-3.4238514e-09	0.8816139	-2.0146407e-17	0.21857941
1.025372968883562e-10	9.942338e-09	-2.5678886e-09	0.88424754	-2.01351e-17	0.21685807
1.0500602356396664e-10	1.1687185e-08	-1.316866e-09	0.886931	-2.0122189e-17	0.21680818
1.0752413737871709e-10	1.2543148e-08	9.218062e-10	0.8898133	-2.0106779e-17	0.21572463
1.1004224677116317e-10	1.2905287e-08	2.6995752e-09	0.8928892	-2.0088574e-17	0.21462531
1.1251099574362464e-10	1.3827092e-08	4.5431876e-09	0.8961465	-2.0067339e-17	0.21466589
1.1502911180851423e-10	1.4683056e-08	6.650173e-09	0.8997796	-2.0041283e-17	0.2129763
1.17547238965404e-10	1.5308567e-08	9.810651e-09	0.9038039	-2.0009509e-17	0.2138563
1.2001600492237996e-10	1.5736548e-08	1.3958779e-08	0.9082148	-1.9971131e-17	0.21273676
1.2253413753079859e-10	1.4156309e-08	1.9752989e-08	0.9132839	-1.9922291e-17	0.21355867
1.2500290298111964e-10	1.158842e-08	2.55472e-08	0.91889834	-1.9861808e-17	0.21404158
1.275210584891039e-10	7.3744495e-09	3.160478e-08	0.9253272	-1.9782893e-17	0.21427661
1.3003921611057348e-10	2.6337318e-10	3.7892818e-08	0.9323858	-1.968033e-17	0.21457773
1.3250800883420028e-10	-1.1226282e-08	4.5300187e-08	0.93955326	-1.9547785e-17	0.2144366
1.350261948427724e-10	-2.8641834e-08	4.9909218e-08	0.94609797	-1.9366053e-17	0.21290466
1.375443940220393e-10	-5.1818674e-08	4.7670547e-08	0.9494497	-1.9122197e-17	0.20899744
1.4001321674748754e-10	-7.818068e-08	3.63455e-08	0.94482785	-1.884231e-17	0.20655966
1.425314355022268e-10	-9.736578e-08	6.0575833e-09	0.92526895	-1.8650977e-17	0.21394783
1.4500028514402025e-10	-9.409007e-08	-3.7662367e-08	0.8911763	-1.8727266e-17	0.24065562
1.4751849516182464e-10	-7.95387e-08	-7.124245e-08	0.85433257	-1.9055917e-17	0.23488201
1.500367217399514e-10	-5.0435965e-08	-9.283905e-08	0.8223642	-1.9410006e-17	0.20711777
1.5250580023189324e-10	-6.0575833e-09	-9.646043e-08	0.79502976	-1.9654235e-17	0.20114276
1.5502434423802574e-10	3.4485428e-08	-8.2830866e-08	0.77171445	-1.9805237e-17	0.20391722
1.5754229720105453e-10	5.9997646e-08	-5.754704e-08	0.7535571	-1.9890102e-17	0.2087839
1.6001092263510002e-10	6.663342e-08	-3.0287918e-08	0.74082637	-1.9933339e-17	0.21155037
1.6252905329714954e-10	6.093797e-08	-6.716016e-09	0.73251987	-1.9953719e-17	0.21152908
1.6504717935230542e-10	4.8559432e-08	8.732467e-09	0.728386	-1.9961852e-17	0.21219745
1.6751593173939024e-10	3.692163e-08	1.6855884e-08	0.72782344	-1.9965147e-17	0.21200407
1.7003404155244002e-10	2.6222093e-08	2.0016362e-08	0.7300192	-1.9968008e-17	0.21170501
1.7250279635984974e-10	1.8543119e-08	2.0279735e-08	0.73430777	-1.997256e-17	0.21101603
1.7502096124923493e-10	1.3415572e-08	1.9357929e-08	0.74050677	-1.9980075e-17	0.21235248
1.7753913968358794e-10	9.646043e-09	1.8436124e-08	0.7481992	-1.9990843e-17	0.21155009
1.800079647606763e-10	6.617251e-09	1.738263e-08	0.7568014	-2.0004447e-17	0.2130062
1.8252614810944082e-10	2.8312617e-09	1.4880585e-08	0.76629233	-2.0020994e-17	0.21315502
1.850443243764335e-10	1.4156308e-09	1.3168659e-08	0.7762167	-2.0039605e-17	0.21301323
1.8751311870482507e-10	5.925897e-10	1.14896554e-08	0.7861333	-2.0059122e-17	0.21464323
1.90031300806497e-10	-1.6460824e-10	8.851808e-09	0.79620826	-2.0079482e-17	0.21584126
1.925000860191365e-10	0	6.5143713e-09	0.80581707	-2.0099046e-17	0.21662885
1.9501825539189718e-10	8.230412e-10	4.4773443e-09	0.8151198	-2.0117792e-17	0.21707681
1.9753640857440284e-10	2.1728288e-09	2.8641833e-09	0.8237306	-2.0134635e-17	0.2194433
2.000051906912919e-10	3.9505976e-09	1.2510226e-09	0.8313756	-2.0148854e-17	0.22078803
2.0252334214405993e-10	5.79421e-09	3.4567732e-10	0.8383037	-2.0160792e-17	0.22099587
2.050414564359052e-10	7.3744495e-09	3.292165e-10	0.8443654	-2.017013e-17	0.22298674
2.0751019338021e-10	9.18514e-09	1.9752988e-09	0.84953463	-2.017687e-17	0.22261287
2.1002831310135142e-10	9.843573e-09	4.4444226e-09	0.85412216	-2.018147e-17	0.22422643
2.125464041617299e-10	9.053453e-09	5.069934e-09	0.85813844	-2.0183978e-17	0.22439525
2.150151263084769e-10	8.592551e-09	4.938247e-09	0.8616361	-2.0184598e-17	0.22455831
2.17533212468522e-10	9.514356e-09	5.8600533e-09	0.8648601	-2.0183566e-17	0.22544047
2.2000192674686745e-10	9.646043e-09	7.901195e-09	0.86776996	-2.0181081e-17	0.22544314
2.22520007116923e-10	9.218062e-09	8.79008e-09	0.87055564	-2.0177185e-17	0.2245816
2.2503809295800162e-10	7.604901e-09	9.942338e-09	0.8732177	-2.0171994e-17	0.22292015
2.2750681431135412e-10	6.2551133e-09	1.0864144e-08	0.8757571	-2.016566e-17	0.22057019
2.300248910374922e-10	5.3003855e-09	1.1522577e-08	0.8783192	-2.015791e-17	0.2201437
2.325429936615826e-10	4.7736393e-09	1.2510227e-08	0.88089335	-2.0148747e-17	0.21902946
2.350117072480024e-10	4.411501e-09	1.3432032e-08	0.88346606	-2.0138223e-17	0.21709673
2.3752980443833725e-10	3.6872247e-09	1.4419682e-08	0.886179	-2.012569e-17	0.2169082
2.400479014631675e-10	2.99587e-09	1.6460824e-08	0.88902354	-2.0110978e-17	0.21612245
2.4251663341275343e-10	2.6337318e-10	1.797522e-08	0.8919851	-2.009398e-17	0.21436462
2.4503473511585174e-10	-1.8436124e-09	1.9094557e-08	0.8952353	-2.0073385e-17	0.21480016
2.4750345823178686e-10	-4.5431876e-09	2.0016362e-08	0.898707	-2.0049159e-17	0.21366861
2.500215708016839e-10	-8.230412e-09	2.1530758e-08	0.90261245	-2.001918e-17	0.21382175
2.5253968758646735e-10	-1.3168659e-08	2.1991662e-08	0.9069711	-1.998229e-17	0.2129213
2.550084364280826e-10	-1.9752989e-08	2.1859975e-08	0.9117769	-1.9937323e-17	0.21374674
2.5752655574436417e-10	-2.6864065e-08	2.074064e-08	0.91731423	-1.9879567e-17	0.21360761
2.6004469864801745e-10	-3.5028634e-08	1.797522e-08	0.923556	-1.9805773e-17	0.21339127
2.625134610774822e-10	-4.513558e-08	1.0666614e-08	0.9303275	-1.9712363e-17	0.21349764
2.650316215995291e-10	-5.6625236e-08	-1.0534927e-09	0.93763244	-1.9587364e-17	0.21388412
2.6750041037283954e-10	-6.6040826e-08	-2.0016362e-08	0.944418	-1.9423503e-17	0.21319841
2.7001859745213403e-10	-7.0353565e-08	-4.832898e-08	0.94905233	-1.9198134e-17	0.20987013
2.7253677578934457e-10	-6.4608734e-08	-8.296256e-08	0.94722956	-1.8916936e-17	0.20640759
2.7500560188476624e-10	-3.9851656e-08	-1.1562083e-07	0.9326407	-1.8683404e-17	0.21050833
2.775238032358868e-10	1.26748345e-08	-1.3129153e-07	0.90125346	-1.8676804e-17	0.23211744
2.8004200613416583e-10	6.347294e-08	-1.2299527e-07	0.86360097	-1.8956291e-17	0.246294
2.825108074079133e-10	1.0126699e-07	-9.902832e-08	0.8310287	-1.9318128e-17	0.21273845
2.8502918645495945e-10	1.2411462e-07	-4.6808413e-08	0.8020066	-1.959897e-17	0.20080057
2.87547783014101e-10	1.218101e-07	1.07406875e-08	0.7774003	-1.9772935e-17	0.20261659
2.900165079776457e-10	9.876083e-08	5.2872167e-08	0.75818205	-1.9871052e-17	0.20729248
2.925344223645917e-10	6.444413e-08	7.295437e-08	0.74378854	-1.9924511e-17	0.21078882
2.950031478665231e-10	3.275704e-08	7.387618e-08	0.7344372	-1.9949586e-17	0.21131405
2.9752127310548417e-10	7.473214e-09	6.439475e-08	0.72916293	-1.9960278e-17	0.21218584
3.0003934439870495e-10	-7.3744495e-09	5.0831026e-08	0.72767687	-1.9964431e-17	0.21206383
3.02508058777262e-10	-1.5209801e-08	3.713562e-08	0.72914934	-1.9967081e-17	0.21182157
3.0502616210023384e-10	-1.6938188e-08	2.7654185e-08	0.7329599	-1.9971076e-17	0.21112072
3.0754429974047465e-10	-1.695465e-08	1.9292086e-08	0.7387016	-1.9977765e-17	0.21214451
3.1001308240409464e-10	-1.5654244e-08	1.4419682e-08	0.74588	-1.9987445e-17	0.21207884
3.1253123994662265e-10	-1.48517785e-08	1.0666614e-08	0.7543929	-2.000049e-17	0.21286659
3.150000240840372e-10	-1.418923e-08	6.5843295e-09	0.7635345	-2.0016042e-17	0.2122996
3.1751817636479837e-10	-1.22797745e-08	3.7859897e-09	0.7733613	-2.0034137e-17	0.21358708
3.2003632197096637e-10	-9.316826e-09	1.0864144e-09	0.7834459	-2.0053763e-17	0.21462952
3.225051065747935e-10	-5.9258967e-09	9.876495e-11	0.79335743	-2.0073688e-17	0.21523958
3.250232495092873e-10	-3.1275567e-09	6.028777e-10	0.80325764	-2.009384e-17	0.21554105
3.275413867583469e-10	-3.292165e-10	2.623444e-09	0.81271386	-2.0112981e-17	0.21751142
3.3001014681522956e-10	3.292165e-10	2.7736489e-09	0.82135797	-2.0130062e-17	0.21926525
3.325282661654364e-10	3.2921648e-09	4.5843396e-09	0.8293902	-2.0145248e-17	0.22003014
3.350463878170569e-10	4.2798143e-09	6.666634e-09	0.8365526	-2.0157882e-17	0.22131462
3.375151201150371e-10	5.6625233e-09	9.1522185e-09	0.8427242	-2.0167725e-17	0.22260532
3.4003320169266744e-10	4.1810493e-09	9.728347e-09	0.84820676	-2.0175271e-17	0.2229436
3.4250191800614977e-10	3.456773e-09	9.020532e-09	0.85287917	-2.0180381e-17	0.22386855
3.450199910878326e-10	2.9300267e-09	9.18514e-09	0.85704565	-2.0183463e-17	0.22450611
3.475380632575219e-10	2.633732e-09	1.0337398e-08	0.86072695	-2.01846e-17	0.22415859
3.5000676627715376e-10	2.6666536e-09	1.1851793e-08	0.86397165	-2.0184021e-17	0.2253039
3.5252481963282994e-10	1.5802392e-09	1.3333268e-08	0.867003	-2.0181888e-17	0.22552764
3.550428899496568e-10	-1.3168659e-10	1.3596641e-08	0.8698311	-2.0178348e-17	0.22489107
3.575115562519196e-10	-2.0411421e-09	1.3036973e-08	0.8724688	-2.01736e-17	0.22347191
3.60029640056391e-10	-3.7859897e-09	1.218101e-08	0.8750745	-2.0167497e-17	0.22127579
3.6254770661022785e-10	-5.2016205e-09	1.0732458e-08	0.87764	-2.0160097e-17	0.22030388
3.650163981408664e-10	-4.6419526e-09	1.0534928e-08	0.8801566	-2.0151508e-17	0.21943152
3.67534465319375e-10	-5.267464e-09	1.0666614e-08	0.882763	-2.0141234e-17	0.21770577
3.700031758310622e-10	-6.7818595e-09	1.1259204e-08	0.88539463	-2.0129467e-17	0.21694227
3.725212402440551e-10	-8.098725e-09	1.1193361e-08	0.8881971	-2.0115416e-17	0.21645851
3.750393162026317e-10	-1.0534928e-08	1.1259204e-08	0.891164	-2.0098866e-17	0.21483344
3.7750803295481037e-10	-1.2707757e-08	9.744808e-09	0.89428216	-2.0079634e-17	0.21481806
3.800261110477875e-10	-1.537441e-08	9.283905e-09	0.8977358	-2.0056167e-17	0.21415576
3.825442040954424e-10	-1.7415552e-08	7.308606e-09	0.90153575	-2.0027733e-17	0.21361098
3.850129092471352e-10	-1.9720067e-08	5.267464e-09	0.90567756	-1.999362e-17	0.21348865
3.87531016803386e-10	-2.2617172e-08	2.633732e-09	0.91041905	-1.9950498e-17	0.21359693
3.9004911375276813e-10	-2.6600691e-08	-2.0411421e-09	0.91577786	-1.9896265e-17	0.21277685
3.9251785914187667e-10	-3.078174e-08	-8.691315e-09	0.9217048	-1.9828729e-17	0.2136852
3.95035978966164e-10	-3.410683e-08	-1.8238593e-08	0.92843956	-1.9740098e-17	0.21428025
3.9750474739025317e-10	-3.456773e-08	-3.173647e-08	0.9355417	-1.9626677e-17	0.21427464
4.0002289044750014e-10	-3.015623e-08	-5.017259e-08	0.9426947	-1.9472783e-17	0.2129904
4.025410565369235e-10	-1.758016e-08	-7.0584015e-08	0.94822764	-1.9264391e-17	0.2105568
4.050098604539585e-10	4.1810493e-09	-8.9600384e-08	0.94877225	-1.8999745e-17	0.20690897
4.075280521252444e-10	3.753891e-08	-9.995013e-08	0.9382056	-1.8731727e-17	0.20781082
4.100462337298032e-10	8.0822645e-08	-8.5332914e-08	0.910898	-1.8648262e-17	0.22351925
4.1251504391967006e-10	1.12065294e-07	-4.9250787e-08	0.8740199	-1.8855776e-17	0.247409
4.150332245985428e-10	1.2852611e-07	-1.4024622e-08	0.83940655	-1.922481e-17	0.21952078
4.175021550438712e-10	1.1917637e-07	3.2600664e-08	0.80986017	-1.9530915e-17	0.20261957
4.20020721584198e-10	8.493785e-08	7.388441e-08	0.78391945	-1.9732402e-17	0.20180994
4.2253897320878035e-10	4.2205553e-08	9.402423e-08	0.7628857	-1.9849891e-17	0.20569588
4.250074707421724e-10	5.0040905e-09	9.0929596e-08	0.74736387	-1.9912841e-17	0.20916946
4.2752550806390977e-10	-2.0946398e-08	7.302022e-08	0.73654056	-1.9944665e-17	0.21167864
4.300436070858185e-10	-3.318502e-08	5.0699338e-08	0.73016816	-1.9958356e-17	0.2120808
4.325123061507649e-10	-3.5802294e-08	3.015623e-08	0.72775656	-1.9963566e-17	0.21212924
4.3503036979355535e-10	-3.196692e-08	1.5670704e-08	0.7285075	-1.9966322e-17	0.2118998
4.3754842415588107e-10	-2.6436084e-08	5.9258967e-09	0.73174685	-1.9969791e-17	0.21140271
4.4001714806285547e-10	-2.2057504e-08	1.3827093e-09	0.7368866	-1.9975543e-17	0.21178442
4.4253528759181994e-10	-1.8699497e-08	-5.2674637e-10	0.7438055	-1.9984513e-17	0.21234202
4.4500405264798837e-10	-1.4946428e-08	-2.6995752e-09	0.75186694	-1.9996458e-17	0.21242459
4.4752218791618765e-10	-1.1753029e-08	-4.938247e-09	0.7609995	-2.0011588e-17	0.21257494
4.500403228486805e-10	-9.415592e-09	-6.1234267e-09	0.77071744	-2.002915e-17	0.2137296
4.525090918142873e-10	-6.2551133e-09	-6.551408e-09	0.78055805	-2.0048059e-17	0.21416783
4.5502724240535286e-10	-2.99587e-09	-5.8189014e-09	0.79068375	-2.0068275e-17	0.21425307
4.575453642296279e-10	-2.3045155e-10	-3.7962775e-09	0.8006629	-2.0088554e-17	0.21580814
4.6001411077337893e-10	2.2386721e-09	-1.0493776e-09	0.8100755	-2.010767e-17	0.21753988
4.6253222378499637e-10	3.0287917e-09	1.4485525e-09	0.81908727	-2.0125635e-17	0.21871789
4.6500096213711064e-10	2.7983402e-09	3.9670587e-09	0.82718647	-2.014117e-17	0.21896389
4.675190489004935e-10	2.0740638e-09	6.2551133e-09	0.8346005	-2.0154545e-17	0.22137055
4.700371335601008e-10	1.4156308e-09	7.3250668e-09	0.84113353	-2.0165307e-17	0.22201489
4.725058290846465e-10	-4.938247e-10	7.209841e-09	0.8467218	-2.017337e-17	0.22312012
4.750238873301697e-10	3.950598e-10	6.8806245e-09	0.8516759	-2.017921e-17	0.22343668
4.775419371242856e-10	1.6460824e-10	8.460864e-09	0.8559913	-2.0182843e-17	0.22450101
4.80010619021215e-10	-1.9423774e-09	9.218062e-09	0.85971975	-2.0184461e-17	0.2240218
4.825286738115567e-10	-3.917676e-09	8.559629e-09	0.8631229	-2.018433e-17	0.22509757
4.850467110157123e-10	-4.3785793e-09	6.814781e-09	0.8662206	-2.0182595e-17	0.22554709
4.875153887526068e-10	-4.6419526e-09	5.135777e-09	0.86904126	-2.0179493e-17	0.22515924
4.900334213943174e-10	-5.629602e-09	4.3456576e-09	0.8717643	-2.0175006e-17	0.22392975
4.92502086871136e-10	-4.0822843e-09	4.0822843e-09	0.87433726	-2.0169368e-17	0.22197753
4.95020134124566e-10	-4.6748743e-09	5.267464e-09	0.8769098	-2.0162342e-17	0.22041404
4.975381999420417e-10	-5.9258967e-09	5.2016205e-09	0.8794725	-2.0153973e-17	0.21974538
5.00006862426295e-10	-8.362099e-09	3.8189114e-09	0.8820132	-2.0144331e-17	0.21828839
5.02524904030241e-10	-9.481435e-09	2.2386721e-09	0.88467187	-2.0132837e-17	0.2169046
5.050429697604816e-10	-9.481435e-09	1.975299e-10	0.8874384	-2.011937e-17	0.2166893
5.075116545048908e-10	-9.218062e-09	-3.950598e-10	0.8902979	-2.0103874e-17	0.21542676
5.100297208236137e-10	-9.415592e-09	-5.925897e-10	0.89341354	-2.0085176e-17	0.21472883
5.125477746591444e-10	-1.0008181e-08	-2.1728288e-09	0.8967875	-2.0062837e-17	0.21450216
5.150164698000018e-10	-1.1851793e-08	-3.8189114e-09	0.90041167	-2.003643e-17	0.21321474
5.17534546410695e-10	-1.2905287e-08	-5.79421e-09	0.90450937	-2.0003575e-17	0.2137816
5.200032567420777e-10	-1.418923e-08	-9.481435e-09	0.9090073	-1.9963797e-17	0.21313304
5.225213443248592e-10	-1.4814741e-08	-1.3366189e-08	0.9141807	-1.9913066e-17	0.21326855
5.25039439890505e-10	-1.4090466e-08	-1.8304437e-08	0.9200302	-1.9848687e-17	0.21407385
5.275081681947111e-10	-1.198348e-08	-2.4625393e-08	0.9264522	-1.9767795e-17	0.21451251
5.300263031792134e-10	-7.3744495e-09	-3.0814665e-08	0.9335901	-1.9660545e-17	0.2147473
5.325444365292437e-10	7.2427625e-10	-3.7398994e-08	0.94086486	-1.9518273e-17	0.21422334
5.35013214367586e-10	1.3102816e-08	-4.292983e-08	0.9469653	-1.9330375e-17	0.21225744
5.375313774650464e-10	2.854307e-08	-4.569525e-08	0.94939446	-1.907614e-17	0.20829763
5.400001784116966e-10	4.7028575e-08	-4.2666457e-08	0.9427954	-1.8798642e-17	0.20593388
5.425183640316764e-10	6.594206e-08	-2.475708e-08	0.9203597	-1.86427e-17	0.2178873
5.450365380063696e-10	7.525889e-08	6.4526433e-09	0.8840892	-1.8774171e-17	0.24451455
5.47505339393976e-10	7.36128e-08	3.23949e-08	0.84875506	-1.9118566e-17	0.22903888
5.500235763589556e-10	5.7810414e-08	5.4172574e-08	0.81748974	-1.9458901e-17	0.20523606
5.525420940038452e-10	2.7390811e-08	6.6962635e-08	0.79036087	-1.968851e-17	0.2008672
5.550111639114243e-10	-4.8065605e-09	6.413137e-08	0.76835835	-1.982297e-17	0.2050362
5.575289940220085e-10	-2.6222093e-08	4.9184944e-08	0.7510718	-1.98996e-17	0.20910773
5.600469651618766e-10	-3.3645925e-08	3.015623e-08	0.7389586	-1.9938482e-17	0.21174897
5.625156743257753e-10	-3.1802312e-08	1.4617212e-08	0.7315621	-1.9955651e-17	0.21180059
5.650337153227957e-10	-2.6024564e-08	3.6872247e-09	0.7280686	-1.9962581e-17	0.21218047
5.675023747325786e-10	-1.9522538e-08	-2.897105e-09	0.728011	-1.996557e-17	0.2119681
5.700204121949266e-10	-1.3876475e-08	-5.9258967e-09	0.73060083	-1.9968607e-17	0.21161564
5.725384970213772e-10	-9.333287e-09	-6.7962627e-09	0.73531866	-1.9973704e-17	0.21135327
5.750072249595606e-10	-7.4238318e-09	-5.8600533e-09	0.7416786	-1.9981618e-17	0.21240537
5.775253539327876e-10	-4.7407176e-09	-7.1769195e-09	0.74957836	-1.9992919e-17	0.2117745
5.80043488263186e-10	-1.5473175e-09	-7.1769195e-09	0.75850224	-2.0007302e-17	0.21293598
5.825122287554905e-10	6.5843296e-11	-6.1234267e-09	0.76790005	-2.0023928e-17	0.21347852
5.850303458610804e-10	1.3004051e-09	-4.510266e-09	0.77787167	-2.0042811e-17	0.21333864
5.8754846130188e-10	2.6460776e-09	-4.032902e-09	0.78799593	-2.0062857e-17	0.21441336
5.900171923449684e-10	3.0287917e-09	-2.9629483e-09	0.79784286	-2.0082809e-17	0.21596925
5.92535306672592e-10	4.9053255e-09	-9.526702e-10	0.8075714	-2.0102606e-17	0.21714404
5.950040333256798e-10	5.069934e-09	1.6316792e-09	0.8165857	-2.0120702e-17	0.21770883
5.975221053114086e-10	3.1604783e-09	3.8024504e-09	0.8250684	-2.0137181e-17	0.21936415
6.000401638294782e-10	2.3703588e-09	4.559648e-09	0.83271515	-2.0151245e-17	0.22112963
6.025088650136077e-10	1.3004051e-09	3.8847547e-09	0.83935684	-2.0162498e-17	0.22114076
6.050269142083319e-10	-9.876495e-11	4.2633537e-09	0.8452816	-2.0171413e-17	0.22309884
6.075449614526082e-10	4.609031e-10	3.3250864e-09	0.8504257	-2.017788e-17	0.22284923
6.100136371020151e-10	1.9423774e-09	3.2921648e-09	0.854817	-2.018202e-17	0.22436872
6.12531673101968e-10	1.9423774e-09	4.4773443e-09	0.8587511	-2.01842e-17	0.22428083
6.15000326411465e-10	-6.255113e-10	5.1028555e-09	0.86218613	-2.0184539e-17	0.22478412
6.17518353792548e-10	-2.6995752e-09	3.9505976e-09	0.8653619	-2.0183247e-17	0.22549193
6.200363647214854e-10	-3.0452525e-09	2.3703588e-09	0.86829317	-2.0180466e-17	0.22534846
6.225049972356252e-10	-2.7654186e-09	9.218062e-10	0.87099904	-2.0176422e-17	0.2243615
6.250230247245942e-10	-1.2839443e-09	-1.975299e-10	0.87364584	-2.017102e-17	0.22257803
6.275410560246566e-10	1.218101e-09	-3.292165e-10	0.8762281	-2.0164339e-17	0.22045793
6.300097137220558e-10	1.6460824e-09	1.6460824e-09	0.8787392	-2.0156507e-17	0.22001812
6.325277459850629e-10	0	3.8189114e-09	0.8813189	-2.0147097e-17	0.21876569
6.350457714254118e-10	-1.6131608e-09	3.0287917e-09	0.8839557	-2.0136071e-17	0.21680321
6.375144282966161e-10	-2.7983402e-09	1.8436124e-09	0.88663465	-2.012344e-17	0.21685335
6.40032479646222e-10	-2.2715938e-09	7.2427625e-10	0.88950497	-2.010833e-17	0.21588412
6.425011471999029e-10	-1.9094557e-09	4.609031e-10	0.8924999	-2.0090854e-17	0.21452706
6.450192022003839e-10	-1.3497876e-09	6.58433e-10	0.89579356	-2.0069642e-17	0.21473135
6.475372513230748e-10	-6.255113e-10	1.1851794e-09	0.899393	-2.0044103e-17	0.21324459
6.500059325133532e-10	-1.6131608e-09	2.5020452e-09	0.9032924	-2.0013665e-17	0.21386838
6.525239934251362e-10	-2.8312617e-09	1.7119257e-09	0.9077343	-1.9975456e-17	0.2124667
6.550420669586085e-10	-3.3250864e-09	1.1851794e-09	0.9127412	-1.9927739e-17	0.21367058
6.575107821613144e-10	-3.917676e-09	3.950598e-10	0.9182865	-1.9868716e-17	0.21392594
6.600288835749869e-10	-4.2798143e-09	-1.1851794e-09	0.92464435	-1.979181e-17	0.21400595
6.625469852520914e-10	-4.411501e-09	-2.1069855e-09	0.9316495	-1.9692009e-17	0.21430099
6.650157235388966e-10	-4.3456576e-09	-3.6872247e-09	0.9388226	-1.9563273e-17	0.21434556
6.675338717195223e-10	-4.115206e-09	-6.18927e-09	0.94552326	-1.9387065e-17	0.21314093
6.700026476333145e-10	-3.2921648e-09	-8.427942e-09	0.94935024	-1.9155041e-17	0.20942907
6.725208176856614e-10	-9.2797897e-10	-1.198348e-08	0.94586563	-1.8870332e-17	0.20663345
6.75038997097161e-10	3.9505976e-09	-1.4353839e-08	0.9280572	-1.865998e-17	0.2133938
6.77507801498714e-10	9.77773e-09	-1.158842e-08	0.8950593	-1.8705469e-17	0.23622616
6.800259603931208e-10	1.3958779e-08	-8.823002e-09	0.85783154	-1.9017441e-17	0.24004363
6.825441660048067e-10	1.698757e-08	-5.2180815e-09	0.8254132	-1.937833e-17	0.20839214
6.850132187844823e-10	1.758016e-08	1.9403197e-09	0.79766077	-1.9633954e-17	0.20092426
6.875317626388669e-10	1.3530798e-08	8.691315e-09	0.7738463	-1.9793444e-17	0.20294274
6.900002956273244e-10	8.448518e-09	1.0995831e-08	0.7554709	-1.988242e-17	0.20830482
6.925182095720603e-10	5.053473e-09	1.0600771e-08	0.7419196	-1.9930166e-17	0.21133111
6.950362361307862e-10	2.0905246e-09	8.164569e-09	0.73316336	-1.9952367e-17	0.21130781
6.975049238203181e-10	1.0288015e-09	5.79421e-09	0.7286789	-1.9961231e-17	0.21220255
7.000229351781207e-10	1.5143958e-09	4.7407176e-09	0.7277425	-1.9964878e-17	0.21202843
7.025409544906813e-10	9.218062e-10	4.4032706e-09	0.7296869	-1.9967657e-17	0.2117521
7.050096334531933e-10	1.1687186e-09	2.7067768e-09	0.73377424	-1.9971967e-17	0.21089819
7.075277129170346e-10	1.0205711e-09	2.6995752e-09	0.73980045	-1.9979163e-17	0.21228829
7.100458263522682e-10	4.609031e-10	2.6995752e-09	0.7473591	-1.9989599e-17	0.21177138
7.125145568544646e-10	9.547279e-10	1.5802392e-09	0.75586975	-2.0002901e-17	0.21298477
7.150326614897395e-10	1.9752988e-09	1.316866e-09	0.7653012	-2.0019202e-17	0.21289057
7.175013921669213e-10	1.1522577e-09	1.6131608e-09	0.77499604	-2.0037258e-17	0.21331331
7.200194905570544e-10	1.4485525e-09	2.4032802e-09	0.78510034	-2.005706e-17	0.21468547
7.225375858952264e-10	1.1851794e-09	2.2386721e-09	0.79519	-2.007741e-17	0.21568118
7.250063068677098e-10	9.218062e-10	2.487642e-09	0.8048367	-2.0097053e-17	0.2162589
7.27524396165617e-10	2.3703588e-09	2.285997e-09	0.81420004	-2.0115956e-17	0.21729007
7.30042471736647e-10	2.7983402e-09	4.016441e-09	0.82288814	-2.0133019e-17	0.21942797
7.325111634366335e-10	3.0864045e-09	3.374469e-09	0.83061886	-2.014749e-17	0.22053315
7.350292267381361e-10	3.358008e-09	3.2098608e-09	0.8376368	-2.0159695e-17	0.22114892
7.375472870678874e-10	3.8847547e-09	3.0617133e-09	0.8437845	-2.0169287e-17	0.22287972
7.400159445805211e-10	3.5226164e-09	4.707796e-09	0.84902906	-2.0176274e-17	0.22275887
7.425339691652675e-10	2.3703588e-09	4.9053255e-09	0.85368174	-2.01811e-17	0.22411488
7.450026083573003e-10	9.218062e-10	4.7407176e-09	0.85767573	-2.0183776e-17	0.22445631
7.475206119690912e-10	5.2674637e-10	3.2921648e-09	0.86128867	-2.0184611e-17	0.2244022
7.500386284468144e-10	2.5020452e-09	2.9300267e-09	0.8645436	-2.0183741e-17	0.22540154
7.525072727269053e-10	3.358008e-09	2.9629483e-09	0.8674758	-2.0181405e-17	0.22548446
7.550252782600481e-10	3.3909298e-09	3.7201462e-09	0.87027717	-2.0177647e-17	0.2247071
7.57543282160346e-10	3.1934e-09	5.6625233e-09	0.87294936	-2.017258e-17	0.2231263
7.600119176168988e-10	1.8106907e-09	5.99174e-09	0.8754939	-2.0166379e-17	0.22085036
7.625299349516388e-10	1.2510226e-09	6.2551133e-09	0.87805706	-2.0158764e-17	0.22021303
7.650479483555228e-10	3.292165e-10	5.069934e-09	0.880628	-2.0149749e-17	0.21918194
7.675165828223172e-10	7.901196e-10	5.0040905e-09	0.88319373	-2.0139404e-17	0.21734121
7.700346096030128e-10	9.547279e-10	5.333307e-09	0.88589567	-2.012707e-17	0.2169298
7.725032619841451e-10	8.5596286e-10	5.9258967e-09	0.8886676	-2.0112907e-17	0.2162786
7.750212865557793e-10	-4.609031e-10	7.242763e-09	0.89166576	-2.0095896e-17	0.21444361
7.775393307306226e-10	-1.1522577e-09	7.835352e-09	0.89488953	-2.0075672e-17	0.21482113
7.800080082625106e-10	-1.8436124e-09	7.4402924e-09	0.8983284	-2.0051912e-17	0.21387428
7.825260484440993e-10	-2.99587e-09	8.9546885e-09	0.90219223	-2.0022545e-17	0.21375968
7.850441060328716e-10	-5.069934e-09	9.020532e-09	0.90650016	-1.9986455e-17	0.21315783
7.875127994060612e-10	-7.111076e-09	8.7571586e-09	0.91124624	-1.9942516e-17	0.2137237
7.900308795857284e-10	-1.0074024e-08	7.637823e-09	0.9167137	-1.988616e-17	0.2133302
7.925489598735471e-10	-1.2740678e-08	6.3868e-09	0.92288226	-1.981424e-17	0.21309076
7.950176946783661e-10	-1.7185101e-08	4.213971e-09	0.92959243	-1.9723336e-17	0.21374927
7.975358057714376e-10	-2.1728289e-08	-7.901196e-10	0.9368801	-1.9601914e-17	0.21339269
8.000045587875303e-10	-2.5876416e-08	-8.032882e-09	0.94376564	-1.9443064e-17	0.21302481
8.025227027818375e-10	-2.8213853e-08	-1.9226242e-08	0.94877887	-1.9224346e-17	0.21003686
8.050408472711369e-10	-2.7234433e-08	-3.4238514e-08	0.9479015	-1.8946713e-17	0.20620857
8.075096373169564e-10	-1.685177e-08	-4.9250787e-08	0.9349477	-1.8700257e-17	0.20975709
8.10027815669991e-10	4.7407176e-09	-5.609849e-08	0.9050644	-1.8663069e-17	0.22881563
8.125459868934132e-10	2.6600691e-08	-5.2016205e-08	0.8673075	-1.891889e-17	0.2483065
8.150147799323815e-10	4.0822844e-08	-4.3588262e-08	0.8342404	-1.9282758e-17	0.21451922
8.175331388245593e-10	5.15553e-08	-2.3205647e-08	0.80479985	-1.9575479e-17	0.20172071
8.200023358167229e-10	5.251003e-08	1.0946448e-09	0.7801508	-1.9756302e-17	0.20250222
8.225203957710208e-10	4.4950397e-08	2.03785e-08	0.759961	-1.986326e-17	0.20642155
8.250382551650299e-10	3.133318e-08	3.0617134e-08	0.74503225	-1.9920575e-17	0.2103097
8.275068733926486e-10	1.7827073e-08	3.232906e-08	0.73521656	-1.9947813e-17	0.21148194
8.30024905249773e-10	6.1563483e-09	2.8444305e-08	0.72952026	-1.9959594e-17	0.2121584
8.325429123892967e-10	-1.0205711e-09	2.2650093e-08	0.7276765	-1.9964135e-17	0.21208902
8.350115445866341e-10	-4.4444226e-09	1.7250944e-08	0.7288804	-1.9966775e-17	0.21185473
8.375295883557801e-10	-6.4197216e-09	1.2905287e-08	0.7324726	-1.9970557e-17	0.21124186
8.400476444371815e-10	-6.18927e-09	9.744808e-09	0.7380299	-1.9976936e-17	0.21202928
8.42516353790757e-10	-5.0040905e-09	6.7818595e-09	0.74506384	-1.9986278e-17	0.21220565
8.4503444734579e-10	-4.5267265e-09	4.938247e-09	0.7534711	-1.9999002e-17	0.21273902
8.475031742933273e-10	-3.7201462e-09	3.2263217e-09	0.76254505	-2.0014292e-17	0.21219519
8.500212679979948e-10	-2.6666536e-09	3.0287917e-09	0.7723315	-2.0032185e-17	0.21368605
8.525393726097382e-10	-2.7654186e-09	2.7654186e-09	0.78240013	-2.0051694e-17	0.21451503
8.550080808334446e-10	-1.679004e-09	2.2633633e-09	0.7923195	-2.0071584e-17	0.214905
8.57526167660836e-10	-1.1851794e-09	2.777764e-09	0.8022522	-2.0091794e-17	0.21550062
8.600442414424707e-10	-5.2674637e-10	1.938262e-09	0.8117642	-2.0111073e-17	0.21757577
8.625129365037102e-10	-1.3168659e-10	2.814801e-09	0.82048106	-2.0128358e-17	0.21909611
8.650310005920385e-10	1.876534e-09	2.0822943e-09	0.8285999	-2.0143795e-17	0.2196472
8.675490598820441e-10	3.917676e-09	2.1728288e-09	0.8358535	-2.0156697e-17	0.22137162
8.700177178348397e-10	5.333307e-09	2.6008102e-09	0.84211206	-2.0166806e-17	0.222403
8.725357338488975e-10	5.79421e-09	4.7736393e-09	0.84767514	-2.0174606e-17	0.22303067
8.750043812564392e-10	4.872404e-09	6.847703e-09	0.8524158	-2.0179943e-17	0.22371867
8.775223951990094e-10	3.2592433e-09	8.559629e-09	0.8566392	-2.0183238e-17	0.22451735
8.800404102794363e-10	2.1399071e-09	7.835352e-09	0.86036515	-2.0184564e-17	0.2239979
8.825090218080903e-10	1.4814742e-09	6.716016e-09	0.8636432	-2.0184155e-17	0.22523373
8.85027035960585e-10	1.9752988e-09	5.530837e-09	0.86669976	-2.0182178e-17	0.22554444
8.875450491130297e-10	2.6995752e-09	5.9258967e-09	0.86954576	-2.0178777e-17	0.22499554
8.900136576619997e-10	2.7983402e-09	7.4402924e-09	0.8721949	-2.017416e-17	0.22365661
8.925316585762351e-10	1.1522577e-09	9.481435e-09	0.8748071	-2.016819e-17	0.22153933
8.950002982517976e-10	-1.2510226e-09	9.3497485e-09	0.87732464	-2.0161083e-17	0.22035977
8.975183023842934e-10	-2.9629483e-09	8.164569e-09	0.87988937	-2.015248e-17	0.21956156
9.000363107441284e-10	-2.6995752e-09	8.032882e-09	0.8824898	-2.0142376e-17	0.21792671
9.025049509023699e-10	-3.1604783e-09	7.506136e-09	0.8851115	-2.0130797e-17	0.21693534
9.050229629904058e-10	-3.5226164e-09	7.506136e-09	0.8878996	-2.011698e-17	0.2165584
9.075409933668331e-10	-4.1481276e-09	7.506136e-09	0.8908471	-2.0100714e-17	0.21506229
9.100096254004983e-10	-5.2016205e-09	7.242763e-09	0.8939407	-2.008183e-17	0.21479596
9.125276674985113e-10	-6.5843295e-09	6.716016e-09	0.8973626	-2.0058814e-17	0.2143066
9.150457084843031e-10	-7.868274e-09	6.4526433e-09	0.90112287	-2.0030956e-17	0.21348584
9.175143817998808e-10	-9.38267e-09	5.530837e-09	0.9052168	-1.9997574e-17	0.21362926
9.200324292579016e-10	-1.1456733e-08	4.2798143e-09	0.9098995	-1.9955436e-17	0.21346249
9.225011226177772e-10	-1.4814741e-08	2.5678886e-09	0.9150799	-1.9903678e-17	0.21284035
9.250191974964025e-10	-1.8633653e-08	-7.2427625e-10	0.92104405	-1.9836691e-17	0.2139032
9.275372923671388e-10	-2.1728289e-08	-5.267464e-09	0.92771053	-1.9750426e-17	0.21446434
9.300060119942982e-10	-2.4032804e-08	-1.1720107e-08	0.93477786	-1.9640224e-17	0.21456401
9.325241257468342e-10	-2.4822922e-08	-2.1596602e-08	0.9419893	-1.9491009e-17	0.21360058
9.350422584022788e-10	-2.2057504e-08	-3.476526e-08	0.94780743	-1.9289054e-17	0.21123902
9.375110394889642e-10	-1.4625442e-08	-4.9119098e-08	0.949101	-1.9029856e-17	0.20749858
9.400291891986188e-10	1.9752988e-09	-6.2024384e-08	0.94004095	-1.8754577e-17	0.20770766
9.425473536347975e-10	2.8707678e-08	-6.2156076e-08	0.9144729	-1.864325e-17	0.22207497
9.450161440799289e-10	5.3596445e-08	-4.71438e-08	0.8779265	-1.8822139e-17	0.24787904
9.47534305246236e-10	6.8345344e-08	-3.0617134e-08	0.84276986	-1.9186641e-17	0.22252537
9.50003212189729e-10	7.163751e-08	-5.176929e-09	0.81281066	-1.9503744e-17	0.20267463
9.525217590880502e-10	6.18927e-08	2.3905232e-08	0.7863987	-1.9715969e-17	0.20103145
9.550400084259122e-10	4.3637645e-08	4.375287e-08	0.7648306	-1.984061e-17	0.20563109
9.575084335170704e-10	2.2312648e-08	5.0633496e-08	0.7487716	-1.9907948e-17	0.20909654
9.600264050999293e-10	3.3991603e-09	4.6024464e-08	0.7374494	-1.9942405e-17	0.21174812
9.625444356168018e-10	-8.7242364e-09	3.5687066e-08	0.7306384	-1.9957454e-17	0.21200265
9.65013074122933e-10	-1.4255074e-08	2.4230333e-08	0.7278505	-1.9963205e-17	0.2121516
9.6753106157418e-10	-1.43703e-08	1.5275646e-08	0.72830236	-1.9966042e-17	0.21192671
9.700490816695987e-10	-1.2806521e-08	9.3497485e-09	0.7313093	-1.996934e-17	0.21149017
9.725177541095327e-10	-1.0995831e-08	6.3868e-09	0.73625755	-1.9974797e-17	0.21162558
9.750358345001804e-10	-1.017279e-08	4.3456576e-09	0.7430162	-1.9983426e-17	0.21238981
9.77504544379775e-10	-8.769504e-09	1.5802392e-09	0.75096166	-1.9995047e-17	0.21219632
9.800226341279905e-10	-7.012311e-09	-5.2674637e-10	0.76001513	-2.0009884e-17	0.21275426
9.82540732562818e-10	-4.0822843e-09	-1.316866e-09	0.76968527	-2.0027225e-17	0.21368548
9.850094410898722e-10	-1.5143958e-09	-8.5596286e-10	0.77950346	-2.004599e-17	0.21388833
9.875275170567246e-10	-7.571979e-10	-4.4444226e-10	0.7896303	-2.0066144e-17	0.21404861
9.900455975758169e-10	6.5843296e-11	-7.2016104e-10	0.7996359	-2.008646e-17	0.21592362
9.925143040468036e-10	1.4485525e-09	1.808633e-09	0.8090978	-2.0105697e-17	0.21743324
9.95032369441351e-10	1.5802392e-09	3.0925773e-09	0.81818	-2.0123848e-17	0.21840012
9.975010546160577e-10	2.1728288e-09	3.2592433e-09	0.82636225	-2.0139626e-17	0.21916
1.0000191035930657e-09	2.5020452e-09	5.086395e-09	0.83386785	-2.0153271e-17	0.22131027
1.0025371335382855e-09	2.4032802e-09	5.5966805e-09	0.8404919	-2.0164304e-17	0.22171666
1.0050057666300918e-09	1.9752988e-09	4.6748743e-09	0.8461627	-2.0172624e-17	0.22313467
1.0075237797246127e-09	2.534967e-09	5.9588183e-09	0.8511904	-2.0178709e-17	0.22322622
1.010041777832189e-09	2.1069855e-09	6.847703e-09	0.85556674	-2.0182562e-17	0.22446942
1.012510419272074e-09	1.3004051e-09	8.098725e-09	0.85934263	-2.0184372e-17	0.22413392
1.0150284070602643e-09	1.975299e-10	7.242763e-09	0.86278313	-2.018442e-17	0.22499502
1.0175463892043626e-09	1.6460824e-10	7.308606e-09	0.86590856	-2.0182848e-17	0.2255367
1.0200150032958288e-09	-9.876495e-11	6.913546e-09	0.8687486	-2.0179888e-17	0.22524172
1.0225329854761394e-09	-2.9629485e-10	7.3744495e-09	0.87148505	-2.0175537e-17	0.2240953
1.0250016216827315e-09	-1.1522577e-09	7.7695095e-09	0.87406576	-2.0170025e-17	0.22222026
1.0275196146613105e-09	-2.5678886e-09	8.164569e-09	0.87664187	-2.0163138e-17	0.22043802
1.0300376019484518e-09	-3.456773e-09	7.111076e-09	0.8792036	-2.0154914e-17	0.21985364
1.0325062351817168e-09	-3.9835193e-09	6.0575833e-09	0.8817395	-2.0145433e-17	0.21848455
1.0350242381186878e-09	-3.753068e-09	5.9258967e-09	0.8843893	-2.0134124e-17	0.21687302
1.0375422356739895e-09	-3.654303e-09	5.8600533e-09	0.8871424	-2.0120886e-17	0.21675943
1.0400108862552436e-09	-4.8065605e-09	6.18927e-09	0.8899842	-2.0105652e-17	0.21561877
1.0425288983309387e-09	-5.8600533e-09	5.6625233e-09	0.89307624	-2.0087292e-17	0.21466756
1.0450469275826406e-09	-7.506136e-09	4.938247e-09	0.89642006	-2.0065375e-17	0.21460292
1.0475155804088616e-09	-8.329177e-09	4.1481276e-09	0.90000707	-2.0039501e-17	0.21303016
1.0500336215200975e-09	-9.810651e-09	3.2263217e-09	0.9040584	-2.0007345e-17	0.21384002
1.052502290637522e-09	-1.1654263e-08	1.316866e-09	0.908501	-1.9968471e-17	0.21289168
1.0550203493635046e-09	-1.3596641e-08	-7.901196e-10	0.9136081	-1.9918957e-17	0.21347092
1.0575384155450708e-09	-1.5670704e-08	-4.609031e-09	0.9193837	-1.9856204e-17	0.21408424
1.0600071207366477e-09	-1.698757e-08	-8.9546885e-09	0.92573446	-1.9777458e-17	0.21439067
1.0625252234453279e-09	-1.7547238e-08	-1.5539019e-08	0.93282324	-1.967322e-17	0.21467905
1.0650433261994143e-09	-1.6329137e-08	-2.3835273e-08	0.94012237	-1.9535238e-17	0.21441028
1.0675120712213343e-09	-1.1555499e-08	-3.4633576e-08	0.94642335	-1.9353264e-17	0.21270683
1.0700302109880966e-09	-1.7448474e-09	-4.5431875e-08	0.94945574	-1.910558e-17	0.2087554
1.0725483588533537e-09	1.5094576e-08	-5.3596445e-08	0.94390047	-1.8820867e-17	0.20628424
1.075017149210967e-09	3.636196e-08	-5.076518e-08	0.9235348	-1.8647017e-17	0.21573548
1.0775353189161502e-09	5.6822767e-08	-3.2131528e-08	0.88811743	-1.8746383e-17	0.24264273
1.0800040854776431e-09	6.755522e-08	-1.3958779e-08	0.85228896	-1.9078702e-17	0.23290046
1.0825223074867565e-09	6.795028e-08	9.283905e-09	0.82057977	-1.9428143e-17	0.20654804
1.085040786611296e-09	5.4024426e-08	3.3020413e-08	0.79299694	-1.9669409e-17	0.20112695
1.08750985306288e-09	3.3036873e-08	4.908618e-08	0.7704782	-1.9811872e-17	0.20439145
1.0900276717402225e-09	1.0715997e-08	5.2378343e-08	0.7526374	-1.9893667e-17	0.208944
1.0925455951918464e-09	-7.094615e-09	4.490513e-08	0.74000186	-1.9935647e-17	0.21166417
1.0950142266970448e-09	-1.6230373e-08	3.2789963e-08	0.7321586	-1.9954452e-17	0.21163863
1.0975322356425996e-09	-1.91604e-08	2.0279735e-08	0.7282587	-1.9962126e-17	0.21219462
1.100000823754055e-09	-1.7695386e-08	1.0534928e-08	0.72788185	-1.9965298e-17	0.21199274
1.1025188369236475e-09	-1.3827092e-08	5.530837e-09	0.73022187	-1.9968216e-17	0.21167523
1.1050368746518097e-09	-1.0485545e-08	1.5802392e-09	0.7347336	-1.9973037e-17	0.21116482
1.1075055487130752e-09	-8.8394625e-09	1.975299e-10	0.74092466	-1.9980619e-17	0.21237879
1.1100236270005311e-09	-6.7818595e-09	-3.292165e-10	0.748693	-1.999158e-17	0.21146178
1.1125417277843178e-09	-5.5472977e-09	-1.3827093e-09	0.7575274	-2.000566e-17	0.21299379
1.1150104520121956e-09	-4.213971e-09	-1.777769e-09	0.7668703	-2.0022044e-17	0.21328627
1.1175285292230543e-09	-2.534967e-09	-1.4485525e-09	0.7768122	-2.0040757e-17	0.21290946
1.1200466076279933e-09	-1.0534927e-09	-9.38267e-10	0.7869312	-2.006072e-17	0.21456878
1.1225153002488555e-09	-9.876495e-11	-8.806541e-10	0.79679734	-2.0080681e-17	0.21590666
1.1250333782636178e-09	1.4485525e-09	2.3045155e-10	0.80657	-2.0100573e-17	0.21687412
1.1275020555862277e-09	2.2386721e-09	2.2530753e-09	0.815649	-2.0118844e-17	0.21722564
1.1300200968200307e-09	2.255133e-09	3.275704e-09	0.8242138	-2.0135558e-17	0.21943098
1.1325381534199e-09	2.5020452e-09	4.954708e-09	0.831952	-2.0149886e-17	0.22095156
1.1350068052517867e-09	1.9423774e-09	5.6625233e-09	0.83868426	-2.016141e-17	0.2208936
1.1375248221655098e-09	1.3827093e-09	5.8271317e-09	0.84469664	-2.0170596e-17	0.22303633
1.1400428319589847e-09	2.6337318e-10	5.5966805e-09	0.8499179	-2.0177312e-17	0.22257128
1.142511454601312e-09	1.975299e-10	5.135777e-09	0.8543729	-2.0181673e-17	0.22428378
1.1450294484744196e-09	4.115206e-10	5.432072e-09	0.8583593	-2.0184062e-17	0.22435908
1.1475474253414856e-09	-9.876495e-11	5.99174e-09	0.8619	-2.0184577e-17	0.22467098
1.1500160459700926e-09	-2.9629485e-10	6.716016e-09	0.8650404	-2.0183453e-17	0.2254586
1.1525340446329658e-09	-9.711887e-10	6.716016e-09	0.8679937	-2.0180826e-17	0.2254074
1.1550026470973335e-09	-1.316866e-09	5.99174e-09	0.8707144	-2.0176915e-17	0.2245053
1.1575206288742476e-09	-2.0740638e-09	5.695445e-09	0.8733708	-2.017165e-17	0.22280149
1.1600386240521795e-09	-2.0082205e-09	6.1234267e-09	0.8759577	-2.0165105e-17	0.22046037
1.162507231838672e-09	-1.9094557e-09	5.267464e-09	0.87846905	-2.0157412e-17	0.22010222
1.1650252262604016e-09	-2.1069855e-09	5.0040905e-09	0.881045	-2.014816e-17	0.21893838
1.1675432212305759e-09	-2.6666536e-09	4.938247e-09	0.88367397	-2.0137317e-17	0.21690571
1.170011852580944e-09	-3.6213814e-09	5.135777e-09	0.88634104	-2.0124896e-17	0.21689242
1.1725298769609061e-09	-3.555538e-09	4.5431876e-09	0.8891944	-2.0110041e-17	0.21604185
1.1750478860786023e-09	-4.2468926e-09	4.5431876e-09	0.8922293	-2.0092505e-17	0.21444641
1.1775165277573702e-09	-5.0040905e-09	4.6748743e-09	0.89543295	-2.0072067e-17	0.21478085
1.1800345517911909e-09	-5.9588183e-09	4.8065605e-09	0.8989967	-2.0047033e-17	0.21349737
1.1825032012704981e-09	-7.506136e-09	3.1604783e-09	0.9028526	-2.001724e-17	0.21384649
1.1850212367242745e-09	-8.592551e-09	1.9752988e-09	0.9072406	-1.997989e-17	0.21277206
1.187539279807994e-09	-1.0534928e-08	5.2674637e-10	0.91218334	-1.9933307e-17	0.21373382
1.190007962767638e-09	-1.218101e-08	-1.4485525e-09	0.91765726	-1.9875764e-17	0.21373887
1.1925260294080083e-09	-1.3794171e-08	-4.609031e-09	0.92394024	-1.9800882e-17	0.21363404
1.1950441134495846e-09	-1.5078115e-08	-9.613121e-09	0.9308862	-1.9703859e-17	0.21388438
1.197512839468059e-09	-1.5209801e-08	-1.6065764e-08	0.9380558	-1.9578952e-17	0.21409377
1.2000309526306371e-09	-1.2115167e-08	-2.5020453e-08	0.944896	-1.9408316e-17	0.21323419
1.2025490820464934e-09	-5.2016205e-09	-3.4633576e-08	0.94921577	-1.9177896e-17	0.20968436
1.2050178518763097e-09	5.7818643e-09	-4.213971e-08	0.94678897	-1.8900278e-17	0.2065146
1.2075360138050488e-09	2.2724167e-08	-4.411501e-08	0.93077314	-1.867241e-17	0.21116112
1.2100047986725305e-09	4.1316667e-08	-3.2658274e-08	0.89907414	-1.8686015e-17	0.23426937
1.2125229458377336e-09	5.188452e-08	-1.7119257e-08	0.86153996	-1.8977765e-17	0.24443255
1.2150411295919392e-09	5.5835116e-08	-1.8436124e-09	0.8286353	-1.9344064e-17	0.21105929
1.217510160985738e-09	4.9119098e-08	1.787234e-08	0.8004537	-1.9611691e-17	0.20039494
1.2200287188966007e-09	3.432082e-08	3.4403122e-08	0.776126	-1.9780418e-17	0.20255764
1.2225466046511837e-09	1.5440254e-08	4.0625313e-08	0.75688	-1.9876586e-17	0.207827
1.225015114507e-09	1.7283866e-10	3.7398994e-08	0.74311256	-1.9926592e-17	0.2110095
1.2275331137213681e-09	-1.037032e-08	2.9036894e-08	0.73388135	-1.9950816e-17	0.21117051
1.2300017550851795e-09	-1.3036973e-08	1.856781e-08	0.72898036	-1.996063e-17	0.21219547
1.2325197191747132e-09	-1.3004051e-08	1.0271554e-08	0.7276911	-1.9964593e-17	0.21205279
1.2350377245951085e-09	-1.0074024e-08	5.3991505e-09	0.7293671	-1.9967316e-17	0.21179464
1.237506373604353e-09	-7.934117e-09	2.2386721e-09	0.7332415	-1.9971381e-17	0.21104762
1.2400244201929563e-09	-6.2221917e-09	9.218062e-10	0.73908424	-1.9978248e-17	0.21220198
1.2425424831049943e-09	-5.234542e-09	6.58433e-10	0.7464993	-1.998834e-17	0.21196271
1.245011192706032e-09	-3.555538e-09	1.3168659e-10	0.7549109	-2.000133e-17	0.2129199
1.2475292755832084e-09	-2.9135658e-09	-9.547279e-10	0.76427746	-2.0017366e-17	0.21256787
1.2500473559250015e-09	-2.1728288e-09	-1.777769e-09	0.7741325	-2.0035606e-17	0.2134757
1.252516053436923e-09	-1.0864144e-09	-1.6460824e-09	0.78402805	-2.0054923e-17	0.214667
1.255034135196942e-09	8.5596286e-10	-9.3003655e-10	0.7941304	-2.0075258e-17	0.2154499
1.2575028257468398e-09	1.9423774e-09	1.7283866e-10	0.80381423	-2.0094975e-17	0.21581121
1.2600208889740522e-09	2.897105e-09	8.250988e-10	0.81323826	-2.0114033e-17	0.21745065
1.2625389320842324e-09	3.2921648e-09	1.6707736e-09	0.8220054	-2.0131315e-17	0.21935457
1.265007589127873e-09	3.4896948e-09	2.3703588e-09	0.8298243	-2.0146042e-17	0.2202212
1.2675256160618036e-09	3.0287917e-09	4.115206e-09	0.83693576	-2.0158526e-17	0.22126818
1.2700436337303409e-09	2.0411421e-09	5.0040905e-09	0.8431733	-2.0168394e-17	0.22273324
1.2725122591358627e-09	1.2839443e-09	4.6748743e-09	0.84849715	-2.0175628e-17	0.22288673
1.2750302678263768e-09	1.1851794e-09	4.4444226e-09	0.8532189	-2.0180692e-17	0.22397645
1.2775482537002401e-09	1.1851794e-09	4.938247e-09	0.8573438	-2.0183617e-17	0.22448844
1.2800168720041484e-09	9.876494e-10	4.8065605e-09	0.8609248	-2.018461e-17	0.2242417
1.2825348424779975e-09	7.571979e-10	5.267464e-09	0.86421293	-2.0183908e-17	0.22535005
1.285003460644303e-09	2.3045155e-10	5.3003855e-09	0.86716896	-2.0181723e-17	0.22551592
1.287521428951932e-09	-3.2921648e-11	5.2016205e-09	0.8699876	-2.0178103e-17	0.22482957
1.2900394111612072e-09	-4.4444226e-10	5.069934e-09	0.87267065	-2.0173177e-17	0.22333014
1.2925080244799895e-09	-2.6337318e-10	5.464994e-09	0.87522113	-2.016711e-17	0.22113043
1.2950260096950957e-09	0	5.267464e-09	0.8777857	-2.0159636e-17	0.22027496
1.2975439813498146e-09	-6.255113e-10	5.530837e-09	0.880354	-2.0150777e-17	0.21933074
1.300012597330968e-09	-1.1193361e-09	5.99174e-09	0.8829131	-2.0140599e-17	0.21758184
1.3025305942840478e-09	-2.4691236e-09	5.5966805e-09	0.8856039	-2.012847e-17	0.21694116
1.305048599642312e-09	-3.358008e-09	5.79421e-09	0.88841724	-2.0114247e-17	0.21637829
1.3075172308679198e-09	-4.609031e-09	5.99174e-09	0.8913383	-2.0097837e-17	0.21470226
1.3100352377377498e-09	-5.2016205e-09	5.3991505e-09	0.8945352	-2.0077993e-17	0.21482588
1.3125038956093224e-09	-6.3209566e-09	5.5966805e-09	0.8979411	-2.0054698e-17	0.21406376
1.315021923600293e-09	-7.341528e-09	4.872404e-09	0.901763	-2.0025947e-17	0.21366946
1.3175399435142825e-09	-9.481435e-09	2.7654186e-09	0.9060194	-1.9990657e-17	0.21336426
1.3200086126924597e-09	-1.1226282e-08	1.1851794e-09	0.910705	-1.9947753e-17	0.21365345
1.3225266682311432e-09	-1.3102816e-08	1.975299e-10	0.9161013	-1.9892792e-17	0.2129842
1.3250447274604505e-09	-1.5012272e-08	-3.0287917e-09	0.9221939	-1.9822756e-17	0.21347149
1.3275134413168506e-09	-1.7086336e-08	-7.3250668e-09	0.92883873	-1.9734354e-17	0.21413024
1.3300315304046642e-09	-1.734971e-08	-1.3168659e-08	0.93610126	-1.961649e-17	0.21396525
1.3325002614566183e-09	-1.6526668e-08	-2.1069855e-08	0.9430716	-1.9462625e-17	0.21268454
1.3350183866180043e-09	-1.1275665e-08	-3.1341408e-08	0.94843453	-1.9250682e-17	0.21016946
1.3375365300894e-09	-2.6008102e-09	-4.1086217e-08	0.9484562	-1.8977608e-17	0.20642155
1.3400053040157517e-09	1.2045208e-08	-4.6617053e-08	0.9371283	-1.8720178e-17	0.20784461
1.3425234498239078e-09	3.196692e-08	-4.1876337e-08	0.90890366	-1.8652436e-17	0.2259923
1.3450415951638299e-09	4.793392e-08	-2.7654185e-08	0.87119687	-1.8881542e-17	0.24857096
1.3475103789979584e-09	5.5703428e-08	-1.3366189e-08	0.83760136	-1.9245178e-17	0.21765141
1.3500287197791196e-09	5.4189034e-08	7.226302e-09	0.8077312	-1.954998e-17	0.20236467
1.3525472802951921e-09	4.2073868e-08	2.793402e-08	0.7821408	-1.9743843e-17	0.20221336
1.3550159895395465e-09	2.5596583e-08	3.838664e-08	0.7618556	-1.9854682e-17	0.20565502
1.357533827041987e-09	9.308597e-09	3.9374292e-08	0.746371	-1.991619e-17	0.20969525
1.3600024249656348e-09	-2.1234463e-09	3.331671e-08	0.7360686	-1.9945806e-17	0.21162161
1.3625204301903227e-09	-8.707776e-09	2.4625393e-08	0.729932	-1.9958806e-17	0.2121131
1.365038391341043e-09	-1.0798301e-08	1.698757e-08	0.7277104	-1.996381e-17	0.21211281
1.3675070014906184e-09	-1.1193361e-08	1.0271554e-08	0.7286293	-1.9966474e-17	0.21188563
1.3700250187102468e-09	-1.0567849e-08	5.6625233e-09	0.731992	-1.997005e-17	0.21135128
1.3725430627624965e-09	-8.7571586e-09	3.4896948e-09	0.73735595	-1.997611e-17	0.211893
1.3750117542994577e-09	-6.469104e-09	9.218062e-10	0.7442367	-1.9985115e-17	0.21230413
1.3775298258911933e-09	-4.213971e-09	3.950598e-10	0.75253093	-1.9997507e-17	0.2125707
1.3800479051357441e-09	-1.4814742e-09	1.3168659e-10	0.76171833	-2.0012842e-17	0.21241413
1.382516608649259e-09	-3.6213813e-10	4.2798143e-10	0.77127403	-2.0030197e-17	0.21373045
1.3850346797890697e-09	-1.975299e-10	9.876494e-10	0.7813238	-2.0049566e-17	0.21433519
1.3875033827660899e-09	3.6213813e-10	9.0534535e-10	0.7912488	-2.0069418e-17	0.21449542
1.3900214475409219e-09	1.2839443e-09	1.3456724e-09	0.8012125	-2.0089676e-17	0.21571934
1.3925394939925258e-09	1.3827093e-09	1.9979325e-09	0.8107797	-2.0109088e-17	0.21757771
1.3950081629820773e-09	1.7119257e-09	2.4588356e-09	0.8195701	-2.012658e-17	0.218864
1.3975262005889917e-09	1.7448474e-09	3.275704e-09	0.8277769	-2.0142271e-17	0.2192014
1.4000442398532606e-09	2.1728288e-09	3.1769392e-09	0.83512425	-2.0155452e-17	0.22138628
1.4025128840808372e-09	2.5678886e-09	2.897105e-09	0.841473	-2.0165831e-17	0.22215831
1.405030885986663e-09	3.4896948e-09	3.7201462e-09	0.84712034	-2.0173891e-17	0.22309318
1.407548886903578e-09	3.555538e-09	4.5431876e-09	0.85202205	-2.0179557e-17	0.22357516
1.410017497138338e-09	3.2921648e-09	5.4979155e-09	0.85621566	-2.0182987e-17	0.224512
1.4125354753921822e-09	1.9094557e-09	5.892975e-09	0.859989	-2.0184512e-17	0.22393323
1.4150040863953109e-09	1.0864144e-09	6.090505e-09	0.86330265	-2.0184276e-17	0.22514777
1.4175220684003479e-09	1.1851794e-09	5.9258967e-09	0.8663859	-2.0182458e-17	0.22554924
1.4200400430937622e-09	1.1193361e-09	5.892975e-09	0.86925083	-2.0179202e-17	0.22509544
1.4225086349734023e-09	8.5596286e-10	6.2221917e-09	0.8719124	-2.0174722e-17	0.22383846
1.4250266140861794e-09	2.9629485e-10	6.913546e-09	0.8745319	-2.0168885e-17	0.22179851
1.4275445930009223e-09	-1.2510226e-09	7.5719795e-09	0.8771024	-2.0161761e-17	0.22039086
1.430013203113671e-09	-1.8436124e-09	7.3744495e-09	0.87961525	-2.0153465e-17	0.21968523
1.432531201882698e-09	-1.5802392e-09	6.913546e-09	0.8822102	-2.0143529e-17	0.21814302
1.4350491870169632e-09	-1.6460824e-09	6.650173e-09	0.8848755	-2.0131897e-17	0.21692204
1.4375178101176304e-09	-2.5020452e-09	6.2551133e-09	0.88759613	-2.0118556e-17	0.21664798
1.4400358213958722e-09	-3.555538e-09	6.18927e-09	0.8905242	-2.0102578e-17	0.21528226
1.4425044617711096e-09	-4.707796e-09	5.99174e-09	0.8935933	-2.0084041e-17	0.21475625
1.4450224652750133e-09	-5.8600533e-09	5.069934e-09	0.8969833	-2.0061472e-17	0.21444137
1.4475404808338477e-09	-6.650173e-09	5.267464e-09	0.90070385	-2.0034192e-17	0.21333499
1.4500091307578903e-09	-8.296255e-09	5.9258967e-09	0.90475	-2.0001545e-17	0.21373887
1.4525271743950142e-09	-1.0534928e-08	4.872404e-09	0.9093736	-1.9960384e-17	0.2132829
1.4550452191646473e-09	-1.2543148e-08	3.6872247e-09	0.9145949	-1.9908762e-17	0.2130888
1.457513897319764e-09	-1.5440254e-08	9.218062e-10	0.9203748	-1.9844642e-17	0.21403766
1.46003197223159e-09	-1.8041064e-08	-3.094635e-09	0.92696947	-1.9760726e-17	0.21453379
1.4625006857386464e-09	-2.0246814e-08	-8.9546885e-09	0.9339956	-1.9653704e-17	0.2147238
1.4650187914456517e-09	-2.0872326e-08	-1.738263e-08	0.94125223	-1.9509108e-17	0.21405618
1.4675369123306808e-09	-1.876534e-08	-2.8575991e-08	0.9473286	-1.9313585e-17	0.2118692
1.4700056753800196e-09	-1.198348e-08	-4.0296097e-08	0.9493225	-1.906043e-17	0.20803834
1.4725238242129674e-09	7.2427625e-10	-5.1357773e-08	0.94172627	-1.8779875e-17	0.20685269
1.475041978244795e-09	2.2320878e-08	-5.2279578e-08	0.9179883	-1.864168e-17	0.21859975
1.4775107565615468e-09	4.3588262e-08	-4.1086217e-08	0.88197565	-1.8789894e-17	0.24632335
1.4800289042685297e-09	5.7020294e-08	-2.7654185e-08	0.8462669	-1.914683e-17	0.22574052
1.4825471527364693e-09	6.149764e-08	-6.1069656e-09	0.8153121	-1.9480034e-17	0.20407552
1.4850162979756491e-09	5.3991503e-08	1.7884686e-08	0.788994	-1.9698148e-17	0.2006224
1.4875346141775044e-09	3.8658246e-08	3.5588304e-08	0.76688236	-1.9830479e-17	0.20535767
1.4900030369571803e-09	2.0275621e-08	4.1744652e-08	0.75027174	-1.9902554e-17	0.20913845
1.4925209605786332e-09	4.7242565e-09	3.8584172e-08	0.7384305	-1.9939882e-17	0.21176544
1.4950389729239958e-09	-5.8271317e-09	3.0814665e-08	0.7311651	-1.9956434e-17	0.21189584
1.497507578658563e-09	-9.728347e-09	2.1991662e-08	0.7279842	-1.9962801e-17	0.21217199
1.5000255575737962e-09	-1.1061674e-08	1.4617212e-08	0.7281208	-1.9965763e-17	0.21195166
1.5025435684581284e-09	-9.168679e-09	9.481435e-09	0.7308844	-1.99689e-17	0.21156797
1.505012222309789e-09	-7.901195e-09	6.3209566e-09	0.73563313	-1.9974066e-17	0.21144956
1.5075302898808354e-09	-7.3250668e-09	4.609031e-09	0.742224	-1.998235e-17	0.21240962
1.5100483495837744e-09	-6.4361823e-09	3.4238514e-09	0.75021374	-1.999389e-17	0.21197914
1.5125170590990866e-09	-5.2016205e-09	1.777769e-09	0.7590152	-2.0008176e-17	0.21288775
1.5150351338180635e-09	-4.4444226e-09	7.901196e-10	0.76863337	-2.0025277e-17	0.21358427
1.5175038374217873e-09	-3.456773e-09	-3.2921648e-11	0.7784263	-2.0043888e-17	0.2135418
1.520021900559875e-09	-1.876534e-09	-7.2427625e-10	0.788552	-2.0063975e-17	0.21430716
1.5225399725417321e-09	-4.2798143e-10	-8.5596286e-10	0.79858184	-2.0084313e-17	0.21597481
1.5250086701599072e-09	6.831242e-10	-3.4567732e-10	0.8080919	-2.010366e-17	0.21725994
1.5275267082344213e-09	1.9752988e-09	7.633707e-10	0.81724423	-2.0122002e-17	0.21801548
1.530044742875881e-09	3.1934e-09	1.876534e-09	0.8256677	-2.0138316e-17	0.21928525
1.5325134064338652e-09	3.753068e-09	3.094635e-09	0.8331092	-2.0151943e-17	0.22120325
1.5350314222316137e-09	3.7695287e-09	4.2962753e-09	0.83982664	-2.0163252e-17	0.22138655
1.537500055575491e-09	3.456773e-09	4.872404e-09	0.84558314	-2.0171833e-17	0.22311877
1.5400180459607844e-09	4.0493626e-09	5.563759e-09	0.8506871	-2.0178166e-17	0.22298378
1.542536029036634e-09	3.1934e-09	5.9588183e-09	0.8551271	-2.018225e-17	0.2244172
1.5450046464234522e-09	2.732497e-09	6.6830945e-09	0.858953	-2.0184266e-17	0.22423446
1.5475226210566628e-09	2.5020452e-09	6.9793895e-09	0.86243254	-2.0184499e-17	0.22487502
1.550040600683149e-09	1.0864144e-09	7.0781545e-09	0.8655873	-2.018309e-17	0.22551431
1.552509195808873e-09	-3.2921648e-11	6.913546e-09	0.8684481	-2.0180274e-17	0.22531591
1.5550271725918856e-09	-6.9135464e-10	6.288035e-09	0.87119895	-2.0176063e-17	0.22425537
1.557545151823091e-09	-4.938247e-10	5.9258967e-09	0.8738394	-2.0170568e-17	0.2224165
1.5600137529660873e-09	-4.938247e-10	4.8065605e-09	0.8763683	-2.0163937e-17	0.22045358
1.5625317331964714e-09	-3.6213813e-10	5.3991505e-09	0.87892956	-2.0155859e-17	0.21995364
1.5650003462371763e-09	-1.316866e-09	5.79421e-09	0.88146114	-2.0146538e-17	0.21867338
1.5675183357519633e-09	-1.3827093e-09	6.650173e-09	0.88410217	-2.0135419e-17	0.21682954
1.570036333592497e-09	-1.9094557e-09	6.847703e-09	0.8868423	-2.0122401e-17	0.21681844
1.572504957078401e-09	-3.1604783e-09	6.847703e-09	0.8896665	-2.010743e-17	0.21579869
1.575022956965822e-09	-4.510266e-09	6.650173e-09	0.89273506	-2.008941e-17	0.21458976
1.5775409675466262e-09	-5.168699e-09	5.9258967e-09	0.8960491	-2.0067913e-17	0.21468575
1.5800096088743388e-09	-6.1234267e-09	5.6625233e-09	0.8995995	-2.0042565e-17	0.21310401
1.5825276348165185e-09	-7.4402924e-09	4.5431876e-09	0.9036043	-2.0011107e-17	0.21386698
1.585045673579052e-09	-9.086375e-09	3.555538e-09	0.9080847	-1.9972278e-17	0.21266504
1.5875143390415588e-09	-1.1259204e-08	2.436202e-09	0.9130321	-1.9924807e-17	0.2136183
1.5900323958185793e-09	-1.3432032e-08	6.5843296e-11	0.91873294	-1.9863662e-17	0.21401633
1.5925010843183771e-09	-1.5637783e-08	-3.4896948e-09	0.9250105	-1.9787032e-17	0.21416195
1.5950191733743941e-09	-1.7119257e-08	-8.164569e-09	0.9320449	-1.9685759e-17	0.21446405
1.5975372751856814e-09	-1.7119257e-08	-1.4617212e-08	0.9393574	-1.955198e-17	0.21442288
1.6000060109329224e-09	-1.616453e-08	-2.2386722e-08	0.9458354	-1.937584e-17	0.21303156
1.6025241381860986e-09	-1.0798301e-08	-3.3580083e-08	0.9494239	-1.9135014e-17	0.20917319
1.6050422781856723e-09	-1.2304466e-09	-4.411501e-08	0.9451217	-1.8849759e-17	0.20660383
1.6075110577940362e-09	1.7234482e-08	-4.8197293e-08	0.92658144	-1.8654774e-17	0.21390125
1.610029211910542e-09	3.7662367e-08	-3.897923e-08	0.8922244	-1.8721084e-17	0.23963915
1.6125473620078041e-09	5.1226085e-08	-2.5678887e-08	0.85527045	-1.9045506e-17	0.23632419
1.6150161815057386e-09	5.6361863e-08	-8.197491e-09	0.8237716	-1.9395471e-17	0.20746386
1.6175346376709844e-09	5.0633496e-08	1.3555489e-08	0.79573435	-1.9648858e-17	0.20111112
1.6200037559337644e-09	3.7612985e-08	3.0090387e-08	0.77269536	-1.9799852e-17	0.20349413
1.6225215711501163e-09	2.1041048e-08	3.7464837e-08	0.7542911	-1.9887185e-17	0.2086251
1.6250394594004817e-09	6.131657e-09	3.6674717e-08	0.7411167	-1.9932503e-17	0.21149983
1.627508103704953e-09	-3.8024504e-09	3.0090387e-08	0.7328126	-1.9953102e-17	0.21143167
1.6300260917619885e-09	-9.662504e-09	2.1464915e-08	0.7284927	-1.9961615e-17	0.21220227
1.632544062581754e-09	-1.1522577e-08	1.4090466e-08	0.7277974	-1.9965071e-17	0.212012
1.6350126724529905e-09	-1.037032e-08	8.691315e-09	0.72986066	-1.9967842e-17	0.21172827
1.637530706805229e-09	-8.526707e-09	4.0822843e-09	0.734159	-1.9972392e-17	0.21096425
1.6400487636539744e-09	-6.469104e-09	2.8312617e-09	0.74031097	-1.9979816e-17	0.21233778
1.6425174612789032e-09	-5.234542e-09	1.7119257e-09	0.7478049	-1.9990257e-17	0.21165848
1.6450355302727507e-09	-4.411501e-09	4.609031e-10	0.7565441	-2.0004018e-17	0.21300478
1.6475042304710948e-09	-3.1604783e-09	0	0.76582795	-2.0020153e-17	0.21303692
1.6500223020892024e-09	-8.888845e-10	-3.6213813e-10	0.77573705	-2.003868e-17	0.21314205
1.6525403790174153e-09	0	4.4444226e-10	0.78584814	-2.0058552e-17	0.21466114
1.6550090516570003e-09	2.3045155e-10	4.732487e-10	0.79573125	-2.007851e-17	0.21577418
1.6575271117605422e-09	4.938247e-10	1.2510226e-09	0.80554634	-2.0098494e-17	0.21653315
1.660045171662576e-09	4.938247e-10	1.6008151e-09	0.8148658	-2.0117282e-17	0.21714266
1.6625138397909686e-09	1.4156308e-09	1.679004e-09	0.82333606	-2.0133879e-17	0.21944275
1.6650318685717211e-09	1.5802392e-09	2.3703588e-09	0.8311663	-2.0148477e-17	0.22072189
1.667500514796441e-09	2.1399071e-09	3.094635e-09	0.83799124	-2.0160277e-17	0.22107282
1.670018532291742e-09	2.5020452e-09	3.4896948e-09	0.8440932	-2.0169737e-17	0.22294118
1.6725365290327076e-09	2.3703588e-09	3.8847547e-09	0.84939444	-2.0176705e-17	0.22265713
1.6750051400843166e-09	2.6666536e-09	4.4444226e-09	0.85391545	-2.0181298e-17	0.22417682
1.6775231159989061e-09	2.1399071e-09	5.333307e-09	0.85795635	-2.0183898e-17	0.22442283
1.6800410921685293e-09	1.679004e-09	5.7612883e-09	0.8615393	-2.0184605e-17	0.22451656
1.682509685242378e-09	6.9135464e-10	5.8600533e-09	0.864711	-2.018365e-17	0.22542368
1.6850276619136692e-09	3.292165e-10	5.5966805e-09	0.86768764	-2.0181175e-17	0.22545673
1.6875456417324798e-09	6.5843296e-11	5.1028555e-09	0.87047756	-2.0177317e-17	0.224618
1.6900142402490369e-09	-1.6460824e-10	4.971169e-09	0.87309086	-2.0172273e-17	0.22302015
1.6925322084048865e-09	-4.2798143e-10	5.135777e-09	0.875683	-2.0165866e-17	0.22065082
1.695000813953929e-09	-1.1522577e-09	4.872404e-09	0.87819505	-2.0158315e-17	0.22017865
1.69751879447542e-09	-1.1193361e-09	4.938247e-09	0.88076746	-2.0149223e-17	0.21910325
1.7000367839687015e-09	-1.3827093e-09	4.872404e-09	0.883389	-2.0138557e-17	0.21716729
1.7025054045638225e-09	-2.0411421e-09	5.267464e-09	0.8860445	-2.0126348e-17	0.21692011
1.7050234037672121e-09	-3.094635e-09	5.464994e-09	0.88888144	-2.011175e-17	0.21618693
1.7075414067672125e-09	-4.115206e-09	5.5966805e-09	0.89189434	-2.0094528e-17	0.21433352
1.7100100382518952e-09	-5.366229e-09	4.609031e-09	0.8950706	-2.0074477e-17	0.21481217
1.7125280584630014e-09	-5.366229e-09	4.213971e-09	0.89859897	-2.004995e-17	0.21372934
1.7150460808146438e-09	-6.650173e-09	3.6872247e-09	0.90249234	-2.0020143e-17	0.21380715
1.7175147340977258e-09	-8.197491e-09	3.4238514e-09	0.9067463	-1.9984283e-17	0.21303862
1.7200327692256264e-09	-1.017279e-08	2.7654186e-09	0.911625	-1.9938815e-17	0.21374449
1.7225014532847388e-09	-1.1917637e-08	1.777769e-09	0.9170275	-1.9882725e-17	0.21348274
1.7250195193240415e-09	-1.5604861e-08	-2.0411421e-09	0.9232343	-1.9809834e-17	0.21316741
1.7275375981763665e-09	-1.6724197e-08	-6.847703e-09	0.9301171	-1.9715527e-17	0.21340704
1.7300063072513636e-09	-1.856781e-08	-1.3300346e-08	0.9372742	-1.9594354e-17	0.21366833
1.7325244195947195e-09	-1.738263e-08	-2.2123348e-08	0.94423354	-1.9429159e-17	0.21316066
1.7350425464823917e-09	-1.28723645e-08	-3.2131528e-08	0.9489804	-1.9205704e-17	0.20992763
1.7375113119711346e-09	-4.5184962e-09	-4.292983e-08	0.9475673	-1.893111e-17	0.20631132
1.740029445888842e-09	1.1720107e-08	-4.9777533e-08	0.9333212	-1.8687972e-17	0.21042131
1.7425476097579656e-09	3.3810533e-08	-4.3588262e-08	0.9023537	-1.867252e-17	0.23074277
1.7450163892517594e-09	4.8987413e-08	-3.0024545e-08	0.86536306	-1.8938303e-17	0.247473
1.7475345480720768e-09	5.7151983e-08	-1.5209801e-08	0.8319456	-1.9308091e-17	0.21330515
1.7500035520497908e-09	5.5242527e-08	7.1872073e-09	0.80333465	-1.9587903e-17	0.20127518
1.7525221187350694e-09	4.3193204e-08	2.7621263e-08	0.77849436	-1.9766399e-17	0.20261185
1.7550400874255612e-09	2.6230323e-08	3.8781703e-08	0.7586875	-1.9868865e-17	0.20706153
1.7575085477695232e-09	9.728347e-09	4.0098566e-08	0.74437666	-1.9922667e-17	0.2105742
1.7600265406192992e-09	-2.3209763e-09	3.3843456e-08	0.734657	-1.9949093e-17	0.21136549
1.7625445393336578e-09	-9.218062e-09	2.4888767e-08	0.7292618	-1.9960087e-17	0.21218018
1.765013135871222e-09	-1.1176899e-08	1.619745e-08	0.72767276	-1.9964292e-17	0.21207657
1.7675311147250992e-09	-1.10122915e-08	9.744808e-09	0.72906905	-1.9966992e-17	0.21183206
1.7700491232721357e-09	-8.9546885e-09	5.267464e-09	0.73281693	-1.9970924e-17	0.21115856
1.7725177975307864e-09	-7.802431e-09	2.9629483e-09	0.73837733	-1.9977363e-17	0.21209186
1.7750358721331781e-09	-6.18927e-09	9.876494e-10	0.7456422	-1.9987102e-17	0.21211961
1.7775045684465006e-09	-4.7901e-09	5.2674637e-10	0.7539493	-1.9999768e-17	0.21281071
1.7800226387569986e-09	-2.8641833e-09	6.255113e-10	0.7632467	-2.0015529e-17	0.21219066
1.7825407183964976e-09	-1.876534e-09	7.2427625e-10	0.7730619	-2.003357e-17	0.21362196
1.7850094154912795e-09	-1.1522577e-09	4.4444226e-10	0.78294307	-2.0052767e-17	0.2145822
1.7875274778661464e-09	-4.2798143e-10	6.172809e-10	0.79305565	-2.0073074e-17	0.21514915
1.7900455306764048e-09	-3.2921648e-11	1.0493776e-09	0.8029652	-2.0093244e-17	0.21539246
1.7925142192120865e-09	1.1851794e-09	1.4629558e-09	0.8122577	-2.0112063e-17	0.2175501
1.7950322635197032e-09	2.436202e-09	1.5390871e-09	0.82110304	-2.0129568e-17	0.21922141
1.79750092355221e-09	3.1275567e-09	2.8888747e-09	0.82901055	-2.0144553e-17	0.21985255
1.800018957233134e-09	2.732497e-09	4.5431876e-09	0.83621675	-2.0157315e-17	0.221348
1.8025369583537263e-09	2.9629483e-09	4.691335e-09	0.8425459	-2.016746e-17	0.22254996
1.8050055839820914e-09	3.7201462e-09	5.3991505e-09	0.8479512	-2.0174955e-17	0.2229897
1.8075235746283272e-09	2.9629483e-09	6.4197216e-09	0.85274404	-2.0180257e-17	0.2238272
1.8100415515121748e-09	1.9752988e-09	6.847703e-09	0.856927	-2.0183399e-17	0.22451146
1.8125101545672732e-09	1.1522577e-09	6.5843295e-09	0.86055267	-2.0184583e-17	0.2240827
1.8150281386143148e-09	7.901196e-10	5.892975e-09	0.8638755	-2.0184057e-17	0.22528496
1.8175461119621122e-09	3.950598e-10	5.9258967e-09	0.86691403	-2.0181973e-17	0.22553457
1.820014704183085e-09	1.3168659e-10	6.288035e-09	0.8696932	-2.0178557e-17	0.22494318
1.8225326829007916e-09	4.2798143e-10	6.716016e-09	0.87238824	-2.017377e-17	0.22352785
1.8250012816242693e-09	-5.925897e-10	6.716016e-09	0.87494504	-2.0167833e-17	0.22140475
1.8275192606847742e-09	-5.2674637e-10	6.3868e-09	0.8775116	-2.0160502e-17	0.22032842
1.8300372482220098e-09	-1.3497876e-09	6.5843295e-09	0.88007754	-2.0151796e-17	0.21947207
1.832505866112596e-09	-2.1069855e-09	6.18927e-09	0.88263047	-2.014179e-17	0.21781477
1.8350238555620997e-09	-2.2715938e-09	6.0575833e-09	0.88531065	-2.0129862e-17	0.21694171
1.8375418438962285e-09	-2.633732e-09	5.9258967e-09	0.8881087	-2.0115881e-17	0.21649015
1.8400104724968846e-09	-3.555538e-09	6.0575833e-09	0.89100987	-2.0099766e-17	0.21494636
1.842528475161235e-09	-3.8847547e-09	6.3209566e-09	0.89418054	-2.0080292e-17	0.21481414
1.8450464849903558e-09	-4.9053255e-09	6.4526433e-09	0.89762455	-2.0056958e-17	0.2142026
1.8475151326365185e-09	-6.090505e-09	6.5184866e-09	0.9013344	-2.002931e-17	0.21355277
1.8500331641667913e-09	-8.427942e-09	6.3209566e-09	0.90554	-1.9994808e-17	0.21353477
1.852501828639398e-09	-1.1456733e-08	5.267464e-09	0.9101655	-1.9952913e-17	0.2135373
1.8550198762633249e-09	-1.3399111e-08	3.0287917e-09	0.9154909	-1.9899324e-17	0.21259838
1.857537935243615e-09	-1.6460824e-08	-6.5843296e-11	0.92150706	-1.9831122e-17	0.21375994
1.8600066318962455e-09	-1.8995792e-08	-4.609031e-09	0.9280838	-1.974516e-17	0.2143845
1.8625247202038934e-09	-2.0674795e-08	-1.0929988e-08	0.9353138	-1.9630758e-17	0.21437721
1.8650428223056205e-09	-2.0872326e-08	-1.9094557e-08	0.9424857	-1.9478279e-17	0.21318968
1.867511568977924e-09	-1.817275e-08	-3.0287918e-08	0.94802904	-1.9276496e-17	0.21089591
1.8700297131369714e-09	-1.1193361e-08	-4.3456577e-08	0.9488826	-1.900876e-17	0.20709342
1.8725478533642034e-09	2.9876397e-09	-5.3069698e-08	0.938774	-1.8738349e-17	0.20787032
1.8750166293467785e-09	2.6139789e-08	-5.293801e-08	0.9126574	-1.8645386e-17	0.22295251
1.8775347816361575e-09	4.6880427e-08	-3.976935e-08	0.8751827	-1.8845515e-17	0.24757592
1.880003546388761e-09	5.9390654e-08	-2.6139789e-08	0.8410409	-1.920629e-17	0.22106086
1.8825218496023263e-09	6.18927e-08	-2.7078055e-09	0.81073797	-1.9522923e-17	0.20267257
1.8850404083536086e-09	5.251003e-08	2.1156275e-08	0.78465545	-1.9727583e-17	0.20160584
1.887509209984466e-09	3.5670606e-08	3.753068e-08	0.7638276	-1.9845433e-17	0.20568888
1.8900270080196126e-09	1.7752999e-08	4.2271395e-08	0.7477798	-1.9911412e-17	0.20900004
1.8925449690544848e-09	2.5102758e-09	3.8254957e-08	0.736808	-1.9944008e-17	0.21170473
1.895013600232191e-09	-5.464994e-09	2.9892856e-08	0.7303925	-1.9957928e-17	0.21204542
1.8975315831226694e-09	-9.514356e-09	2.0938169e-08	0.72778106	-1.996346e-17	0.21213603
1.9000001815857106e-09	-1.1111056e-08	1.3563719e-08	0.72840387	-1.9966185e-17	0.21191368
1.902518177691602e-09	-9.761269e-09	8.427942e-09	0.7315301	-1.9969566e-17	0.21144702
1.9050362151041636e-09	-7.4402924e-09	5.79421e-09	0.73669523	-1.9975317e-17	0.21173905
1.9075048970361757e-09	-6.3044956e-09	4.0822843e-09	0.74341744	-1.9983976e-17	0.21236944
1.9100229808449543e-09	-6.2756893e-09	2.3045155e-09	0.751593	-1.9996031e-17	0.21236068
1.9125410637760913e-09	-5.2098508e-09	1.1193361e-09	0.76070213	-2.001107e-17	0.21263397
1.91500976735814e-09	-4.3456576e-09	2.6337318e-10	0.7702116	-2.0028205e-17	0.21371527
1.9175278335927814e-09	-2.3045155e-09	-7.571979e-10	0.7802396	-2.0047434e-17	0.21409012
1.920045905228456e-09	-1.975299e-10	-3.292165e-10	0.7903655	-2.0067632e-17	0.21411005
1.9225145911774173e-09	1.3827093e-09	4.3621184e-10	0.8001598	-2.0087532e-17	0.2158727
1.9250326542014356e-09	1.876534e-09	1.5925847e-09	0.8097804	-2.0107075e-17	0.21751474
1.9275013289613686e-09	2.6008102e-09	2.8436073e-09	0.81864315	-2.0124763e-17	0.21856952
1.9300193670519897e-09	2.4691236e-09	3.5884598e-09	0.82693785	-2.0140706e-17	0.21902892
1.9325373903444e-09	2.5678886e-09	4.0082107e-09	0.8343795	-2.0154165e-17	0.22135669
1.935006025143836e-09	3.0617133e-09	4.609031e-09	0.8408196	-2.0164819e-17	0.22187355
1.9375240218464816e-09	2.8312617e-09	5.7448277e-09	0.8465529	-2.0173145e-17	0.22312793
1.940042016183332e-09	3.094635e-09	6.3538783e-09	0.8515292	-2.017906e-17	0.22337534
1.9425106203834743e-09	2.4032802e-09	7.209841e-09	0.8557832	-2.0182709e-17	0.22448763
1.945028591116868e-09	6.9135464e-10	7.835352e-09	0.8596056	-2.0184436e-17	0.22405829
1.947546572927099e-09	-6.255113e-10	6.551408e-09	0.86301976	-2.0184362e-17	0.22506766
1.950015174841929e-09	0	5.8600533e-09	0.86606735	-2.0182722e-17	0.2255439
1.952533149205003e-09	-1.3168659e-10	5.5966805e-09	0.8689522	-2.0179615e-17	0.22518596
1.9550017457762898e-09	-3.292165e-10	6.2221917e-09	0.8716269	-2.0175273e-17	0.22401321
1.9575197244640527e-09	-5.2674637e-10	6.3209566e-09	0.8742544	-2.0169573e-17	0.22205305
1.96003770595604e-09	-1.5143958e-09	6.5843295e-09	0.876828	-2.0162589e-17	0.22042195
1.96250631247767e-09	-2.0082205e-09	6.5184866e-09	0.8793399	-2.0154436e-17	0.21980007
1.965024295713588e-09	-2.8312617e-09	6.9793895e-09	0.88192946	-2.014467e-17	0.21834977
1.9675422791991513e-09	-4.609031e-09	6.4526433e-09	0.88458526	-2.0133234e-17	0.21689656
1.9700109003058626e-09	-4.8065605e-09	5.530837e-09	0.88729227	-2.0120121e-17	0.21672589
1.9725289013825547e-09	-4.971169e-09	5.3991505e-09	0.89020157	-2.010442e-17	0.21548781
1.9750469063450535e-09	-4.7736393e-09	5.530837e-09	0.8933099	-2.008583e-17	0.21471205
1.9775155428384293e-09	-5.6625233e-09	5.99174e-09	0.8966056	-2.0064096e-17	0.2145545
1.9800335693504914e-09	-7.604901e-09	5.464994e-09	0.9002871	-2.003738e-17	0.21316037
1.982502215420849e-09	-9.086375e-09	4.3456576e-09	0.9042859	-2.000545e-17	0.213815
1.9850202371099208e-09	-1.0567849e-08	3.6213814e-09	0.9088511	-1.9965247e-17	0.21306285
1.987538287702018e-09	-1.27736e-08	1.7119257e-09	0.91400397	-1.9914891e-17	0.2133378
1.9900069691940037e-09	-1.5341488e-08	-1.1193361e-09	0.9197096	-1.9852429e-17	0.214089
1.9925250324627346e-09	-1.7250944e-08	-5.2016205e-09	0.92623085	-1.9770795e-17	0.21448562
1.99504312275973e-09	-1.8073985e-08	-1.158842e-08	0.933354	-1.9664484e-17	0.2147417
1.997511846445461e-09	-1.8073985e-08	-1.9752989e-08	0.9404987	-1.9526732e-17	0.21433716
2e-09	-1.478182e-08	-2.9497798e-08	0.9467415	-1.9340103e-17	0.21246134
