# t (s)	mx ()	my ()	mz ()
0	1.3004051e-09	3.950598e-10	0.9795364
5.039980490166569e-12	5.366229e-09	7.308606e-09	0.9556135
1.0039075320850431e-11	-9.711886e-09	2.8839365e-08	0.93727493
1.5031768981070607e-11	-6.2188995e-08	4.5036817e-08	0.92849386
2.0022074879617434e-11	-1.64707e-07	2.2913467e-08	0.91895324
2.5011438474463057e-11	-2.6417976e-07	-8.625472e-08	0.88855886
3.000007092836652e-11	-4.0921609e-07	-2.926076e-07	0.83883476
3.503736540792993e-11	-1.6691276e-07	-6.34894e-07	0.7716503
4.0025666728971334e-11	3.1934e-07	-4.9477944e-07	0.69848156
4.501300630582735e-11	4.4352046e-07	-1.532832e-07	0.64251506
5.000012173710273e-11	3.13875e-07	8.612303e-08	0.6107986
5.5036421113312273e-11	1.4924207e-07	1.4893754e-07	0.59983206
6.002345932009623e-11	5.6874207e-08	1.2602408e-07	0.6036552
6.501059327475065e-11	1.0403241e-08	9.797483e-08	0.61781937
7.004712558697624e-11	-1.6409384e-08	7.045233e-08	0.6387404
7.503425936379284e-11	-2.6785877e-08	4.6221995e-08	0.6635187
8.002141161454675e-11	-2.6477236e-08	2.79834e-08	0.6905464
8.500851215272501e-11	-2.3999881e-08	2.1267384e-08	0.7184092
9.004498582827343e-11	-2.255133e-08	1.5934077e-08	0.74618936
9.50320408866259e-11	-1.896287e-08	1.0831222e-08	0.7721032
1.000190429546518e-10	-9.97526e-09	3.2098608e-09	0.7949671
1.0500602075306244e-10	2.4691236e-09	-5.0040905e-09	0.8132624
1.1004232220823682e-10	1.8106906e-08	-1.1456733e-08	0.8262534
1.150291873465541e-10	2.8905207e-08	-8.296255e-09	0.8341973
1.2001603043229148e-10	2.7275586e-08	2.9629485e-10	0.8386777
1.250028417102527e-10	2.136615e-08	5.135777e-09	0.84110343
1.3003902327047344e-10	1.5901156e-08	5.7283667e-09	0.8424301
1.3502581359551103e-10	1.2016402e-08	5.530837e-09	0.84316397
1.4001261748146414e-10	8.9546885e-09	5.3497677e-09	0.8435956
1.450488140601658e-10	6.3538783e-09	5.0040905e-09	0.84386575
1.5003561999068575e-10	4.39504e-09	3.8847547e-09	0.8440406
1.5502243371748814e-10	4.115206e-09	4.213971e-09	0.84416014
1.6000924431148112e-10	3.7695287e-09	4.131667e-09	0.8442448
1.6504543938899802e-10	3.1275567e-09	3.9999803e-09	0.8443065
1.700322442626224e-10	2.5020452e-09	2.897105e-09	0.84435153
1.7501904727524283e-10	3.3909298e-09	3.1604783e-09	0.84438497
1.8000586954636427e-10	2.617271e-09	3.2921648e-09	0.84441
1.8504204634136994e-10	2.2715938e-09	3.094635e-09	0.8444291
1.9002885834817657e-10	2.897105e-09	3.0287917e-09	0.84444326
1.9501567613145443e-10	1.5967e-09	2.7983402e-09	0.844454
2.0000245999668704e-10	1.7119257e-09	2.1892896e-09	0.844462
2.0503864313732955e-10	1.2839443e-09	2.2386721e-09	0.8444682
2.100254386685732e-10	1.6131608e-09	1.9917596e-09	0.8444728
2.1501224349646855e-10	2.5678886e-09	1.316866e-09	0.84447634
2.2004841711912566e-10	3.1604783e-09	2.8312617e-09	0.84447896
2.2503521169375174e-10	2.4032802e-09	3.0287917e-09	0.844481
2.300220192321882e-10	1.2016401e-09	2.8312617e-09	0.8444825
2.350088062818752e-10	1.777769e-09	2.534967e-09	0.8444836
2.400449749302712e-10	1.4485525e-09	2.7983402e-09	0.8444845
2.450317918424577e-10	1.4485525e-09	3.4238514e-09	0.84448516
2.500185751557998e-10	1.218101e-09	2.255133e-09	0.8444857
2.550053740068706e-10	6.9135464e-10	2.7489577e-09	0.84448606
2.6004154479363366e-10	6.255113e-10	2.1399071e-09	0.84448636
2.650283480225762e-10	1.6131608e-09	1.6460824e-09	0.8444866
2.700151423543997e-10	2.0740638e-09	1.1851794e-09	0.84448665
2.7500193828302993e-10	2.6995752e-09	2.0246813e-09	0.84448683
2.8003809329262047e-10	1.777769e-09	2.0905246e-09	0.84448695
2.8502488513355096e-10	1.777769e-09	1.0534927e-09	0.8444871
2.9001167101253856e-10	2.4691236e-09	1.8436124e-09	0.8444871
2.950478367198494e-10	2.5020452e-09	3.1769392e-09	0.8444871
3.0003463367151564e-10	1.3497876e-09	3.1110958e-09	0.8444872
3.0502143243816537e-10	2.057603e-09	2.633732e-09	0.8444872
3.100082104087853e-10	2.633732e-09	2.3374371e-09	0.8444872
3.150443832975519e-10	1.9094557e-09	2.6666536e-09	0.8444872
3.2003117465124343e-10	1.777769e-09	1.9752988e-09	0.8444872
3.2501796185545787e-10	2.1069855e-09	2.0740638e-09	0.8444872
3.3000475928940497e-10	1.8436124e-09	9.218062e-10	0.8444872
3.3504092557752365e-10	3.0617133e-09	1.5143958e-09	0.8444872
3.4002770967715626e-10	2.534967e-09	2.0411421e-09	0.8444872
3.450144854928567e-10	2.3374371e-09	2.1069855e-09	0.8444872
3.500012633019886e-10	2.3703588e-09	2.1728288e-09	0.8444872
3.550374355558898e-10	3.0287917e-09	2.7489577e-09	0.8444872
3.600242189516929e-10	2.7654186e-09	2.5843494e-09	0.8444872
3.6501099958758044e-10	2.9464875e-09	2.897105e-09	0.8444872
3.700471808152354e-10	3.2427825e-09	3.2921648e-09	0.8444872
3.7503395239866404e-10	2.6995752e-09	2.6666536e-09	0.8444872
3.800207316460935e-10	2.7983402e-09	3.1110958e-09	0.8444872
3.850075066054602e-10	3.1110958e-09	2.4032802e-09	0.8444872
3.9004365537333207e-10	3.3909298e-09	3.4238514e-09	0.8444872
3.950304401225016e-10	2.5678886e-09	3.3415473e-09	0.8444872
4.00017217930084e-10	2.518506e-09	2.3703588e-09	0.84448725
4.0500399361223775e-10	3.358008e-09	2.3703588e-09	0.8444872
4.1004014809184783e-10	3.456773e-09	2.633732e-09	0.8444872
4.1502692706261975e-10	2.9464875e-09	2.8312617e-09	0.8444872
4.200137095013285e-10	3.3250864e-09	2.8641833e-09	0.8444872
4.2500048857992584e-10	3.4896948e-09	3.1604783e-09	0.8444872
4.3003663670710914e-10	2.7654186e-09	3.0123308e-09	0.8444872
4.3502343039620586e-10	3.2592433e-09	2.436202e-09	0.8444872
4.400101853067321e-10	3.1275567e-09	2.5678886e-09	0.8444872
4.4504632837617034e-10	2.6666536e-09	1.9752988e-09	0.8444872
4.5003311577585123e-10	2.5678886e-09	1.8436124e-09	0.8444872
4.550198624569638e-10	2.7983402e-09	1.6131608e-09	0.8444872
4.600066380338192e-10	2.732497e-09	2.3703588e-09	0.8444872
4.6504277964276314e-10	2.1234463e-09	2.3374371e-09	0.8444872
4.700295398377386e-10	2.1234463e-09	1.8436124e-09	0.8444872
4.750163140030104e-10	2.5020452e-09	2.3209763e-09	0.8444872
4.800030845801481e-10	3.094635e-09	2.7654186e-09	0.8444872
4.850392155386546e-10	2.6995752e-09	2.897105e-09	0.8444872
4.900259890270427e-10	2.4691236e-09	2.7654186e-09	0.8444872
4.950127492645428e-10	2.8806442e-09	1.9752988e-09	0.84448725
5.000488894336629e-10	2.99587e-09	3.456773e-09	0.8444872
5.050356556554922e-10	1.7942299e-09	2.8641833e-09	0.84448725
5.10022409887989e-10	2.5020452e-09	1.7119257e-09	0.8444872
5.150091654432574e-10	2.534967e-09	2.1728288e-09	0.8444872
5.200453034022946e-10	2.0082205e-09	1.3497876e-09	0.84448725
5.250320576938528e-10	2.99587e-09	1.316866e-09	0.8444872
5.300188025607259e-10	3.555538e-09	2.2386721e-09	0.8444872
5.350055616436042e-10	3.1934e-09	2.897105e-09	0.8444872
5.400417012873792e-10	2.9629483e-09	2.436202e-09	0.8444872
5.450284491015521e-10	3.4238514e-09	2.353898e-09	0.8444872
5.500152076626912e-10	3.0287917e-09	2.6831144e-09	0.84448725
5.550019639064836e-10	2.5020452e-09	2.5678886e-09	0.84448725
5.600380870273095e-10	3.1934e-09	2.3374371e-09	0.8444872
5.650248266528207e-10	2.8806442e-09	3.654303e-09	0.8444872
5.700115903320294e-10	1.3497876e-09	3.6049206e-09	0.8444872
5.750477064591946e-10	1.876534e-09	2.3374371e-09	0.8444872
5.800344468294895e-10	2.6008102e-09	2.3703588e-09	0.8444872
5.850211971651595e-10	2.8312617e-09	2.7654186e-09	0.84448725
5.900079518041447e-10	1.777769e-09	2.2386721e-09	0.8444872
5.950440724764707e-10	1.8929949e-09	1.0534927e-09	0.8444872
6.000308050706192e-10	2.4691236e-09	1.7448474e-09	0.8444872
6.050175427154571e-10	2.7654186e-09	2.1399071e-09	0.8444872
6.100043013409123e-10	1.8436124e-09	1.7448474e-09	0.8444872
6.150404195914346e-10	1.5143958e-09	1.5473175e-09	0.8444872
6.200271530406647e-10	2.1728288e-09	1.218101e-09	0.8444872
6.250138934411882e-10	1.5143958e-09	2.3703588e-09	0.8444872
6.300006260197729e-10	8.888845e-10	1.8436124e-09	0.8444872
6.350367353693587e-10	1.9094557e-09	1.7119257e-09	0.8444872
6.400234710959404e-10	9.547279e-10	1.7119257e-09	0.8444872
6.450102051651324e-10	1.9423774e-09	1.7119257e-09	0.8444872
6.500463200327468e-10	2.0411421e-09	1.9423774e-09	0.8444872
6.550330670080897e-10	1.0864144e-09	1.8436124e-09	0.8444872
6.600197892487921e-10	2.7654186e-09	1.777769e-09	0.8444872
6.650065341006172e-10	2.1728288e-09	2.3703588e-09	0.8444872
6.700426159112749e-10	2.2057505e-09	1.2839443e-09	0.8444872
6.750293510432791e-10	2.99587e-09	1.6131608e-09	0.8444872
6.800161003425257e-10	2.6008102e-09	1.8106907e-09	0.8444872
6.850028042146683e-10	2.0411421e-09	1.3662484e-09	0.8444872
6.900389076106648e-10	1.958838e-09	7.901196e-10	0.8444872
6.950256399810334e-10	3.3086256e-09	1.4485525e-09	0.8444872
7.000123511711606e-10	2.897105e-09	2.4691236e-09	0.8444872
7.05048453922121e-10	2.4691236e-09	2.5514277e-09	0.8444872
7.10035163671165e-10	2.3703588e-09	2.1069855e-09	0.8444872
7.15021891480123e-10	3.1110958e-09	2.3374371e-09	0.8444872
7.200086160624094e-10	3.3250864e-09	2.7489577e-09	0.8444872
7.250447005082371e-10	3.1275567e-09	2.9300267e-09	0.8444872
7.300314096694656e-10	2.8806442e-09	3.3250864e-09	0.8444872
7.350181273961266e-10	2.7654186e-09	2.8641833e-09	0.8444872
7.400048293192498e-10	2.2386721e-09	2.4032802e-09	0.8444872
7.450409323380965e-10	2.5020452e-09	2.9464875e-09	0.8444872
7.500276294117606e-10	1.2510226e-09	2.0740638e-09	0.8444872
7.550143342171054e-10	2.0740638e-09	1.9752988e-09	0.8444872
7.600010371120304e-10	1.9259165e-09	1.4814742e-09	0.8444872
7.650371176800697e-10	2.1728288e-09	1.4485525e-09	0.8444872
7.700238334090156e-10	3.094635e-09	2.0082205e-09	0.8444872
7.750105174764097e-10	2.4032802e-09	3.1604783e-09	0.8444872
7.800465789000903e-10	1.7119257e-09	3.2921648e-09	0.8444872
7.850332755685252e-10	2.1728288e-09	2.5020452e-09	0.8444872
7.900199593964325e-10	2.1728288e-09	3.1604783e-09	0.8444872
7.950066579443255e-10	1.6460824e-09	2.518506e-09	0.8444872
8.000427269193938e-10	2.436202e-09	1.777769e-09	0.8444872
8.050294195514932e-10	1.7119257e-09	2.2057505e-09	0.8444872
8.100161116832392e-10	1.7448474e-09	1.5143958e-09	0.8444872
8.150027876669741e-10	1.876534e-09	1.7448474e-09	0.8444872
8.200388579811161e-10	1.876534e-09	2.99587e-09	0.8444872
8.250255261285985e-10	1.777769e-09	3.3415473e-09	0.8444872
8.300122144367613e-10	2.2057505e-09	2.1069855e-09	0.8444872
8.350482591680162e-10	2.3703588e-09	1.8929949e-09	0.8444872
8.400349314779907e-10	2.1728288e-09	3.456773e-09	0.8444872
8.450216032339327e-10	1.8106907e-09	2.617271e-09	0.8444872
8.50008267624499e-10	1.8436124e-09	2.5020452e-09	0.84448725
8.550443084317574e-10	2.5678886e-09	2.1069855e-09	0.8444872
8.60030961736045e-10	2.8641833e-09	2.633732e-09	0.8444872
8.650176405106465e-10	2.3045155e-09	2.1399071e-09	0.8444872
8.700042887862038e-10	3.2592433e-09	1.9752988e-09	0.8444872
8.750403260455247e-10	2.9794092e-09	2.534967e-09	0.8444872
8.800269538017447e-10	2.2386721e-09	2.5678886e-09	0.8444872
8.850135958547941e-10	2.716036e-09	2.1728288e-09	0.8444872
8.900002414010177e-10	2.897105e-09	2.6995752e-09	0.8444872
8.950362824222017e-10	2.1069855e-09	4.0493626e-09	0.84448725
9.000229194139202e-10	2.2222113e-09	2.99587e-09	0.8444872
9.050095266202465e-10	2.255133e-09	2.633732e-09	0.8444872
9.10045479618672e-10	2.3045155e-09	2.5020452e-09	0.8444872
9.150320592512216e-10	2.0740638e-09	2.156368e-09	0.84448725
9.200186141304635e-10	1.9094557e-09	2.1069855e-09	0.8444872
9.250052016642206e-10	2.2386721e-09	1.4156308e-09	0.8444872
9.300411378612606e-10	2.8641833e-09	2.1069855e-09	0.8444872
9.35027722203259e-10	2.9794092e-09	2.1069855e-09	0.84448725
9.4001428623849e-10	3.1604783e-09	1.7119257e-09	0.8444872
9.450008686853282e-10	2.897105e-09	3.4238514e-09	0.84448725
9.50036823216927e-10	3.5884598e-09	2.8312617e-09	0.8444872
9.550233834590437e-10	3.0452525e-09	3.4896948e-09	0.8444872
9.600099639727379e-10	1.9094557e-09	2.99587e-09	0.8444872
9.650459120103e-10	2.2386721e-09	2.5020452e-09	0.8444872
9.700324800365898e-10	2.1399071e-09	3.0287917e-09	0.8444872
9.750190612974844e-10	2.2386721e-09	2.732497e-09	0.8444872
9.800056375191359e-10	2.1728288e-09	2.1069855e-09	0.8444872
9.850415978117049e-10	2.6831144e-09	1.7119257e-09	0.8444872
9.90028178892826e-10	2.3703588e-09	2.3703588e-09	0.8444872
9.950147611783988e-10	2.5678886e-09	1.8436124e-09	0.8444872
1.0000013549961735e-09	4.0822843e-09	1.7942299e-09	0.8444872
1.0050372983738262e-09	3.1934e-09	2.436202e-09	0.84448725
1.01002388080866e-09	3.1934e-09	3.0123308e-09	0.84448725
1.015010459544291e-09	2.4691236e-09	2.5020452e-09	0.8444872
1.0200464209106289e-09	2.4691236e-09	2.5678886e-09	0.8444872
1.0250330070420686e-09	2.1399071e-09	1.4485525e-09	0.8444872
1.0300195844750733e-09	3.6872247e-09	1.5143958e-09	0.8444872
1.0350061901456763e-09	2.9300267e-09	3.2921648e-09	0.8444872
1.040042135200796e-09	2.2880546e-09	2.9300267e-09	0.8444872
1.0450287214004e-09	2.8641833e-09	2.5020452e-09	0.84448725
1.050015314734469e-09	2.9300267e-09	2.814801e-09	0.84448725
1.0550018973815608e-09	2.3045155e-09	1.7448474e-09	0.8444872
1.0600378756924992e-09	2.4691236e-09	2.4691236e-09	0.8444872
1.0650244534369436e-09	2.8641833e-09	1.9094557e-09	0.8444872
1.070011038665279e-09	2.0740638e-09	2.8477225e-09	0.8444872
1.0750470104461902e-09	2.7654186e-09	2.2386721e-09	0.8444872
1.0800336026726259e-09	3.9835193e-09	2.5020452e-09	0.8444872
1.085020200635589e-09	2.5020452e-09	2.9629483e-09	0.8444872
1.0900067890271663e-09	3.2921648e-09	2.2715938e-09	0.8444872
1.0950427503462907e-09	3.1934e-09	3.0287917e-09	0.84448725
1.100029351773872e-09	2.7983402e-09	3.1604783e-09	0.84448725
1.1050159427313947e-09	2.6666536e-09	2.633732e-09	0.8444872
1.1100025350213794e-09	2.7654186e-09	3.555538e-09	0.8444872
1.1150385018568263e-09	1.5802392e-09	2.6008102e-09	0.84448725
1.120025104170203e-09	2.2715938e-09	2.5843494e-09	0.8444872
1.1250116893234193e-09	1.679004e-09	2.9629483e-09	0.8444872
1.1300476477615642e-09	2.3045155e-09	2.5678886e-09	0.84448725
1.135034232174907e-09	2.8641833e-09	2.5020452e-09	0.84448725
1.1400208338529508e-09	1.679004e-09	2.6995752e-09	0.8444872
1.1450074212254191e-09	2.3703588e-09	2.2057505e-09	0.8444872
1.1500433940262488e-09	1.9752988e-09	2.2715938e-09	0.8444872
1.1550299748843135e-09	2.5020452e-09	1.6460824e-09	0.8444872
1.1600165914001717e-09	2.9629483e-09	2.8641833e-09	0.8444872
1.1650031929971417e-09	2.3374371e-09	2.633732e-09	0.8444872
1.1700391444246053e-09	2.1234463e-09	2.4526627e-09	0.8444872
1.175025742978278e-09	2.5678886e-09	2.1399071e-09	0.8444872
1.1800123278434804e-09	2.732497e-09	2.3374371e-09	0.8444872
1.1850482963670786e-09	2.2715938e-09	2.9300267e-09	0.84448725
1.1900348954926686e-09	2.9629483e-09	2.897105e-09	0.8444872
1.1950215033956529e-09	2.732497e-09	3.3250864e-09	0.84448725
1.2000080895785118e-09	2.2057505e-09	2.897105e-09	0.8444872
1.2050440583247524e-09	3.1275567e-09	2.897105e-09	0.8444872
1.2100306758094841e-09	2.7983402e-09	2.9464875e-09	0.8444872
1.2150172595007986e-09	2.7654186e-09	2.7654186e-09	0.84448725
1.2200038502566139e-09	3.2921648e-09	1.9752988e-09	0.8444872
1.2250398107623854e-09	3.2592433e-09	2.5678886e-09	0.8444872
1.2300264038312618e-09	2.633732e-09	3.1934e-09	0.8444872
1.2350129913912927e-09	2.7983402e-09	2.9300267e-09	0.8444872
1.2400489888952524e-09	1.8106907e-09	3.0287917e-09	0.8444872
1.2450355646399825e-09	2.4032802e-09	2.3703588e-09	0.8444872
1.2500221902078352e-09	2.9300267e-09	2.2715938e-09	0.8444872
1.2550087881055446e-09	2.7983402e-09	1.7119257e-09	0.8444872
1.2600447601648575e-09	2.2386721e-09	2.3703588e-09	0.84448725
1.2650313495757824e-09	2.6666536e-09	1.7119257e-09	0.8444872
1.270017937787095e-09	3.094635e-09	2.633732e-09	0.8444872
1.275004532354435e-09	2.3045155e-09	2.2386721e-09	0.8444872
1.280040501968877e-09	2.6831144e-09	2.7983402e-09	0.8444872
1.2850270923670633e-09	3.094635e-09	2.7654186e-09	0.84448725
1.2900136910672533e-09	2.3703588e-09	3.2921648e-09	0.8444872
1.2950002798470353e-09	2.534967e-09	1.9752988e-09	0.8444872
1.3000362538975082e-09	2.9629483e-09	1.777769e-09	0.8444872
1.3050228381158244e-09	3.2263217e-09	2.1069855e-09	0.8444872
1.3100094352248026e-09	3.2263217e-09	2.1069855e-09	0.8444872
1.3150454169452772e-09	3.358008e-09	2.2386721e-09	0.8444872
1.320032010948788e-09	2.897105e-09	2.897105e-09	0.8444872
1.3250186154652177e-09	2.5020452e-09	2.1399071e-09	0.8444872
1.3300052038099602e-09	2.3374371e-09	2.1728288e-09	0.8444872
1.3350411671147039e-09	3.358008e-09	2.7983402e-09	0.8444872
1.3400277744039652e-09	2.4855844e-09	3.1440175e-09	0.8444872
1.3450143560175003e-09	2.99587e-09	2.7983402e-09	0.8444872
1.3500009462175977e-09	1.9094557e-09	2.716036e-09	0.8444872
1.3550369147502377e-09	1.876534e-09	2.255133e-09	0.8444872
1.36002351116772e-09	2.1069855e-09	1.7119257e-09	0.84448725
1.3650101113856509e-09	2.5514277e-09	2.3374371e-09	0.8444872
1.370046087144867e-09	2.633732e-09	2.5020452e-09	0.8444872
1.3750326792845073e-09	1.876534e-09	1.9423774e-09	0.8444872
1.3800192849003723e-09	2.8806442e-09	2.6501927e-09	0.8444872
1.3850058653221912e-09	1.9094557e-09	3.1440175e-09	0.8444872
1.390041858947285e-09	2.518506e-09	2.732497e-09	0.8444872
1.3950284542350123e-09	2.1728288e-09	2.4691236e-09	0.8444872
1.4000150408189021e-09	3.2263217e-09	2.6666536e-09	0.8444872
1.405001637815074e-09	2.353898e-09	3.4238514e-09	0.8444872
1.410037601891185e-09	2.2715938e-09	2.633732e-09	0.84448725
1.4150242025367558e-09	2.6008102e-09	3.4896948e-09	0.8444872
1.420010785307908e-09	2.2386721e-09	2.7654186e-09	0.8444872
1.425046764335247e-09	2.0905246e-09	2.9794092e-09	0.84448725
1.4300333418344406e-09	1.1357969e-09	1.7119257e-09	0.84448725
1.4350199385816535e-09	2.5020452e-09	2.1069855e-09	0.8444872
1.4400065448048483e-09	1.9752988e-09	2.5020452e-09	0.8444872
1.4450425076516926e-09	2.5678886e-09	2.3703588e-09	0.8444872
1.4500291088093055e-09	2.057603e-09	3.0617133e-09	0.8444872
1.4550156962902264e-09	2.0740638e-09	1.9752988e-09	0.8444872
1.4600023005903743e-09	2.4526627e-09	2.3703588e-09	0.8444872
1.465038253234932e-09	2.1399071e-09	2.2386721e-09	0.8444872
1.4700248675240932e-09	2.8477225e-09	2.2057505e-09	0.8444872
1.4750114522423368e-09	2.6008102e-09	4.0822843e-09	0.8444872
1.4800474163588409e-09	2.156368e-09	3.0287917e-09	0.8444872
1.4850340007196548e-09	2.1728288e-09	1.6625432e-09	0.8444872
1.490020596994829e-09	2.1069855e-09	2.2386721e-09	0.8444872
1.4950072038674965e-09	2.5020452e-09	2.897105e-09	0.84448725
1.5000431553319799e-09	2.1069855e-09	3.1604783e-09	0.8444872
1.5050297543792694e-09	2.0082205e-09	2.6666536e-09	0.8444872
1.510016342946641e-09	2.6995752e-09	1.8436124e-09	0.8444872
1.5150029550925014e-09	2.2715938e-09	2.534967e-09	0.8444872
1.5200389210611613e-09	2.8312617e-09	2.5843494e-09	0.8444872
1.5250255103812053e-09	2.534967e-09	3.2921648e-09	0.84448725
1.5300121063882778e-09	2.633732e-09	3.1604783e-09	0.8444872
1.5350480579410387e-09	2.6995752e-09	3.2921648e-09	0.8444872
1.540034666907099e-09	2.6666536e-09	3.4238514e-09	0.84448725
1.5450212510171057e-09	1.7448474e-09	2.419741e-09	0.84448725
1.5500078417603102e-09	2.3045155e-09	2.5020452e-09	0.8444872
1.5550438025728258e-09	2.2386721e-09	2.633732e-09	0.8444872
1.5600303893907373e-09	2.2715938e-09	3.0287917e-09	0.8444872
1.5650169907688518e-09	1.2839443e-09	2.4691236e-09	0.8444872
1.5700035952066793e-09	2.518506e-09	1.9259165e-09	0.8444872
1.5750395572908326e-09	2.534967e-09	2.6008102e-09	0.8444872
1.580026154618881e-09	1.5308567e-09	2.633732e-09	0.8444872
1.5850127406696123e-09	1.876534e-09	2.156368e-09	0.8444872
1.5900486997872182e-09	1.9752988e-09	1.5802392e-09	0.8444872
1.5950352947317227e-09	3.2592433e-09	1.9752988e-09	0.8444872
1.6000218904368522e-09	3.8189114e-09	1.7942299e-09	0.84448725
1.6050084704802317e-09	3.4073906e-09	3.0287917e-09	0.8444872
1.6100444266124465e-09	2.732497e-09	2.897105e-09	0.8444872
1.6150310359862753e-09	2.6008102e-09	2.6995752e-09	0.8444872
1.6200176240076343e-09	2.6008102e-09	2.0082205e-09	0.8444872
1.6250042189292565e-09	2.99587e-09	2.7654186e-09	0.8444872
1.6300401776169605e-09	2.7654186e-09	2.436202e-09	0.8444872
1.6350267654622739e-09	2.057603e-09	2.7654186e-09	0.8444872
1.6400133669760964e-09	2.534967e-09	3.374469e-09	0.8444872
1.645049321749987e-09	1.9259165e-09	3.1604783e-09	0.8444872
1.6500359047764198e-09	2.534967e-09	2.4526627e-09	0.8444872
1.6550225184624193e-09	3.0287917e-09	2.897105e-09	0.84448725
1.6600090951898941e-09	2.9629483e-09	2.6008102e-09	0.8444872
1.6650450708175255e-09	3.8189114e-09	2.0082205e-09	0.84448725
1.6700316539200488e-09	3.1275567e-09	2.5020452e-09	0.8444872
1.6750182436828383e-09	2.9629483e-09	2.2386721e-09	0.8444872
1.68000482922476e-09	2.1399071e-09	2.1234463e-09	0.8444872
1.6850408022002434e-09	2.2880546e-09	2.633732e-09	0.8444872
1.6900273956873876e-09	1.9752988e-09	1.8436124e-09	0.8444872
1.6950139888421964e-09	1.9423774e-09	2.633732e-09	0.8444872
1.7000005892499201e-09	1.7448474e-09	2.0082205e-09	0.8444872
1.7050365460436986e-09	1.6131608e-09	2.2715938e-09	0.8444872
1.7100231368637513e-09	2.6008102e-09	2.3209763e-09	0.8444872
1.71500971065127e-09	2.5020452e-09	2.7654186e-09	0.8444872
1.7200456783669501e-09	2.1069855e-09	2.5020452e-09	0.8444872
1.7250322698825844e-09	1.8106907e-09	2.1728288e-09	0.8444872
1.7300188639654897e-09	1.777769e-09	1.9423774e-09	0.8444872
1.735005453725549e-09	2.9300267e-09	1.9752988e-09	0.8444872
1.740041420224893e-09	1.5143958e-09	1.8436124e-09	0.84448725
1.7450280010065695e-09	2.1069855e-09	1.9752988e-09	0.8444872
1.7500145829831706e-09	2.9300267e-09	2.1399071e-09	0.8444872
1.7550011629136873e-09	2.9464875e-09	2.2386721e-09	0.8444872
1.7600371340891182e-09	3.0287917e-09	2.2057505e-09	0.84448725
1.7650237037235824e-09	3.0287917e-09	2.2057505e-09	0.8444872
1.7700102967200538e-09	2.9300267e-09	2.5020452e-09	0.8444872
1.7750462661385506e-09	2.9135658e-09	2.7654186e-09	0.84448725
1.7800328516271315e-09	2.4526627e-09	2.1399071e-09	0.8444872
1.7850194339933129e-09	2.5678886e-09	1.9423774e-09	0.8444872
1.7900060416534028e-09	2.1399071e-09	2.8641833e-09	0.8444872
1.795042002113742e-09	1.8436124e-09	3.0287917e-09	0.8444872
1.8000285965275142e-09	1.8106907e-09	1.2839443e-09	0.8444872
1.8050151675168547e-09	3.6213814e-09	2.3703588e-09	0.8444872
1.810001766776603e-09	2.1728288e-09	3.2921648e-09	0.8444872
1.815037720700188e-09	2.1892896e-09	2.436202e-09	0.8444872
1.8200243001453793e-09	2.1728288e-09	2.255133e-09	0.8444872
1.82501090067786e-09	1.8436124e-09	2.7489577e-09	0.8444872
1.8300468631359329e-09	2.0411421e-09	1.9259165e-09	0.8444872
1.835033440549821e-09	3.5226164e-09	3.0287917e-09	0.8444872
1.840020036597502e-09	1.9423774e-09	2.7654186e-09	0.8444872
1.8450066236342694e-09	2.9794092e-09	1.6131608e-09	0.8444872
1.8500425818561847e-09	2.7654186e-09	2.3703588e-09	0.8444872
1.855029165773543e-09	3.6049206e-09	2.3703588e-09	0.8444872
1.8600157554523985e-09	3.3250864e-09	3.0287917e-09	0.8444872
1.865002350701206e-09	2.057603e-09	2.8312617e-09	0.8444872
1.8700383079447713e-09	2.8641833e-09	2.1069855e-09	0.8444872
1.875024890929951e-09	1.9423774e-09	2.2386721e-09	0.8444872
1.880011491776421e-09	2.2386721e-09	2.3703588e-09	0.8444872
1.885047449536191e-09	2.5020452e-09	2.436202e-09	0.8444872
1.8900340191967386e-09	2.534967e-09	2.3045155e-09	0.8444872
1.8950206223008837e-09	2.6831144e-09	1.8436124e-09	0.8444872
1.9000072089243766e-09	2.633732e-09	1.9259165e-09	0.8444872
1.905043171320678e-09	2.1728288e-09	2.7983402e-09	0.8444872
1.9100297715323383e-09	2.0246813e-09	2.0082205e-09	0.8444872
1.9150163618092253e-09	2.534967e-09	1.218101e-09	0.8444872
1.9200029543942346e-09	3.2263217e-09	2.4691236e-09	0.8444872
1.925038911844377e-09	3.2921648e-09	1.777769e-09	0.8444872
1.9300254857983904e-09	3.2592433e-09	2.7654186e-09	0.8444872
1.9350120693429992e-09	2.633732e-09	2.7983402e-09	0.8444872
1.940048032151354e-09	2.4855844e-09	1.7119257e-09	0.8444872
1.945034635482436e-09	3.670764e-09	2.5020452e-09	0.8444872
1.950021204380169e-09	2.633732e-09	2.4691236e-09	0.8444872
1.9550077870743512e-09	2.4032802e-09	2.2386721e-09	0.8444872
1.9600437493632957e-09	2.2880546e-09	1.9094557e-09	0.8444872
1.9650303432118994e-09	1.9917596e-09	2.5020452e-09	0.8444872
1.970016921073285e-09	2.4526627e-09	1.9752988e-09	0.8444872
1.9750035080185898e-09	3.0617133e-09	2.9629483e-09	0.8444872
1.980039478237502e-09	3.0287917e-09	1.8929949e-09	0.8444872
1.985026056442452e-09	2.3045155e-09	2.6995752e-09	0.8444872
1.9900126456744425e-09	2.2715938e-09	2.1069855e-09	0.8444872
1.995048612587215e-09	2.3045155e-09	2.2386721e-09	0.8444872
2.0000351814747515e-09	2.3868196e-09	2.5020452e-09	0.84448725
2.0050217854623743e-09	1.958838e-09	2.1399071e-09	0.8444872
2.0100083577221786e-09	2.2057505e-09	1.3827093e-09	0.8444872
2.0150443290100296e-09	2.6008102e-09	1.3827093e-09	0.8444872
2.0200309067427276e-09	3.5061556e-09	1.316866e-09	0.84448725
2.025017490234396e-09	2.8641833e-09	2.2386721e-09	0.8444872
2.0300040907687536e-09	3.456773e-09	3.1604783e-09	0.8444872
2.03504003649994e-09	3.917676e-09	2.897105e-09	0.8444872
2.0400266285556208e-09	3.3415473e-09	4.3785793e-09	0.8444872
2.045013217838e-09	2.4691236e-09	2.7983402e-09	0.8444872
2.050049176696438e-09	2.6995752e-09	1.8436124e-09	0.8444872
2.055035775898966e-09	3.2592433e-09	3.1275567e-09	0.8444872
2.0600223579593027e-09	2.8312617e-09	2.4691236e-09	0.8444872
2.0650089567828125e-09	2.8641833e-09	3.1934e-09	0.8444872
2.070044909194676e-09	2.1728288e-09	2.897105e-09	0.8444872
2.0750315022001644e-09	2.7654186e-09	2.1069855e-09	0.8444872
2.080018097555351e-09	2.5843494e-09	1.958838e-09	0.8444872
2.0850046591633926e-09	2.99587e-09	2.534967e-09	0.8444872
2.0900406202726547e-09	2.1399071e-09	2.156368e-09	0.8444872
2.0950272049487626e-09	2.8641833e-09	2.2057505e-09	0.8444872
2.1000137968004725e-09	2.3045155e-09	1.8600731e-09	0.8444872
2.105000393953281e-09	2.99587e-09	1.7942299e-09	0.8444872
2.1100363464896684e-09	3.571999e-09	2.633732e-09	0.84448725
2.115022944551835e-09	1.8271515e-09	3.1604783e-09	0.8444872
2.120009523548218e-09	2.2057505e-09	2.633732e-09	0.8444872
2.1250454790510315e-09	1.5802392e-09	2.3374371e-09	0.8444872
2.1300320695955143e-09	2.4691236e-09	1.5802392e-09	0.8444872
2.1350186605088333e-09	2.3703588e-09	1.9752988e-09	0.8444872
2.140005241346904e-09	2.732497e-09	1.9752988e-09	0.8444872
2.145041205189644e-09	3.1275567e-09	2.8312617e-09	0.84448725
2.150027797875314e-09	2.814801e-09	3.9505976e-09	0.8444872
2.155014386346683e-09	1.679004e-09	2.633732e-09	0.84448725
2.160000974381751e-09	2.3703588e-09	1.9752988e-09	0.8444872
2.165036927816196e-09	2.7983402e-09	1.679004e-09	0.8444872
2.1700235131412474e-09	2.6008102e-09	1.9752988e-09	0.8444872
2.175010098213677e-09	3.0287917e-09	2.617271e-09	0.8444872
2.1800460533324035e-09	2.8312617e-09	3.1110958e-09	0.8444872
2.18503264448045e-09	2.3374371e-09	2.897105e-09	0.8444872
2.1900192359971384e-09	2.7654186e-09	1.7119257e-09	0.8444872
2.1950058038809e-09	3.473234e-09	1.9094557e-09	0.84448725
2.200041771587421e-09	2.9464875e-09	2.8312617e-09	0.8444872
2.2050283643906618e-09	2.2386721e-09	1.8436124e-09	0.8444872
2.2100149428157414e-09	3.0617133e-09	1.316866e-09	0.8444872
2.2150015491935378e-09	3.1604783e-09	2.897105e-09	0.8444872
2.220037500412255e-09	2.057603e-09	2.255133e-09	0.8444872
2.2250240815984147e-09	2.99587e-09	1.8106907e-09	0.8444872
2.230010669674151e-09	3.0123308e-09	2.534967e-09	0.8444872
2.2350466228828815e-09	3.4403123e-09	3.2921648e-09	0.8444872
2.2400332053680543e-09	2.1069855e-09	3.5226164e-09	0.84448725
2.2450197882647333e-09	1.679004e-09	2.5020452e-09	0.8444872
2.2500063842282654e-09	2.1069855e-09	2.1069855e-09	0.8444872
2.255042339527864e-09	2.0740638e-09	2.0411421e-09	0.8444872
2.260028945235335e-09	2.0082205e-09	2.6995752e-09	0.84448725
2.265015521154709e-09	1.8106907e-09	1.8436124e-09	0.8444872
2.270002100247082e-09	1.876534e-09	2.3868196e-09	0.8444872
2.275038058255384e-09	1.5143958e-09	2.1069855e-09	0.8444872
2.28002464366273e-09	1.8106907e-09	2.3045155e-09	0.8444872
2.2850112310744258e-09	2.1069855e-09	1.6954649e-09	0.8444872
2.290047198844456e-09	2.0411421e-09	1.9752988e-09	0.8444872
2.2950337853863176e-09	2.5843494e-09	1.5802392e-09	0.84448725
2.300020367895242e-09	2.8312617e-09	1.9423774e-09	0.8444872
2.3050069421680082e-09	2.6995752e-09	1.8106907e-09	0.8444872
2.3100429199671367e-09	2.7654186e-09	1.316866e-09	0.8444872
2.3150294986762648e-09	4.0493626e-09	2.4032802e-09	0.8444872
2.3200160770223743e-09	2.9300267e-09	2.4691236e-09	0.84448725
2.3250026643134425e-09	2.6995752e-09	2.1234463e-09	0.8444872
2.3300386321810112e-09	3.2592433e-09	2.2057505e-09	0.8444872
2.335025220824628e-09	3.1769392e-09	1.9752988e-09	0.84448725
2.340011789307132e-09	2.6008102e-09	2.2715938e-09	0.8444872
2.345047760743809e-09	2.534967e-09	2.0082205e-09	0.84448725
2.3500343446037493e-09	3.7036854e-09	1.9423774e-09	0.8444872
2.3550209349414515e-09	3.3250864e-09	3.358008e-09	0.84448725
2.3600075269389135e-09	2.1728288e-09	3.4238514e-09	0.8444872
2.3650434797172206e-09	2.534967e-09	2.9794092e-09	0.8444872
2.3700300758009726e-09	2.1399071e-09	1.8436124e-09	0.84448725
2.3750166566398496e-09	3.6213814e-09	2.7654186e-09	0.8444872
2.38000324407178e-09	3.5061556e-09	2.6995752e-09	0.8444872
2.3850391972316767e-09	2.5020452e-09	2.6008102e-09	0.8444872
2.390025784982991e-09	2.1399071e-09	2.534967e-09	0.8444872
2.395012375748765e-09	2.2880546e-09	1.7942299e-09	0.8444872
2.4000483354022703e-09	2.4691236e-09	1.5802392e-09	0.8444872
2.405034912676243e-09	3.094635e-09	2.5020452e-09	0.8444872
2.410021508254852e-09	2.419741e-09	2.897105e-09	0.84448725
2.4150081028780775e-09	2.2222113e-09	2.0411421e-09	0.84448725
2.4200440546751366e-09	2.6666536e-09	2.2715938e-09	0.8444872
2.4250306463358364e-09	2.156368e-09	2.3703588e-09	0.8444872
2.4300172346327496e-09	2.2715938e-09	2.0905246e-09	0.8444872
2.435003820014006e-09	1.9917596e-09	2.6831144e-09	0.84448725
2.440039774403291e-09	1.6460824e-09	2.7983402e-09	0.8444872
2.4450263658513885e-09	2.4526627e-09	1.7448474e-09	0.8444872
2.45001295198191e-09	2.8641833e-09	2.7983402e-09	0.8444872
2.455048907670157e-09	2.3703588e-09	1.7448474e-09	0.8444872
2.460035487624311e-09	3.0287917e-09	2.3703588e-09	0.8444872
2.4650220771103678e-09	2.4691236e-09	3.555538e-09	0.8444872
2.4700086474022796e-09	1.7119257e-09	2.534967e-09	0.8444872
2.475044611217599e-09	1.0534927e-09	2.1728288e-09	0.8444872
2.4800311980098855e-09	2.0246813e-09	1.2839443e-09	0.8444872
2.4850177864974994e-09	2.0740638e-09	1.7119257e-09	0.8444872
2.4900043703018028e-09	2.2386721e-09	2.6995752e-09	0.8444872
2.495040331514318e-09	1.9917596e-09	1.9752988e-09	0.8444872
2.5000269157171024e-09	2.7983402e-09	1.7448474e-09	0.8444872
2.5050135104606845e-09	2.897105e-09	2.1069855e-09	0.8444872
2.510000085443715e-09	2.3045155e-09	2.5020452e-09	0.8444872
2.5150360410815e-09	1.958838e-09	2.7654186e-09	0.84448725
2.5200226280615726e-09	2.1728288e-09	2.4032802e-09	0.8444872
2.525009220988647e-09	2.2715938e-09	2.3703588e-09	0.8444872
2.530045182503085e-09	2.1892896e-09	2.2386721e-09	0.8444872
2.5350317513702303e-09	2.7983402e-09	1.8436124e-09	0.8444872
2.5400183268499117e-09	3.5061556e-09	2.633732e-09	0.8444872
2.5450049115937764e-09	2.2715938e-09	3.0287917e-09	0.8444872
2.5500408956689947e-09	1.7119257e-09	2.3045155e-09	0.84448725
2.55502748257726e-09	2.5020452e-09	1.876534e-09	0.8444872
2.5600140631208073e-09	2.732497e-09	2.633732e-09	0.8444872
2.5650006512898016e-09	3.0287917e-09	1.3497876e-09	0.8444872
2.570036611363031e-09	3.3250864e-09	2.99587e-09	0.8444872
2.575023198291553e-09	2.5020452e-09	2.633732e-09	0.84448725
2.580009783111204e-09	2.732497e-09	1.9752988e-09	0.8444872
2.585045735464463e-09	3.0287917e-09	2.3045155e-09	0.8444872
2.590032330531697e-09	2.534967e-09	2.8312617e-09	0.8444872
2.595018903907154e-09	2.1069855e-09	1.2510226e-09	0.84448725
2.6000055032373597e-09	2.6995752e-09	2.3703588e-09	0.8444872
2.60504145879617e-09	1.8106907e-09	2.436202e-09	0.84448725
2.6100280398812643e-09	3.2263217e-09	1.7119257e-09	0.8444872
2.615014623992337e-09	3.3250864e-09	2.9464875e-09	0.84448725
2.620001215171897e-09	2.4855844e-09	3.0287917e-09	0.8444872
2.625037174321643e-09	2.5678886e-09	2.617271e-09	0.8444872
2.6300237552434987e-09	2.3374371e-09	2.897105e-09	0.8444872
2.635010339057484e-09	1.876534e-09	2.6995752e-09	0.8444872
2.640046303997999e-09	1.5637783e-09	2.5020452e-09	0.8444872
2.645032875438035e-09	1.5143958e-09	2.7654186e-09	0.8444872
2.6500194872992924e-09	1.4320917e-09	2.5678886e-09	0.8444872
2.6550060783800683e-09	1.0864144e-09	2.255133e-09	0.8444872
2.6600420395455427e-09	1.7448474e-09	2.5678886e-09	0.8444872
2.665028617808319e-09	1.4485525e-09	1.8436124e-09	0.8444872
2.6700151974651364e-09	6.255113e-10	1.4485525e-09	0.8444872
2.6750017895442643e-09	2.1069855e-09	6.58433e-10	0.8444872
2.6800377576215134e-09	2.4855844e-09	9.218062e-10	0.8444872
2.68502434295027e-09	2.534967e-09	1.316866e-09	0.8444872
2.6900109275239896e-09	2.9629483e-09	1.0534927e-09	0.84448725
2.695046882253389e-09	3.0287917e-09	2.2386721e-09	0.8444872
2.7000334694403968e-09	2.8312617e-09	1.876534e-09	0.8444872
2.705020054067231e-09	2.4691236e-09	2.814801e-09	0.84448725
2.7100066330482754e-09	1.9094557e-09	2.436202e-09	0.8444872
2.7150425975065097e-09	1.5802392e-09	2.0740638e-09	0.84448725
2.7200291860566845e-09	2.0411421e-09	1.4485525e-09	0.8444872
2.7250157761871924e-09	2.419741e-09	2.3703588e-09	0.8444872
2.730002369727731e-09	1.9423774e-09	2.6666536e-09	0.8444872
2.7350383102527295e-09	2.7654186e-09	2.99587e-09	0.8444872
2.7400248969899747e-09	2.5020452e-09	2.716036e-09	0.8444872
2.7450114825836794e-09	2.4691236e-09	1.9752988e-09	0.8444872
2.7500474530171537e-09	2.3045155e-09	2.7654186e-09	0.8444872
2.755034050082688e-09	1.9423774e-09	2.2386721e-09	0.8444872
2.7600206295025483e-09	2.5020452e-09	2.3703588e-09	0.8444872
2.765007207438178e-09	2.436202e-09	2.5020452e-09	0.8444872
2.7700431669070786e-09	2.518506e-09	2.9629483e-09	0.8444872
2.7750297685508078e-09	1.5802392e-09	2.7654186e-09	0.8444872
2.7800163388081257e-09	1.4814742e-09	3.094635e-09	0.8444872
2.7850029254498567e-09	1.6131608e-09	2.3374371e-09	0.8444872
2.7900388829067966e-09	1.777769e-09	1.5637783e-09	0.8444872
2.7950254677511663e-09	2.6995752e-09	1.316866e-09	0.8444872
2.800012058006687e-09	2.6501927e-09	3.0287917e-09	0.8444872
2.80504802142886e-09	2.2057505e-09	1.876534e-09	0.8444872
2.810034581371536e-09	2.9464875e-09	2.1069855e-09	0.84448725
2.815021179608369e-09	2.6008102e-09	2.4032802e-09	0.8444872
2.8200077768174086e-09	2.633732e-09	1.8600731e-09	0.8444872
2.8250437269276724e-09	3.0287917e-09	1.7119257e-09	0.8444872
2.8300303076885248e-09	3.3250864e-09	2.7489577e-09	0.8444872
2.8350168974517314e-09	2.6995752e-09	2.633732e-09	0.8444872
2.840003499877655e-09	3.0287917e-09	1.8436124e-09	0.84448725
2.8450394618887466e-09	2.5020452e-09	2.0411421e-09	0.8444872
2.8500260338814534e-09	2.732497e-09	1.4156308e-09	0.8444872
2.855012631624296e-09	3.4238514e-09	1.5802392e-09	0.84448725
2.8600485737026903e-09	3.4238514e-09	3.1604783e-09	0.8444872
2.8650351704313967e-09	2.5678886e-09	3.1275567e-09	0.84448725
2.870021753395891e-09	3.0617133e-09	2.633732e-09	0.8444872
2.8750083293783293e-09	3.1934e-09	2.633732e-09	0.8444872
2.8800443074890638e-09	2.518506e-09	3.0781742e-09	0.8444872
2.8850308922966045e-09	2.2222113e-09	2.2386721e-09	0.8444872
2.890017470316775e-09	2.4032802e-09	2.4691236e-09	0.8444872
2.8950040499281222e-09	2.3703588e-09	3.2098608e-09	0.8444872
2.900040018736572e-09	2.3374371e-09	2.2715938e-09	0.8444872
2.905026608967142e-09	2.0246813e-09	2.1399071e-09	0.8444872
2.9100131967784874e-09	2.1069855e-09	3.1604783e-09	0.8444872
2.915049156512983e-09	3.7201462e-09	2.436202e-09	0.8444872
2.9200357518394124e-09	3.5390773e-09	2.5678886e-09	0.8444872
2.92502232610383e-09	2.8641833e-09	3.2921648e-09	0.84448725
2.9300089173163246e-09	1.9094557e-09	2.7654186e-09	0.8444872
2.9350448734331137e-09	1.777769e-09	1.4485525e-09	0.8444872
2.9400314617057925e-09	3.1275567e-09	2.7654186e-09	0.8444872
2.945018040901228e-09	2.7654186e-09	2.3703588e-09	0.8444872
2.950004630615403e-09	2.4691236e-09	1.4814742e-09	0.8444872
2.955040595064148e-09	2.6995752e-09	2.1069855e-09	0.8444872
2.960027177864698e-09	3.4896948e-09	2.1069855e-09	0.8444872
2.9650137470653425e-09	3.094635e-09	3.4238514e-09	0.8444872
2.9700003484989335e-09	1.6954649e-09	2.4526627e-09	0.8444872
2.9750363065225174e-09	2.255133e-09	1.9752988e-09	0.8444872
2.980022907253612e-09	2.7654186e-09	1.679004e-09	0.8444872
2.9850094825831812e-09	1.6625432e-09	2.2386721e-09	0.8444872
2.9900454403883696e-09	2.9629483e-09	1.6954649e-09	0.8444872
2.9950320310408003e-09	3.1934e-09	2.2057505e-09	0.8444872
3.000018613462865e-09	2.9629483e-09	2.7654186e-09	0.8444872
3.005005191484999e-09	2.732497e-09	2.99587e-09	0.8444872
3.010041174265419e-09	2.1892896e-09	3.2921648e-09	0.8444872
3.01502774382424e-09	1.4156308e-09	3.3909298e-09	0.8444872
3.0200143507748146e-09	1.9094557e-09	2.3703588e-09	0.8444872
3.0250009192376668e-09	2.1399071e-09	2.436202e-09	0.8444872
3.0300368872342852e-09	2.897105e-09	2.9300267e-09	0.8444872
3.0350234666920577e-09	3.0617133e-09	2.3703588e-09	0.84448725
3.0400100549078964e-09	2.1399071e-09	2.7983402e-09	0.8444872
3.0450460185559432e-09	1.316866e-09	1.679004e-09	0.84448725
3.050032602363933e-09	2.5514277e-09	1.1851794e-09	0.84448725
3.055019183252449e-09	1.7448474e-09	2.1399071e-09	0.8444872
3.060005779598026e-09	1.4485525e-09	1.679004e-09	0.8444872
3.0650417286132905e-09	2.0411421e-09	1.3991701e-09	0.8444872
3.070028331374521e-09	2.7983402e-09	1.8436124e-09	0.8444872
3.0750148971558913e-09	2.0740638e-09	2.7654186e-09	0.8444872
3.0800014814981677e-09	1.5473175e-09	2.534967e-09	0.8444872
3.085037457967265e-09	2.0740638e-09	1.5967e-09	0.8444872
3.090024042391831e-09	3.6872247e-09	1.8436124e-09	0.8444872
3.095010623183134e-09	3.5390773e-09	2.0905246e-09	0.8444872
3.100046584152542e-09	2.6666536e-09	1.9752988e-09	0.8444872
3.105033171548368e-09	3.0781742e-09	2.6008102e-09	0.8444872
3.1100197704106695e-09	2.4691236e-09	2.1069855e-09	0.8444872
3.1150063477705303e-09	3.1440175e-09	1.777769e-09	0.8444872
3.1200423054073696e-09	3.3250864e-09	2.6008102e-09	0.8444872
3.125028902229472e-09	2.534967e-09	2.732497e-09	0.8444872
3.130015484657906e-09	2.8641833e-09	2.2386721e-09	0.8444872
3.13500207097194e-09	3.1769392e-09	2.3703588e-09	0.8444872
3.1400380160842313e-09	3.1440175e-09	2.0246813e-09	0.8444872
3.1450245888674813e-09	2.6995752e-09	2.9300267e-09	0.84448725
3.15001119081757e-09	1.2345618e-09	2.3045155e-09	0.8444872
3.155047138472992e-09	2.99587e-09	1.8106907e-09	0.8444872
3.160033734017375e-09	2.8641833e-09	2.4691236e-09	0.8444872
3.165020301258836e-09	2.8641833e-09	1.9752988e-09	0.8444872
3.170006910093054e-09	2.8312617e-09	2.1069855e-09	0.8444872
3.1750428640468485e-09	2.5678886e-09	2.99587e-09	0.8444872
3.1800294501265806e-09	2.2880546e-09	2.6995752e-09	0.8444872
3.1850160400431097e-09	1.876534e-09	2.9300267e-09	0.8444872
3.19000262258926e-09	2.5678886e-09	1.5802392e-09	0.8444872
3.195038588169405e-09	2.8641833e-09	2.6666536e-09	0.84448725
3.2000251651115404e-09	2.534967e-09	3.9505976e-09	0.84448725
3.2050117537561804e-09	2.156368e-09	2.5020452e-09	0.8444872
3.2100477081523246e-09	2.2386721e-09	1.1851794e-09	0.8444872
3.215034284924511e-09	2.7818794e-09	1.9259165e-09	0.8444872
3.220020873384475e-09	2.0411421e-09	2.5020452e-09	0.8444872
3.225007458805268e-09	2.5678886e-09	2.6008102e-09	0.84448725
3.23004340967646e-09	2.5678886e-09	3.0287917e-09	0.8444872
3.2350300102184344e-09	1.4814742e-09	2.3703588e-09	0.8444872
3.240016604897904e-09	1.777769e-09	1.8436124e-09	0.8444872
3.245003185607488e-09	2.1728288e-09	2.5020452e-09	0.8444872
3.2500391420658654e-09	1.8106907e-09	2.534967e-09	0.84448725
3.255025720771347e-09	2.1069855e-09	2.3374371e-09	0.8444872
3.2600123026414777e-09	1.9423774e-09	2.0082205e-09	0.8444872
3.26504826815583e-09	1.876534e-09	2.255133e-09	0.8444872
3.270034845405934e-09	2.0740638e-09	2.4691236e-09	0.8444872
3.2750214291275235e-09	2.255133e-09	2.3703588e-09	0.84448725
3.280008004328767e-09	2.5678886e-09	1.9752988e-09	0.8444872
3.285043979503429e-09	3.0287917e-09	2.1069855e-09	0.8444872
3.2900305761598427e-09	3.094635e-09	3.4238514e-09	0.8444872
3.2950171581173496e-09	2.3703588e-09	2.7654186e-09	0.8444872
3.3000037357845824e-09	2.99587e-09	1.9752988e-09	0.84448725
3.305039688448588e-09	3.5226164e-09	1.7119257e-09	0.8444872
3.310026274366663e-09	3.654303e-09	2.534967e-09	0.8444872
3.315012865037569e-09	3.7859897e-09	2.897105e-09	0.8444872
3.320048810072897e-09	3.5884598e-09	2.6666536e-09	0.8444872
3.3250353987652515e-09	3.358008e-09	3.1604783e-09	0.8444872
3.3300219874017368e-09	2.2386721e-09	3.1604783e-09	0.8444872
3.335008576093458e-09	2.5678886e-09	2.3703588e-09	0.8444872
3.340044527357847e-09	2.6501927e-09	2.3703588e-09	0.8444872
3.345031119370137e-09	3.0617133e-09	2.5020452e-09	0.8444872
3.3500176865030657e-09	2.518506e-09	1.777769e-09	0.8444872
3.3550042806104772e-09	3.094635e-09	1.497935e-09	0.8444872
3.360040229664151e-09	2.8641833e-09	2.3374371e-09	0.8444872
3.3650268263187084e-09	2.1399071e-09	2.534967e-09	0.8444872
3.370013424218638e-09	2.8641833e-09	1.4156308e-09	0.84448725
3.3750000052287514e-09	3.3909298e-09	2.8477225e-09	0.8444872
3.3800359667102575e-09	2.8312617e-09	2.5020452e-09	0.8444872
3.3850225334862894e-09	2.2386721e-09	2.3374371e-09	0.8444872
3.3900091226783812e-09	2.1069855e-09	1.9752988e-09	0.8444872
3.395045096622741e-09	2.7983402e-09	1.5802392e-09	0.8444872
3.4000316864689746e-09	3.4403123e-09	1.8436124e-09	0.8444872
3.4050182722378737e-09	2.7983402e-09	3.0617133e-09	0.8444872
3.410004845393537e-09	1.8436124e-09	2.617271e-09	0.8444872
3.4150408101760393e-09	2.4032802e-09	1.5802392e-09	0.8444872
3.420027392728669e-09	3.1275567e-09	1.876534e-09	0.8444872
3.4250139703257285e-09	3.1934e-09	3.0287917e-09	0.8444872
3.430000558735355e-09	2.3045155e-09	3.3415473e-09	0.8444872
3.4350365255195334e-09	2.5020452e-09	2.5020452e-09	0.8444872
3.440023124893641e-09	2.1728288e-09	2.6008102e-09	0.84448725
3.4450096982930336e-09	1.6460824e-09	1.7119257e-09	0.8444872
3.4500456616693847e-09	3.0617133e-09	2.2715938e-09	0.8444872
3.4550322317110392e-09	2.8312617e-09	2.2715938e-09	0.8444872
3.4600188421781874e-09	3.8189114e-09	2.617271e-09	0.84448725
3.4650054143380063e-09	2.9464875e-09	3.9670587e-09	0.8444872
3.4700413654314172e-09	2.5020452e-09	3.358008e-09	0.8444872
3.475027958094113e-09	2.9464875e-09	3.0781742e-09	0.8444872
3.4800145328286975e-09	2.617271e-09	2.1069855e-09	0.8444872
3.4850011206439927e-09	2.6666536e-09	2.3703588e-09	0.8444872
3.4900370767135435e-09	2.0082205e-09	1.9752988e-09	0.8444872
3.495023660118252e-09	2.4691236e-09	1.0864144e-09	0.8444872
3.5000102579950475e-09	2.9629483e-09	2.1069855e-09	0.8444872
3.5050462106090335e-09	2.1399071e-09	2.99587e-09	0.8444872
3.5100327822729485e-09	1.1851794e-09	2.0411421e-09	0.8444872
3.515019373745776e-09	1.0864144e-09	1.8436124e-09	0.8444872
3.520005951829692e-09	2.1399071e-09	1.8436124e-09	0.8444872
3.5250419079182115e-09	2.1069855e-09	2.633732e-09	0.8444872
3.530028497964368e-09	2.2386721e-09	1.8436124e-09	0.8444872
3.5350150848693145e-09	2.8806442e-09	2.633732e-09	0.8444872
3.5400016672620214e-09	2.732497e-09	3.0287917e-09	0.8444872
3.5450376274060675e-09	2.534967e-09	2.5020452e-09	0.84448725
3.550024203050243e-09	1.5802392e-09	1.777769e-09	0.8444872
3.555010802808405e-09	2.6831144e-09	2.057603e-09	0.84448725
3.560046767668625e-09	2.518506e-09	1.9752988e-09	0.8444872
3.5650333538727284e-09	2.534967e-09	2.6666536e-09	0.8444872
3.5700199226047095e-09	2.2715938e-09	1.5802392e-09	0.8444872
3.5750065164263877e-09	2.7654186e-09	2.3703588e-09	0.8444872
3.5800424713626502e-09	2.3703588e-09	2.156368e-09	0.8444872
3.585029062967813e-09	3.094635e-09	2.1399071e-09	0.8444872
3.59001563886657e-09	2.897105e-09	2.7818794e-09	0.8444872
3.595002233530011e-09	2.2715938e-09	2.1069855e-09	0.8444872
3.6000381973502524e-09	2.4032802e-09	1.7119257e-09	0.84448725
3.605024769323042e-09	2.7654186e-09	2.1069855e-09	0.8444872
3.610011369010982e-09	2.534967e-09	2.0082205e-09	0.8444872
3.6150473352574923e-09	2.0740638e-09	1.6954649e-09	0.84448725
3.620033914152659e-09	2.4032802e-09	1.5967e-09	0.8444872
3.625020490564692e-09	1.7448474e-09	1.9752988e-09	0.8444872
3.6300070780749193e-09	1.9752988e-09	1.2016401e-09	0.8444872
3.6350430248779925e-09	2.3209763e-09	1.1851794e-09	0.8444872
3.640029619269652e-09	2.897105e-09	1.8436124e-09	0.8444872
3.6450162209898167e-09	3.7859897e-09	2.897105e-09	0.8444872
3.6500027849329693e-09	2.8477225e-09	2.897105e-09	0.8444872
3.6550387521947065e-09	2.4526627e-09	1.8436124e-09	0.8444872
3.660025343387951e-09	3.7036854e-09	1.7119257e-09	0.8444872
3.6650119191044192e-09	2.9629483e-09	2.5843494e-09	0.8444872
3.670047867942102e-09	3.1934e-09	3.0287917e-09	0.8444872
3.6750344625320117e-09	1.3662484e-09	2.5020452e-09	0.8444872
3.6800210419068692e-09	2.0740638e-09	1.7119257e-09	0.8444872
3.6850076396452434e-09	2.5678886e-09	1.2674835e-09	0.8444872
3.6900435895304194e-09	2.633732e-09	9.218062e-10	0.84448725
3.6950301812154275e-09	3.4896948e-09	2.8312617e-09	0.8444872
3.700016757647674e-09	2.5020452e-09	2.5514277e-09	0.8444872
3.705003348059023e-09	2.518506e-09	2.057603e-09	0.8444872
3.710039313601326e-09	2.5514277e-09	1.958838e-09	0.8444872
3.715025890811568e-09	2.7654186e-09	2.1069855e-09	0.8444872
3.7200124659127743e-09	2.0740638e-09	2.0740638e-09	0.8444872
3.725048418103909e-09	1.5967e-09	2.4855844e-09	0.8444872
3.730035006408161e-09	5.2674637e-10	1.5802392e-09	0.8444872
3.735021601418175e-09	2.1069855e-09	8.888845e-10	0.8444872
3.7400081776677125e-09	2.7654186e-09	2.7983402e-09	0.8444872
3.745044138964526e-09	2.6995752e-09	3.0287917e-09	0.8444872
3.750030729133819e-09	2.99587e-09	3.0617133e-09	0.8444872
3.755017314508123e-09	1.8436124e-09	2.8477225e-09	0.8444872
3.760003906150482e-09	1.6131608e-09	1.6460824e-09	0.8444872
3.765039858104281e-09	3.1769392e-09	1.5473175e-09	0.8444872
3.770026445378003e-09	2.6995752e-09	2.2386721e-09	0.84448725
3.775013028176662e-09	2.716036e-09	2.8641833e-09	0.8444872
3.780048977627276e-09	2.6995752e-09	2.1399071e-09	0.8444872
3.785035561737109e-09	2.1728288e-09	1.3497876e-09	0.8444872
3.790022149908943e-09	2.3045155e-09	1.4814742e-09	0.8444872
3.7950087505062764e-09	2.6008102e-09	1.8436124e-09	0.8444872
3.800044698752665e-09	2.2715938e-09	1.5802392e-09	0.8444872
3.805031289303719e-09	2.2057505e-09	1.9752988e-09	0.8444872
3.810017863930294e-09	2.6995752e-09	1.4814742e-09	0.84448725
3.8150044497925195e-09	2.3045155e-09	2.0740638e-09	0.8444872
3.8200404259366535e-09	1.8271515e-09	2.6995752e-09	0.8444872
3.8250270145118e-09	1.0534927e-09	1.958838e-09	0.8444872
3.830013595092183e-09	2.2715938e-09	1.316866e-09	0.8444872
3.835000167072951e-09	3.1275567e-09	2.1069855e-09	0.8444872
3.840036148568252e-09	2.9629483e-09	3.2921648e-09	0.8444872
3.8450227258694025e-09	2.732497e-09	3.6872247e-09	0.8444872
3.850009312919948e-09	2.1892896e-09	2.4032802e-09	0.8444872
3.8550452639589904e-09	3.2921648e-09	1.5143958e-09	0.8444872
3.860031859159028e-09	2.897105e-09	1.4485525e-09	0.8444872
3.865018464177851e-09	2.3045155e-09	2.3374371e-09	0.84448725
3.870005046666007e-09	2.1399071e-09	2.3374371e-09	0.8444872
3.875040997038642e-09	2.1728288e-09	1.8271515e-09	0.8444872
3.8800275744719e-09	2.6008102e-09	1.8436124e-09	0.8444872
3.885014155855756e-09	3.0617133e-09	2.1234463e-09	0.8444872
3.8900007492955124e-09	3.1275567e-09	1.679004e-09	0.8444872
3.89503670064277e-09	2.6666536e-09	1.5802392e-09	0.8444872
3.9000232884455054e-09	3.5390773e-09	2.0740638e-09	0.8444872
3.905009868611379e-09	2.6995752e-09	3.1604783e-09	0.8444872
3.910045838549647e-09	2.6008102e-09	2.3868196e-09	0.8444872
3.915032415392615e-09	3.358008e-09	2.2386721e-09	0.8444872
3.92001901605151e-09	3.1934e-09	2.7654186e-09	0.84448725
3.925005592290179e-09	2.814801e-09	2.633732e-09	0.8444872
3.930041556885202e-09	2.9629483e-09	2.633732e-09	0.8444872
3.935028129768454e-09	2.5020452e-09	2.1399071e-09	0.8444872
3.940014720559312e-09	3.0781742e-09	1.7119257e-09	0.8444872
3.945001311261323e-09	3.1934e-09	2.3703588e-09	0.8444872
3.950037244484306e-09	2.8312617e-09	2.0082205e-09	0.8444872
3.955023841893823e-09	2.2715938e-09	2.633732e-09	0.8444872
3.960010440392171e-09	2.0740638e-09	1.1522577e-09	0.84448725
3.9650463886171975e-09	2.7654186e-09	1.7448474e-09	0.8444872
3.970032991792441e-09	1.9752988e-09	2.4691236e-09	0.8444872
3.975019554329807e-09	2.534967e-09	1.1028752e-09	0.84448725
3.980006148654223e-09	3.3415473e-09	2.3045155e-09	0.8444872
3.985042112834383e-09	3.0617133e-09	2.436202e-09	0.8444872
3.990028685893531e-09	2.6666536e-09	2.436202e-09	0.8444872
3.995015272429066e-09	2.0740638e-09	1.9752988e-09	0.8444872
4.000001867543592e-09	2.9794092e-09	3.094635e-09	0.84448725
4.00503782986459e-09	2.716036e-09	2.897105e-09	0.8444872
4.010024410293142e-09	2.419741e-09	2.7983402e-09	0.8444872
4.015010996786956e-09	2.7983402e-09	3.2921648e-09	0.8444872
4.020046955871896e-09	2.5678886e-09	3.3250864e-09	0.8444872
4.0250335407091524e-09	2.4032802e-09	3.456773e-09	0.8444872
4.030020126430488e-09	2.2386721e-09	2.8806442e-09	0.8444872
4.035006716797127e-09	2.6666536e-09	2.99587e-09	0.8444872
4.040042665444741e-09	1.8271515e-09	2.8641833e-09	0.8444872
4.045029259153495e-09	2.0411421e-09	2.5020452e-09	0.8444872
4.050015838004586e-09	2.2057505e-09	2.2715938e-09	0.84448725
4.0550024328237945e-09	2.732497e-09	2.1069855e-09	0.8444872
4.060038382372719e-09	3.0617133e-09	2.3703588e-09	0.8444872
4.0650249864815635e-09	1.9917596e-09	2.897105e-09	0.84448725
4.070011564921906e-09	2.534967e-09	2.814801e-09	0.8444872
4.075047528087045e-09	1.8436124e-09	2.3703588e-09	0.8444872
4.0800341107698826e-09	2.1069855e-09	2.1399071e-09	0.8444872
4.0850206954125165e-09	1.8436124e-09	3.358008e-09	0.8444872
4.090007277395441e-09	1.3827093e-09	2.0740638e-09	0.8444872
4.095043248460079e-09	1.9094557e-09	1.5802392e-09	0.8444872
4.1000298158125756e-09	2.436202e-09	2.0905246e-09	0.84448725
4.105016408074682e-09	2.3374371e-09	1.958838e-09	0.8444872
4.110003001050586e-09	3.094635e-09	1.4485525e-09	0.8444872
4.1150389593079085e-09	3.0617133e-09	2.633732e-09	0.8444872
4.1200255449425265e-09	2.3703588e-09	1.7119257e-09	0.8444872
4.125012130123659e-09	3.0617133e-09	2.1892896e-09	0.8444872
4.1300480826518504e-09	2.9629483e-09	2.5020452e-09	0.8444872
4.135034664095406e-09	2.4526627e-09	3.2263217e-09	0.8444872
4.140021248676061e-09	2.534967e-09	2.6666536e-09	0.8444872
4.145007841094464e-09	1.3827093e-09	2.5020452e-09	0.8444872
4.1500437835466834e-09	1.6460824e-09	2.518506e-09	0.8444872
4.155030373111448e-09	1.9094557e-09	2.7654186e-09	0.84448725
4.16001696839953e-09	2.436202e-09	2.7654186e-09	0.8444872
4.165003556368208e-09	1.8436124e-09	2.897105e-09	0.8444872
4.170039508072971e-09	6.748938e-10	2.6501927e-09	0.8444872
4.175026086349337e-09	2.0411421e-09	1.8436124e-09	0.8444872
4.180012675222944e-09	2.1399071e-09	2.6995752e-09	0.8444872
4.185048632668902e-09	1.9094557e-09	2.3868196e-09	0.8444872
4.190035210520703e-09	2.4526627e-09	2.897105e-09	0.8444872
4.19502180171564e-09	2.5843494e-09	2.897105e-09	0.8444872
4.200008385682563e-09	2.0082205e-09	2.5678886e-09	0.8444872
4.20504435140886e-09	3.094635e-09	1.9752988e-09	0.8444872
4.210030933001992e-09	2.7654186e-09	2.6995752e-09	0.8444872
4.2150175127449315e-09	2.6666536e-09	2.7654186e-09	0.84448725
4.220004101990253e-09	2.6995752e-09	2.2386721e-09	0.84448725
4.22504005574355e-09	2.0740638e-09	3.0287917e-09	0.8444872
4.230026643735471e-09	2.0082205e-09	3.0123308e-09	0.8444872
4.235013228768924e-09	1.679004e-09	2.897105e-09	0.84448725
4.240049189872568e-09	2.6501927e-09	1.5802392e-09	0.8444872
4.2450357696124465e-09	2.3209763e-09	1.7119257e-09	0.8444872
4.250022351315209e-09	2.617271e-09	2.2386721e-09	0.8444872
4.255008939023219e-09	2.0082205e-09	2.633732e-09	0.8444872
4.2600448957714205e-09	2.436202e-09	2.633732e-09	0.8444872
4.265031481890598e-09	2.2715938e-09	3.0617133e-09	0.8444872
4.270018088397989e-09	2.3868196e-09	2.7818794e-09	0.8444872
4.2750046690840726e-09	2.732497e-09	2.5020452e-09	0.8444872
4.280040616034636e-09	2.2715938e-09	3.2921648e-09	0.8444872
4.285027208611677e-09	1.6460824e-09	2.732497e-09	0.8444872
4.290013791170954e-09	2.3045155e-09	2.0740638e-09	0.8444872
4.295000383019564e-09	2.4032802e-09	3.0781742e-09	0.8444872
4.300036327587204e-09	2.3374371e-09	2.419741e-09	0.8444872
4.3050229211114965e-09	3.456773e-09	1.7119257e-09	0.8444872
4.310009501326848e-09	3.2592433e-09	2.7654186e-09	0.8444872
4.315045458583989e-09	2.7818794e-09	3.3415473e-09	0.8444872
4.320032059581461e-09	2.4691236e-09	2.633732e-09	0.8444872
4.325018629666554e-09	2.9629483e-09	2.4032802e-09	0.8444872
4.3300052075914895e-09	2.057603e-09	3.1604783e-09	0.8444872
4.335041190141015e-09	2.4691236e-09	2.897105e-09	0.8444872
4.340027771383286e-09	2.419741e-09	2.9135658e-09	0.84448725
4.345014341341444e-09	1.7119257e-09	2.8641833e-09	0.8444872
4.350000939348522e-09	2.0082205e-09	1.7119257e-09	0.8444872
4.35503689281586e-09	3.6872247e-09	2.633732e-09	0.8444872
4.360023482718737e-09	2.3374371e-09	2.2222113e-09	0.8444872
4.3650100736328764e-09	2.255133e-09	1.876534e-09	0.8444872
4.370046030100417e-09	2.8312617e-09	3.1604783e-09	0.8444872
4.375032608849513e-09	1.6131608e-09	2.2386721e-09	0.8444872
4.3800191941588026e-09	2.6995752e-09	1.876534e-09	0.8444872
4.385005771448026e-09	3.1934e-09	2.7983402e-09	0.8444872
4.3900417368776035e-09	2.7983402e-09	3.6872247e-09	0.8444872
4.395028326493992e-09	2.3045155e-09	3.1604783e-09	0.8444872
4.400014918131196e-09	2.3045155e-09	2.6501927e-09	0.8444872
4.405001497844107e-09	3.1604783e-09	2.3703588e-09	0.8444872
4.410037459341467e-09	2.2386721e-09	2.2386721e-09	0.8444872
4.415024037759673e-09	2.7654186e-09	2.419741e-09	0.8444872
4.420010640547851e-09	2.6666536e-09	2.1399071e-09	0.8444872
4.4250465900852485e-09	2.9300267e-09	2.633732e-09	0.8444872
4.4300331784603315e-09	2.6501927e-09	3.6049206e-09	0.8444872
4.43501976224075e-09	3.2427825e-09	3.4238514e-09	0.8444872
4.440006350729943e-09	2.2715938e-09	3.3415473e-09	0.8444872
4.445042307291477e-09	2.1399071e-09	2.897105e-09	0.8444872
4.450028898450686e-09	2.732497e-09	2.7654186e-09	0.8444872
4.455015465917068e-09	1.9917596e-09	3.4238514e-09	0.8444872
4.460002054863079e-09	1.4485525e-09	2.633732e-09	0.8444872
4.465038018049025e-09	2.5678886e-09	2.3703588e-09	0.8444872
4.4700246159007375e-09	2.99587e-09	3.0287917e-09	0.8444872
4.475011198721433e-09	2.6008102e-09	3.4238514e-09	0.8444872
4.480047162624232e-09	2.436202e-09	3.0781742e-09	0.8444872
4.485033735912664e-09	3.0123308e-09	3.8847547e-09	0.8444872
4.490020334867124e-09	2.633732e-09	2.633732e-09	0.8444872
4.495006914480764e-09	2.4691236e-09	3.0287917e-09	0.8444872
4.500042860013546e-09	3.1934e-09	3.0617133e-09	0.8444872
4.505029447740014e-09	2.633732e-09	3.4238514e-09	0.8444872
4.510016031868502e-09	2.0411421e-09	2.8641833e-09	0.8444872
4.515002619728403e-09	1.8106907e-09	2.7983402e-09	0.8444872
4.5200385821445455e-09	2.4032802e-09	2.0411421e-09	0.8444872
4.5250251631571346e-09	2.814801e-09	3.0287917e-09	0.8444872
4.530011754135534e-09	3.358008e-09	2.534967e-09	0.8444872
4.5350477027766485e-09	2.8477225e-09	3.3415473e-09	0.8444872
4.54003429082436e-09	1.5473175e-09	3.1275567e-09	0.8444872
4.545020873152297e-09	2.5020452e-09	1.9752988e-09	0.8444872
4.550007448691228e-09	2.436202e-09	2.057603e-09	0.84448725
4.555043420365667e-09	1.9094557e-09	2.5678886e-09	0.8444872
4.560030004447652e-09	2.9629483e-09	1.6954649e-09	0.8444872
4.565016593825469e-09	2.9629483e-09	2.99587e-09	0.8444872
4.57000316362053e-09	2.7654186e-09	1.8271515e-09	0.8444872
4.575039125821315e-09	3.1275567e-09	2.156368e-09	0.8444872
4.580025720682547e-09	2.633732e-09	3.4238514e-09	0.8444872
4.585012310660813e-09	1.9423774e-09	3.0287917e-09	0.8444872
4.590048254517103e-09	2.3045155e-09	1.5473175e-09	0.8444872
4.595034857309244e-09	2.8806442e-09	2.6995752e-09	0.8444872
4.600021422107816e-09	2.9464875e-09	2.897105e-09	0.8444872
4.6050080198803494e-09	2.6995752e-09	2.633732e-09	0.8444872
4.6100439632912005e-09	2.4032802e-09	2.3374371e-09	0.8444872
4.615030553925285e-09	1.7119257e-09	2.5020452e-09	0.8444872
4.620017148265664e-09	2.5678886e-09	2.3703588e-09	0.8444872
4.625003732059388e-09	2.7983402e-09	1.8436124e-09	0.8444872
4.630039686463683e-09	2.732497e-09	2.2057505e-09	0.8444872
4.635026263152129e-09	2.6008102e-09	2.3703588e-09	0.8444872
4.640012845361876e-09	2.2057505e-09	2.436202e-09	0.8444872
4.64504881249181e-09	2.4855844e-09	1.876534e-09	0.8444872
4.650035386920102e-09	2.3868196e-09	1.9917596e-09	0.8444872
4.6550219727137995e-09	2.8312617e-09	3.1604783e-09	0.84448725
4.66000856376007e-09	2.353898e-09	2.7654186e-09	0.8444872
4.665044519271819e-09	2.8312617e-09	1.7119257e-09	0.8444872
4.6700311013069145e-09	2.436202e-09	2.633732e-09	0.84448725
4.6750176827374085e-09	2.4691236e-09	1.8436124e-09	0.8444872
4.680004265218547e-09	3.851833e-09	1.9752988e-09	0.8444872
4.685040221613623e-09	2.99587e-09	3.1604783e-09	0.8444872
4.690026818793794e-09	1.6131608e-09	3.1604783e-09	0.8444872
4.6950134016979315e-09	2.4691236e-09	2.897105e-09	0.8444872
4.700049361644387e-09	2.534967e-09	3.0287917e-09	0.8444872
4.705035943974247e-09	1.9094557e-09	3.2921648e-09	0.8444872
4.7100225207398095e-09	1.7119257e-09	2.6008102e-09	0.8444872
4.715009123690453e-09	1.3497876e-09	3.1604783e-09	0.8444872
4.720045082851745e-09	1.1193361e-09	3.2592433e-09	0.8444872
4.7250316565821684e-09	1.4814742e-09	2.1069855e-09	0.8444872
4.730018242834983e-09	1.6460824e-09	2.2715938e-09	0.8444872
4.735004819988983e-09	2.2386721e-09	1.8436124e-09	0.8444872
4.740040782942668e-09	2.2386721e-09	2.2386721e-09	0.8444872
4.7450273662916515e-09	1.9752988e-09	2.5020452e-09	0.8444872
4.750013938719007e-09	2.1069855e-09	2.1399071e-09	0.8444872
4.7550005367106135e-09	2.0740638e-09	1.876534e-09	0.8444872
4.760036490504882e-09	2.7654186e-09	1.9094557e-09	0.8444872
4.765023092882559e-09	2.897105e-09	2.8312617e-09	0.8444872
4.770009665342199e-09	1.4485525e-09	3.0617133e-09	0.8444872
4.775045626193377e-09	2.0411421e-09	2.6831144e-09	0.8444872
4.780032211372696e-09	2.732497e-09	1.8436124e-09	0.8444872
4.785018803090184e-09	3.6213814e-09	2.5678886e-09	0.8444872
4.790005390966257e-09	2.436202e-09	3.6872247e-09	0.8444872
4.7950413525734375e-09	2.3209763e-09	2.3703588e-09	0.84448725
4.800027912439422e-09	2.6666536e-09	2.534967e-09	0.84448725
4.805014514665229e-09	2.6008102e-09	2.3703588e-09	0.8444872
4.810001103180831e-09	2.5678886e-09	1.8436124e-09	0.8444872
4.815037041248353e-09	2.6995752e-09	2.3703588e-09	0.8444872
4.820023637737694e-09	2.633732e-09	2.6995752e-09	0.8444872
4.825010203060359e-09	2.5020452e-09	2.5678886e-09	0.8444872
4.830046167992667e-09	2.897105e-09	3.2921648e-09	0.8444872
4.835032747171748e-09	3.0287917e-09	2.7654186e-09	0.8444872
4.840019348502223e-09	2.6995752e-09	3.1604783e-09	0.8444872
4.845005928717228e-09	2.1728288e-09	2.3703588e-09	0.84448725
4.850041887588763e-09	2.3045155e-09	1.7942299e-09	0.8444872
4.855028468497385e-09	2.8641833e-09	1.8106907e-09	0.8444872
4.860015045768353e-09	3.2263217e-09	1.5473175e-09	0.8444872
4.865001644434265e-09	3.1275567e-09	1.8436124e-09	0.8444872
4.870037614132371e-09	2.1892896e-09	2.534967e-09	0.84448725
4.875024173011167e-09	3.2427825e-09	2.2386721e-09	0.8444872
4.880010768013624e-09	3.5226164e-09	2.5020452e-09	0.84448725
4.885046724692655e-09	2.8641833e-09	3.1934e-09	0.8444872
4.890033305154673e-09	2.6995752e-09	2.2386721e-09	0.8444872
4.8950198940659484e-09	1.8436124e-09	2.057603e-09	0.8444872
4.9000064725901805e-09	2.4032802e-09	2.1234463e-09	0.8444872
4.905042442386409e-09	2.3703588e-09	2.3703588e-09	0.8444872
4.910029026583508e-09	2.4032802e-09	2.7654186e-09	0.8444872
4.91501560802617e-09	2.814801e-09	2.2715938e-09	0.8444872
4.9200021981723455e-09	2.6666536e-09	2.2880546e-09	0.8444872
4.9250381423188505e-09	3.0617133e-09	2.1069855e-09	0.8444872
4.93002473090365e-09	3.1604783e-09	2.1399071e-09	0.8444872
4.935011316341688e-09	2.732497e-09	2.897105e-09	0.8444872
4.940047277816989e-09	2.7983402e-09	3.1604783e-09	0.84448725
4.945033855952811e-09	2.2715938e-09	1.9094557e-09	0.8444872
4.950020456842586e-09	2.5020452e-09	1.7119257e-09	0.8444872
4.9550070341044806e-09	3.0617133e-09	2.3703588e-09	0.8444872
4.9600430019145425e-09	2.1728288e-09	2.5843494e-09	0.8444872
4.965029587482402e-09	1.7942299e-09	2.1069855e-09	0.8444872
4.97001616986333e-09	1.9423774e-09	2.1069855e-09	0.8444872
4.975002753764098e-09	2.7983402e-09	2.617271e-09	0.8444872
4.980038718012855e-09	3.094635e-09	1.8106907e-09	0.8444872
4.985025303216727e-09	3.6213814e-09	1.6460824e-09	0.8444872
4.990011885966592e-09	3.9835193e-09	2.897105e-09	0.8444872
4.995047829558733e-09	2.6008102e-09	3.4238514e-09	0.8444872
5e-09	2.7654186e-09	1.2839443e-09	0.8444872
