# t (s)	mx ()	my ()	mz ()	E_total (J)	MaxAngle (rad)
0	8.765389e-10	3.950598e-10	0.97953635	-2.0725771e-17	0.2662736
2.521314281882652e-12	2.0761215e-09	-1.3168659e-10	0.9746584	-2.0706956e-17	0.24789047
5.048261324820726e-12	2.8888747e-09	1.4814742e-10	0.97066456	-2.0672628e-17	0.2386336
7.521877453905729e-12	4.0822843e-09	1.777769e-09	0.96797204	-2.0627716e-17	0.23586933
1.0044029788273608e-11	4.757178e-09	4.0822843e-09	0.96688414	-2.0574563e-17	0.23385638
1.2515872988758253e-11	3.4238514e-09	7.143998e-09	0.9676371	-2.0519378e-17	0.23484282
1.5036420472605186e-11	1.0534927e-09	8.493785e-09	0.9701919	-2.0462753e-17	0.2351009
1.7507042064094653e-11	-2.436202e-09	8.823002e-09	0.9741871	-2.0407853e-17	0.24005792
2.0026690843760084e-11	-6.3868e-09	7.4402924e-09	0.9792973	-2.035205e-17	0.25178334
2.254605949405665e-11	-1.0864144e-08	2.633732e-09	0.98455137	-2.029494e-17	0.30831072
2.5015834664548067e-11	-1.1069904e-08	-5.6625233e-09	0.98795056	-2.0239015e-17	0.5734591
2.7534865566862025e-11	-5.267464e-09	-1.2905287e-08	0.98523146	-2.0205099e-17	0.40668634
3.000436940454806e-11	3.358008e-09	-1.3892936e-08	0.9720141	-2.024046e-17	0.21898586
3.252313234612514e-11	8.164569e-09	-1.1456733e-08	0.9496969	-2.0332953e-17	0.21727873
3.5041750006437486e-11	9.316826e-09	-1.198348e-08	0.9245761	-2.040034e-17	0.21783186
3.751087265425387e-11	1.2345618e-08	-1.0600771e-08	0.9025624	-2.041423e-17	0.220705
4.002929002334877e-11	1.8715957e-08	-4.016441e-09	0.88562083	-2.0393116e-17	0.22053751
4.2547546178505715e-11	2.335791e-08	2.436202e-09	0.87417006	-2.0363618e-17	0.21852359
4.50162857959463e-11	2.6300283e-08	6.2551133e-09	0.8672301	-2.0335936e-17	0.21999052
4.7534406069522534e-11	2.8814673e-08	8.460864e-09	0.86347663	-2.03103e-17	0.2200031
5.0003199497342634e-11	3.0386683e-08	1.1720107e-08	0.8621728	-2.0288489e-17	0.22028124
5.252138564593987e-11	3.012331e-08	1.5078115e-08	0.86253023	-2.027026e-17	0.22092734
5.503955688864097e-11	2.7835254e-08	1.955546e-08	0.86403537	-2.0255953e-17	0.22159033
5.7508339143806624e-11	2.5349669e-08	2.2814703e-08	0.8662195	-2.0244953e-17	0.2219778
6.002648855887809e-11	2.2320878e-08	2.4230333e-08	0.8688931	-2.0235776e-17	0.22173943
6.254462093446803e-11	1.9226242e-08	2.617271e-08	0.8718633	-2.0227684e-17	0.22056092
6.501339626503244e-11	1.659251e-08	2.7917558e-08	0.87498385	-2.022009e-17	0.21827959
6.753154323546577e-11	1.3827092e-08	2.9366111e-08	0.8783259	-2.0212127e-17	0.21814138
7.000030192686314e-11	1.2148089e-08	3.1012192e-08	0.8817281	-2.0203688e-17	0.21672007
7.251841866552857e-11	9.942338e-09	3.3448394e-08	0.8853273	-2.0194022e-17	0.21576278
7.503652037845722e-11	7.4073707e-09	3.713562e-08	0.8890873	-2.0182873e-17	0.21515948
7.750525553193751e-11	2.3045155e-09	4.0296097e-08	0.8929793	-2.0170047e-17	0.21399921
8.002336936718855e-11	-3.8847547e-09	4.253477e-08	0.8972194	-2.01545e-17	0.21402082
8.254148914335798e-11	-9.876494e-09	4.4575913e-08	0.90180427	-2.0135818e-17	0.21345375
8.50102224166599e-11	-1.774477e-08	4.7077958e-08	0.9067155	-2.0113709e-17	0.21325868
8.752835334629428e-11	-2.8872286e-08	4.7209642e-08	0.91224664	-2.0086354e-17	0.21399108
9.004648349173485e-11	-4.111914e-08	4.4575913e-08	0.9184098	-2.005299e-17	0.21426708
9.251524837237809e-11	-5.5472977e-08	3.9505977e-08	0.9251586	-2.0013082e-17	0.21467233
9.503339622150998e-11	-7.163751e-08	2.8180931e-08	0.9328147	-1.996328e-17	0.21564804
9.750216933610803e-11	-8.615596e-08	8.823002e-09	0.9410284	-1.990313e-17	0.21657394
1.0002033333652397e-10	-9.764561e-08	-2.1201542e-08	0.9498645	-1.9825992e-17	0.21551345
1.0253850364642497e-10	-9.866618e-08	-6.228776e-08	0.95846385	-1.9724782e-17	0.21554998
1.0500731142265239e-10	-8.296256e-08	-1.1127517e-07	0.965097	-1.958927e-17	0.21219265
1.0752549524622871e-10	-4.375287e-08	-1.6131608e-07	0.9664546	-1.941111e-17	0.2046852
1.1004368756937013e-10	2.5250904e-08	-1.8844352e-07	0.95595413	-1.9273477e-17	0.20490675
1.1251249442034067e-10	1.078184e-07	-1.6487162e-07	0.9300617	-1.9328238e-17	0.21833931
1.1503068581785247e-10	1.6368644e-07	-9.639459e-08	0.89418197	-1.9547714e-17	0.23229021
1.1754885121743677e-10	1.823201e-07	-2.436202e-08	0.8617274	-1.9780709e-17	0.22972202
1.200177626495563e-10	1.700074e-07	4.757178e-08	0.8370911	-1.9947163e-17	0.20882587
1.2253619238097356e-10	1.27736e-07	1.05777254e-07	0.81782836	-2.0049546e-17	0.20502156
1.250048086746401e-10	7.122598e-08	1.3470715e-07	0.80404943	-2.0101101e-17	0.20697105
1.2752273048911198e-10	1.777769e-08	1.3197466e-07	0.7947321	-2.0123453e-17	0.21085063
1.3004081428993005e-10	-2.1403187e-08	1.074933e-07	0.78955716	-2.0129903e-17	0.21198623
1.3250957628111147e-10	-4.1168523e-08	7.7629245e-08	0.78777105	-2.0130018e-17	0.21319221
1.350276963871209e-10	-4.6287838e-08	5.0456542e-08	0.78871876	-2.0129093e-17	0.21306737
1.3754579554870438e-10	-4.3423654e-08	3.0436063e-08	0.7918282	-2.0129619e-17	0.21314853
1.4001452477119505e-10	-3.674056e-08	1.8714928e-08	0.79637504	-2.0132428e-17	0.21426877
1.4253264637021367e-10	-3.0650053e-08	1.1701588e-08	0.8021356	-2.01377e-17	0.2139776
1.4500143039070015e-10	-2.5283827e-08	7.308606e-09	0.8085906	-2.0144905e-17	0.21563633
1.4751958900573982e-10	-2.0213893e-08	4.0761114e-09	0.8156694	-2.015376e-17	0.21531267
1.5003774221268647e-10	-1.4715977e-08	1.7407321e-09	0.82290816	-2.0163436e-17	0.21746805
1.5250651617543503e-10	-9.218062e-09	1.777769e-09	0.8298947	-2.017302e-17	0.2180061
1.5502464761679157e-10	-4.8065605e-09	4.312736e-09	0.8367275	-2.0182276e-17	0.21902536
1.5754278203582648e-10	-1.7119257e-09	6.716016e-09	0.8431526	-2.0190504e-17	0.22014944
1.6001154593799594e-10	6.5843296e-11	9.3497485e-09	0.8489977	-2.0197223e-17	0.2202384
1.625296752592688e-10	-2.9629485e-10	1.2312697e-08	0.8544807	-2.0202489e-17	0.22139633
1.6504780111852682e-10	-2.0411421e-09	1.5407332e-08	0.85950595	-2.0206032e-17	0.22125785
1.6751654032858985e-10	-4.5761093e-09	1.6855884e-08	0.8640463	-2.02078e-17	0.2218535
1.7003465530934506e-10	-8.526707e-09	1.7250944e-08	0.8683625	-2.0207857e-17	0.22200379
1.7250338729675916e-10	-1.1226282e-08	1.6691276e-08	0.87236685	-2.0206196e-17	0.22037695
1.750215015422497e-10	-1.2905287e-08	1.5341488e-08	0.8762994	-2.020275e-17	0.21830243
1.775396027687377e-10	-1.3596641e-08	1.5275646e-08	0.8801536	-2.01975e-17	0.21749347
1.800083339903241e-10	-1.5341488e-08	1.580239e-08	0.88392514	-2.0190511e-17	0.2154538
1.8252643654481403e-10	-1.9226242e-08	1.4485526e-08	0.8878349	-2.0181328e-17	0.21548921
1.8504455798078749e-10	-2.2683016e-08	1.218101e-08	0.8918811	-2.0169818e-17	0.21355447
1.8751330020702806e-10	-2.5481356e-08	9.678964e-09	0.8960557	-2.015591e-17	0.21421352
1.900314071575895e-10	-2.8115087e-08	5.530837e-09	0.9006092	-2.013854e-17	0.21295375
1.9250016034764206e-10	-3.0617134e-08	1.9094557e-09	0.9054533	-2.0117746e-17	0.21361999
1.9501827416839612e-10	-3.4172672e-08	-2.8312617e-09	0.91088337	-2.0091845e-17	0.21379338
1.9753641326432643e-10	-3.7826975e-08	-1.0139868e-08	0.9169151	-2.0060129e-17	0.21356712
2.0000517089697313e-10	-3.8419564e-08	-2.074064e-08	0.923511	-2.0022104e-17	0.21367283
2.0252331792522882e-10	-3.5884597e-08	-3.318502e-08	0.9310014	-1.9974615e-17	0.21450803
2.0504146852412417e-10	-2.9464875e-08	-4.71438e-08	0.93924195	-1.9916057e-17	0.21607243
2.0751026677412473e-10	-1.6526668e-08	-6.136595e-08	0.94785064	-1.984428e-17	0.21667683
2.100284381602876e-10	5.563759e-09	-7.427124e-08	0.9566021	-1.9749419e-17	0.21602848
2.1254660603269586e-10	3.7563602e-08	-7.980208e-08	0.9639709	-1.9620284e-17	0.2124113
2.1501540290044298e-10	7.6263e-08	-7.427124e-08	0.9668931	-1.9451715e-17	0.20638956
2.175335985187663e-10	1.1510643e-07	-4.727549e-08	0.9596399	-1.9290651e-17	0.20307016
2.2000240327435597e-10	1.3181828e-07	4.938247e-09	0.93713677	-1.929622e-17	0.21518572
2.2252057954941822e-10	1.12723725e-07	6.1761014e-08	0.9022639	-1.9491479e-17	0.22928683
2.250387506996604e-10	7.650991e-08	9.639459e-08	0.8682396	-1.9732695e-17	0.23393354
2.2750761800093017e-10	3.2065685e-08	1.1394182e-07	0.842112	-1.9914924e-17	0.21241668
2.3002602270836333e-10	-1.659251e-08	1.0923609e-07	0.8216033	-2.0031459e-17	0.20512809
2.3254413141485573e-10	-5.356352e-08	8.618476e-08	0.8064571	-2.0093092e-17	0.20675078
2.3501265060048744e-10	-7.140706e-08	5.3742532e-08	0.79636085	-2.0120032e-17	0.21026686
2.375307051091929e-10	-7.093175e-08	2.2462853e-08	0.7903252	-2.012906e-17	0.21143138
2.400488332613274e-10	-5.9637564e-08	-1.497935e-09	0.78783	-2.0129996e-17	0.21310599
2.425175664277812e-10	-4.396686e-08	-1.4250959e-08	0.7882199	-2.0129038e-17	0.21318544
2.4503567118496276e-10	-2.9695327e-08	-1.9329123e-08	0.79090524	-2.0129123e-17	0.21279293
2.475043853386104e-10	-1.958838e-08	-1.8032834e-08	0.7951564	-2.013139e-17	0.2140803
2.50022499948335e-10	-1.3234502e-08	-1.587235e-08	0.8006919	-2.0136149e-17	0.21424156
2.525406569309012e-10	-8.526707e-09	-1.3643966e-08	0.80712664	-2.0143104e-17	0.21531714
2.550094197932801e-10	-5.464994e-09	-1.2300351e-08	0.8139946	-2.015153e-17	0.2156238
2.57527574376433e-10	-2.2386721e-09	-9.934108e-09	0.82122904	-2.0161096e-17	0.21728759
2.600457097835959e-10	-1.6460824e-10	-6.6213666e-09	0.82840264	-2.0170927e-17	0.21731275
2.625144656858965e-10	2.3045155e-10	-2.057603e-09	0.8351799	-2.0180173e-17	0.21911806
2.650325992991058e-10	-9.218062e-10	1.0534927e-09	0.8417084	-2.0188688e-17	0.21967702
2.6750136051904277e-10	-2.3374371e-09	2.3703588e-09	0.8476638	-2.0195754e-17	0.22048327
2.7001948311725043e-10	-4.115206e-09	2.1728288e-09	0.8532586	-2.0201402e-17	0.22106929
2.7253759594190277e-10	-5.563759e-09	1.9094557e-09	0.8583858	-2.0205356e-17	0.22150217
2.750063349833512e-10	-6.1234267e-09	2.0411421e-09	0.8630102	-2.0207528e-17	0.22158273
2.7752443499573526e-10	-7.39091e-09	9.876494e-10	0.86739254	-2.0207994e-17	0.22213396
2.800425203112318e-10	-7.637823e-09	-6.5843296e-11	0.87152183	-2.0206692e-17	0.22086805
2.8251126231692805e-10	-7.2756845e-09	-8.5596286e-10	0.87540406	-2.0203696e-17	0.21824573
2.8502935903962034e-10	-8.493785e-09	-1.9094557e-09	0.87926996	-2.0198869e-17	0.21783379
2.875474565370112e-10	-8.559629e-09	-2.9629483e-09	0.88311267	-2.0192169e-17	0.21567672
2.900161841014131e-10	-8.79008e-09	-4.872404e-09	0.8869262	-2.0183635e-17	0.21564971
2.925342856674899e-10	-8.395021e-09	-7.045233e-09	0.89093435	-2.0172689e-17	0.21414876
2.950030152149241e-10	-6.847703e-09	-8.493785e-09	0.8950536	-2.0159427e-17	0.21426427
2.9752111295882206e-10	-5.168699e-09	-9.086375e-09	0.8995306	-2.014285e-17	0.21297011
3.000392339713551e-10	-3.4238514e-09	-1.0600771e-08	0.9043772	-2.012256e-17	0.21376444
3.02507976888469e-10	-3.1934e-09	-1.1851793e-08	0.90958506	-2.0098277e-17	0.21335131
3.050260887289862e-10	-1.5143958e-09	-1.4748899e-08	0.91546863	-2.0068004e-17	0.21321136
3.0754422296708624e-10	2.3703588e-09	-1.8041064e-08	0.92203426	-2.003092e-17	0.21433462
3.100129804637268e-10	7.967039e-09	-2.0082206e-08	0.9292092	-1.9986424e-17	0.21514718
3.1253111531478033e-10	1.5736548e-08	-1.8633653e-08	0.9372865	-1.993067e-17	0.21528088
3.15049261406899e-10	2.3110998e-08	-1.5209801e-08	0.9459785	-1.9861159e-17	0.21660972
3.175180350668636e-10	2.9234425e-08	-9.218062e-09	0.9546435	-1.9773738e-17	0.21551709
3.200361981391139e-10	3.5292008e-08	0	0.96251863	-1.9653813e-17	0.2140789
3.2250499770784247e-10	3.9390752e-08	1.4485526e-08	0.9668431	-1.949421e-17	0.20776343
3.250231670341316e-10	3.6477186e-08	3.1868154e-08	0.96260023	-1.931887e-17	0.20249867
3.275413401393693e-10	2.1728289e-08	4.71438e-08	0.9432555	-1.9276228e-17	0.2120627
3.3001012301365916e-10	-1.5143958e-09	5.096271e-08	0.910724	-1.9436494e-17	0.22516352
3.3252828337720605e-10	-2.0806482e-08	4.253477e-08	0.87542146	-1.9680524e-17	0.2356708
3.350464855680278e-10	-3.4040983e-08	2.9300267e-08	0.84717	-1.9881628e-17	0.21530822
3.37515500943681e-10	-4.013149e-08	1.1592536e-08	0.82582986	-2.001028e-17	0.20482238
3.4003370581385455e-10	-3.7794052e-08	-5.79421e-09	0.80949086	-2.008265e-17	0.20608336
3.425021738815437e-10	-2.8938128e-08	-1.7200533e-08	0.7983339	-2.0115795e-17	0.20937173
3.4502018175451826e-10	-1.7722135e-08	-2.2522523e-08	0.7913729	-2.0128003e-17	0.21141379
3.475382869086754e-10	-7.143998e-09	-2.2699476e-08	0.788126	-2.0130114e-17	0.21291709
3.5000701904168766e-10	9.218062e-10	-1.9325007e-08	0.78790486	-2.0129237e-17	0.21324712
3.5252509004851866e-10	5.99174e-09	-1.4744783e-08	0.7901182	-2.0128927e-17	0.21265487
3.550431767150013e-10	7.802431e-09	-9.255098e-09	0.7941337	-2.0130701e-17	0.21385771
3.57511906472852e-10	7.4073707e-09	-4.7407176e-09	0.79932755	-2.0134842e-17	0.21437329
3.6003002603733686e-10	6.6830945e-09	-3.3065681e-09	0.80558217	-2.0141332e-17	0.21483007
3.6254814721219525e-10	6.4526433e-09	-2.2119233e-09	0.8124898	-2.0149615e-17	0.21582067
3.65016899846534e-10	6.18927e-09	-6.111081e-10	0.81956005	-2.0158845e-17	0.21691208
3.6753502159043107e-10	4.3785793e-09	4.938247e-10	0.8267688	-2.0168677e-17	0.21711306
3.7000375048086524e-10	3.6872247e-09	8.39502e-10	0.83361864	-2.0178067e-17	0.2190163
3.7252186034540993e-10	2.436202e-09	9.218062e-10	0.8402443	-2.0186832e-17	0.2190248
3.7503996935619215e-10	1.8436124e-09	1.3168659e-10	0.84642357	-2.0194357e-17	0.22056912
3.7750869059058047e-10	1.3497876e-09	3.2921648e-11	0.8520133	-2.020025e-17	0.22061732
3.8002678498762654e-10	1.2839443e-09	3.292165e-10	0.85724455	-2.02046e-17	0.22162394
3.8254486015658115e-10	1.3827093e-09	-1.3168659e-10	0.8620468	-2.0207207e-17	0.22123557
3.850135691685543e-10	2.6995752e-09	-1.2839443e-09	0.8664091	-2.0208044e-17	0.22216454
3.875316463411224e-10	2.4691236e-09	-8.5596286e-10	0.870589	-2.0207147e-17	0.22131678
3.900003504926256e-10	3.9012154e-09	-9.218062e-10	0.87450296	-2.020455e-17	0.21878217
3.9251841067052e-10	2.534967e-09	5.2674637e-10	0.87838435	-2.0200141e-17	0.2180805
3.9503647640964095e-10	2.5020452e-09	3.292165e-10	0.88222605	-2.0193883e-17	0.2163322
3.9750517136280983e-10	2.534967e-09	-6.5843296e-11	0.8860226	-2.0185822e-17	0.21570681
4.0002324596604093e-10	3.2263217e-09	-6.58433e-10	0.8899967	-2.0175428e-17	0.21468435
4.0254131350877286e-10	5.135777e-09	-2.6337318e-10	0.8941484	-2.0162511e-17	0.21419474
4.05010017936967e-10	6.1563483e-09	3.950598e-10	0.8984702	-2.0146973e-17	0.21352662
4.0752810751679677e-10	6.5843295e-09	1.5143958e-09	0.9032228	-2.0127604e-17	0.21373072
4.1004619348295443e-10	5.4979155e-09	3.4238514e-09	0.90842223	-2.010391e-17	0.21274044
4.1251491252451233e-10	5.530837e-09	4.7654085e-09	0.9140564	-2.0075531e-17	0.21375799
4.1503300595463023e-10	5.1028555e-09	6.1234267e-09	0.92045635	-2.0040141e-17	0.21459256
4.175017355745292e-10	4.213971e-09	7.045233e-09	0.9274553	-1.9997697e-17	0.215347
4.200198421251801e-10	3.4238514e-09	9.020532e-09	0.9353616	-1.9944584e-17	0.215999
4.2253796908655316e-10	6.5843296e-11	1.0798301e-08	0.9439387	-1.9878649e-17	0.21546969
4.2500672226873906e-10	-4.213971e-09	1.1061674e-08	0.9526362	-1.9796474e-17	0.2166358
4.2752485809750287e-10	-1.0337398e-08	1.0008181e-08	0.9608891	-1.9684978e-17	0.21480323
4.3004300803102974e-10	-1.6888805e-08	5.9258967e-09	0.9664014	-1.9531983e-17	0.20977111
4.325117888375227e-10	-2.135792e-08	-1.9752988e-09	0.96472794	-1.9354423e-17	0.2037149
4.3502992918233734e-10	-2.074064e-08	-1.198348e-08	0.94919425	-1.9266004e-17	0.20845178
4.375480777455226e-10	-1.2938208e-08	-2.0543109e-08	0.91838455	-1.9389924e-17	0.22186948
4.400168444849399e-10	-2.3703588e-09	-2.337437e-08	0.8830475	-1.9625432e-17	0.23554161
4.4253500675125275e-10	8.098725e-09	-2.3868195e-08	0.8530346	-1.984146e-17	0.22082505
4.4500396262754643e-10	1.6790041e-08	-1.8929947e-08	0.83035296	-1.998587e-17	0.2068701
4.4752226745673343e-10	2.1102776e-08	-9.662504e-09	0.81279606	-2.0070148e-17	0.20486046
4.500400862563604e-10	2.1069855e-08	-9.0740293e-10	0.8003512	-2.0110916e-17	0.20822296
4.525086715410531e-10	1.7094566e-08	4.5740514e-09	0.7926187	-2.0126431e-17	0.21128677
4.550267404961449e-10	1.2353849e-08	7.987615e-09	0.788584	-2.0130085e-17	0.2126255
4.575448113845347e-10	8.855923e-09	8.551398e-09	0.7877312	-2.0129458e-17	0.213266
4.600134911843993e-10	6.4361823e-09	9.09049e-09	0.7894248	-2.0128845e-17	0.21287026
4.625315324745006e-10	4.2468926e-09	8.004076e-09	0.79307866	-2.0130074e-17	0.21356796
4.650002279576789e-10	3.4896948e-09	7.396054e-09	0.79801196	-2.0133657e-17	0.21439207
4.675183323153625e-10	2.0740638e-09	7.3682767e-09	0.80406976	-2.0139656e-17	0.21420988
4.700364297388105e-10	2.6337318e-10	6.4649885e-09	0.8108573	-2.0147577e-17	0.21586604
4.725051703160788e-10	2.9629485e-10	4.016441e-09	0.81788754	-2.0156615e-17	0.2163461
4.750232746493944e-10	1.1193361e-09	3.2098608e-09	0.8251198	-2.016641e-17	0.21739954
4.775413660575125e-10	1.7283865e-09	3.571999e-09	0.8321705	-2.0176097e-17	0.21874921
4.800100809471142e-10	1.7448474e-09	3.2592433e-09	0.83875376	-2.0184911e-17	0.21861018
4.825281686431048e-10	1.9094557e-09	3.1275567e-09	0.8450406	-2.019275e-17	0.22050536
4.850462407228529e-10	3.4238514e-09	2.5020452e-09	0.8508495	-2.0199114e-17	0.22010385
4.875149381274367e-10	4.3456576e-09	2.5020452e-09	0.8560783	-2.020375e-17	0.22161663
4.900329946872434e-10	5.168699e-09	4.1481276e-09	0.8609736	-2.020676e-17	0.2207483
4.92501673080746e-10	4.510266e-09	4.6419526e-09	0.86540926	-2.0208e-17	0.22209093
4.950197342626625e-10	4.131667e-09	5.135777e-09	0.8696445	-2.0207513e-17	0.22167438
4.975377837625798e-10	4.411501e-09	5.9258967e-09	0.87367195	-2.0205255e-17	0.21946439
5.000064714707543e-10	3.4896948e-09	6.5843295e-09	0.87749505	-2.020132e-17	0.21823719
5.025245135542257e-10	4.1645887e-09	5.135777e-09	0.8813396	-2.0195497e-17	0.21689159
5.050425597511139e-10	5.366229e-09	6.5184866e-09	0.88519925	-2.018773e-17	0.21567143
5.075112510306566e-10	4.6748743e-09	9.415592e-09	0.88906693	-2.0178035e-17	0.21510363
5.100293038849334e-10	2.5678886e-09	1.0534928e-08	0.8931707	-2.0165734e-17	0.21399893
5.125473715488404e-10	1.1522577e-09	1.1193361e-08	0.89751434	-2.0150585e-17	0.21389478
5.150160606562904e-10	-1.1851794e-09	1.2707757e-08	0.9020904	-2.0132426e-17	0.21351142
5.17534112412095e-10	-3.4896948e-09	1.27736e-08	0.9071774	-2.0109808e-17	0.21302874
5.200028161934454e-10	-5.366229e-09	1.2839443e-08	0.9126771	-2.0082726e-17	0.21397255
5.225208942503082e-10	-9.086375e-09	1.4287996e-08	0.91891605	-2.0048957e-17	0.21441168
5.25038979835797e-10	-1.4485526e-08	1.4156309e-08	0.92588466	-2.0007572e-17	0.21499525
5.275076971612461e-10	-1.9489615e-08	1.0534928e-08	0.9334708	-1.9957848e-17	0.21587716
5.300258202489205e-10	-2.3506058e-08	4.8065605e-09	0.94191355	-1.9895222e-17	0.2164907
5.325439219451969e-10	-2.6469005e-08	-7.901196e-10	0.9507715	-1.9816028e-17	0.21618609
5.350126594624183e-10	-2.8971051e-08	-9.876494e-09	0.95912164	-1.9713916e-17	0.21491085
5.375308068594232e-10	-2.837846e-08	-2.2386722e-08	0.9655602	-1.9571371e-17	0.21163097
5.400489460340148e-10	-2.2222112e-08	-3.6872247e-08	0.96600705	-1.9391145e-17	0.2043656
5.42517710598705e-10	-6.0411227e-09	-4.9119098e-08	0.9542701	-1.9268506e-17	0.2054512
5.4503585816759e-10	2.0279735e-08	-4.9777533e-08	0.92648184	-1.9345106e-17	0.21882172
5.475046100438841e-10	3.8847546e-08	-3.410683e-08	0.8910792	-1.9568314e-17	0.23466602
5.500227556777081e-10	4.8987413e-08	-1.777769e-08	0.85927314	-1.9797392e-17	0.22711025
5.525410434166641e-10	5.0831026e-08	1.7119257e-09	0.834757	-1.9960487e-17	0.2079431
5.550100366900628e-10	4.2008022e-08	2.0938169e-08	0.81637794	-2.0055333e-17	0.20479952
5.575278719401766e-10	2.7292046e-08	3.2921648e-08	0.8027945	-2.0104315e-17	0.20693798
5.600457768709412e-10	1.218101e-08	3.4631515e-08	0.7939417	-2.0124437e-17	0.21103369
5.625144216885851e-10	1.627564e-09	2.934142e-08	0.78921103	-2.0129844e-17	0.21220368
5.650324802008675e-10	-4.2962753e-09	2.1316767e-08	0.78767484	-2.0129708e-17	0.21323869
5.67501150715899e-10	-5.6460627e-09	1.5275646e-08	0.7888337	-2.012887e-17	0.21303496
5.700191676003221e-10	-5.168699e-09	1.139089e-08	0.7920952	-2.0129584e-17	0.21324572
5.7253721598734e-10	-5.3497677e-09	8.931026e-09	0.796855	-2.0132688e-17	0.21432315
5.75005925423403e-10	-4.872404e-09	7.1769195e-09	0.80259466	-2.0138083e-17	0.2138712
5.77524011639534e-10	-4.839482e-09	5.9464726e-09	0.8092432	-2.0145612e-17	0.21573855
5.800420941837412e-10	-3.6213814e-09	4.29216e-09	0.81635773	-2.0154595e-17	0.2156678
5.825108139659306e-10	-1.9423774e-09	3.364181e-09	0.82345873	-2.0164134e-17	0.21748519
5.850288774392669e-10	-1.1522577e-09	3.456773e-09	0.83056813	-2.0173904e-17	0.21826665
5.875469587369302e-10	-1.975299e-10	3.654303e-09	0.8373678	-2.0183091e-17	0.21893206
5.900156591422423e-10	6.5843296e-11	4.0822843e-09	0.84363055	-2.019106e-17	0.2202695
5.925337229976529e-10	1.316866e-09	3.851833e-09	0.84955144	-2.0197792e-17	0.22009075
5.950024018546168e-10	2.6666536e-09	2.7654186e-09	0.85488695	-2.0202806e-17	0.22147666
5.975204567913035e-10	2.99587e-09	5.2016205e-09	0.8598793	-2.020622e-17	0.22114865
6.000384976569375e-10	2.1728288e-09	6.847703e-09	0.86447984	-2.0207877e-17	0.22193502
6.025071618249388e-10	1.4156308e-09	7.4073707e-09	0.8686879	-2.020778e-17	0.22193666
6.050251832719028e-10	8.724237e-10	6.847703e-09	0.872756	-2.0205935e-17	0.22012596
6.075432214824008e-10	0	9.086375e-09	0.8766778	-2.0202315e-17	0.2183005
6.100118670057739e-10	-1.3827093e-09	8.296255e-09	0.88045293	-2.019701e-17	0.21735752
6.125298940211248e-10	-2.2880546e-09	6.9793895e-09	0.88430274	-2.0189705e-17	0.21553966
6.150479428974838e-10	-2.99587e-09	7.308606e-09	0.8882226	-2.0180313e-17	0.21538855
6.17516608917435e-10	-5.037012e-09	8.888845e-09	0.8922045	-2.016881e-17	0.2136852
6.200346528036428e-10	-7.2756845e-09	7.967039e-09	0.89648527	-2.0154363e-17	0.21415016
6.22503307681877e-10	-8.9546885e-09	7.127537e-09	0.90097916	-2.0137034e-17	0.21312091
6.250213599103657e-10	-9.613121e-09	5.8600533e-09	0.90595925	-2.0115446e-17	0.21349372
6.275394261352644e-10	-1.1226282e-08	4.3456576e-09	0.91144305	-2.0089029e-17	0.21390434
6.300081201111954e-10	-1.28723645e-08	2.6995752e-09	0.9174128	-2.005738e-17	0.21384002
6.325261861302713e-10	-1.4880585e-08	-1.975299e-10	0.9242063	-2.0017895e-17	0.21409658
6.350442694729114e-10	-1.6329137e-08	-4.8065605e-09	0.93177253	-1.9969442e-17	0.21507487
6.37512982525856e-10	-1.6724197e-08	-1.0139868e-08	0.93991	-1.9910949e-17	0.21634138
6.400310945687618e-10	-1.4880585e-08	-1.6724197e-08	0.94871753	-1.9836163e-17	0.21630277
6.425491990707246e-10	-1.0255094e-08	-2.4230333e-08	0.95741194	-1.97386e-17	0.21603377
6.450179568770507e-10	-1.7448474e-09	-3.1999843e-08	0.9644137	-1.9608399e-17	0.21246275
6.475360899996077e-10	1.1687185e-08	-3.7267306e-08	0.9667575	-1.94336e-17	0.20562117
6.500048456224103e-10	2.8526609e-08	-3.5292008e-08	0.9584423	-1.9283221e-17	0.20358258
6.525229869649238e-10	4.335781e-08	-2.0148049e-08	0.93410915	-1.9308612e-17	0.21631028
6.55041109182354e-10	4.569525e-08	1.8436124e-09	0.8987039	-1.95155e-17	0.23179801
6.575098459759764e-10	4.0427786e-08	1.698757e-08	0.8659152	-1.9749554e-17	0.23289917
6.600281001307743e-10	2.956364e-08	2.9481336e-08	0.83986795	-1.9929211e-17	0.21096879
6.625465016523876e-10	1.418923e-08	3.5925748e-08	0.81990343	-2.0039512e-17	0.20515501
6.650150420067976e-10	-5.432072e-10	3.4485428e-08	0.8054936	-2.0096196e-17	0.20686662
6.675328751690157e-10	-1.018925e-08	2.8152124e-08	0.7955976	-2.0121519e-17	0.2105494
6.700014974267706e-10	-1.4458776e-08	1.9868216e-08	0.79001486	-2.0129316e-17	0.21161707
6.725195330702015e-10	-1.6024613e-08	1.13291625e-08	0.7877655	-2.0129935e-17	0.21315247
6.750375619166292e-10	-1.3761249e-08	4.658413e-09	0.78839004	-2.012897e-17	0.21314657
6.775062015242059e-10	-1.08147615e-08	6.707786e-10	0.79118973	-2.0129219e-17	0.21290804
6.800242116106455e-10	-7.637823e-09	-9.218062e-10	0.7956455	-2.0131745e-17	0.2141681
6.825422599753649e-10	-4.971169e-09	-1.2530802e-09	0.8012809	-2.0136734e-17	0.21415156
6.850109575697804e-10	-3.654303e-09	-6.5843296e-11	0.8076522	-2.0143719e-17	0.21544823
6.875290387155986e-10	-2.8312617e-09	1.2551378e-10	0.81469053	-2.0152428e-17	0.21548085
6.900471055454659e-10	-1.6131608e-09	-1.3991701e-10	0.8219303	-2.0162048e-17	0.21738848
6.925157927046034e-10	-6.5843296e-11	4.938247e-10	0.82894725	-2.0171678e-17	0.21758406
6.950338604178285e-10	8.230412e-10	2.1069855e-09	0.83583003	-2.0181048e-17	0.2191049
6.975025577886522e-10	1.679004e-09	3.456773e-09	0.84219354	-2.0189297e-17	0.2198561
7.000205892104325e-10	1.0534927e-09	3.917676e-09	0.84822595	-2.0196372e-17	0.22040094
7.025386305659692e-10	-4.938247e-10	3.9505976e-09	0.85377413	-2.0201862e-17	0.221225
7.050072827650819e-10	-3.292165e-10	3.456773e-09	0.85876274	-2.0205585e-17	0.2214327
7.075253214436148e-10	-7.901196e-10	4.3456576e-09	0.86344707	-2.0207653e-17	0.22171043
7.100433412399062e-10	-9.218062e-10	3.0287917e-09	0.8678011	-2.0207945e-17	0.22209203
7.125119824572912e-10	-5.2674637e-10	1.9752988e-09	0.8718314	-2.0206517e-17	0.22069792
7.150300030906459e-10	2.4691235e-10	2.9629483e-09	0.8757801	-2.020331e-17	0.21828152
7.17548017227567e-10	-2.4691235e-10	5.99174e-09	0.87964064	-2.0198306e-17	0.2177022
7.200166687977695e-10	-1.9259165e-09	7.7695095e-09	0.8834091	-2.0191573e-17	0.21543819
7.2253468576677e-10	-4.839482e-09	5.464994e-09	0.8873062	-2.0182684e-17	0.21559593
7.2500333094151e-10	-5.9588183e-09	3.1604783e-09	0.8912491	-2.0171747e-17	0.21394475
7.275213602721465e-10	-5.563759e-09	1.1851794e-09	0.8954714	-2.0157973e-17	0.2142595
7.30039395105072e-10	-4.7407176e-09	1.1851794e-09	0.8999798	-2.0141072e-17	0.21268792
7.325080584670584e-10	-4.872404e-09	1.1193361e-09	0.90476686	-2.0120833e-17	0.21373297
7.350261108399383e-10	-5.9588183e-09	1.1851794e-09	0.91012454	-2.0095618e-17	0.21356656
7.375441626791131e-10	-8.197491e-09	-2.6337318e-10	0.91606927	-2.0064753e-17	0.2130124
7.400128465891764e-10	-9.053453e-09	-3.6872247e-09	0.92256784	-2.0027752e-17	0.21414343
7.425309280945721e-10	-8.625472e-09	-6.913546e-09	0.92995363	-1.9981554e-17	0.21486726
7.450490017599313e-10	-7.703666e-09	-9.810651e-09	0.9380999	-1.9924652e-17	0.2153484
7.475177207432094e-10	-4.8065605e-09	-1.3432032e-08	0.9466588	-1.9855122e-17	0.21676858
7.500358283269813e-10	-1.6460824e-10	-1.5670704e-08	0.95546854	-1.9763782e-17	0.21548976
7.525045743082109e-10	5.9258967e-09	-1.8041064e-08	0.96302307	-1.9642936e-17	0.21345854
7.550226915062745e-10	1.358018e-08	-1.896287e-08	0.96692353	-1.9476568e-17	0.2072638
7.575408281376414e-10	2.3143919e-08	-1.5539019e-08	0.9614693	-1.9306048e-17	0.20316471
7.600095812811655e-10	2.956364e-08	-4.4773443e-09	0.9411054	-1.9282358e-17	0.21330345
7.625276982659652e-10	2.8180931e-08	9.613121e-09	0.9071943	-1.9459038e-17	0.22774734
7.650458076167026e-10	2.1069855e-08	1.8831184e-08	0.8723713	-1.9702675e-17	0.2342211
7.675146452467362e-10	1.218101e-08	2.3440213e-08	0.8453018	-1.9894089e-17	0.21396665
7.700330372839169e-10	2.3045155e-09	2.4648028e-08	0.82403135	-2.0019493e-17	0.2048643
7.725017029604469e-10	-6.2386523e-09	2.0246814e-08	0.808455	-2.0086328e-17	0.20636077
7.750194745762289e-10	-1.1720107e-08	1.4263304e-08	0.7974827	-2.0117693e-17	0.20978686
7.775374402643608e-10	-1.2143973e-08	7.703666e-09	0.7909129	-2.0128497e-17	0.21143167
7.80006084645884e-10	-1.0567849e-08	3.1193261e-09	0.78801036	-2.0130085e-17	0.21299154
7.8252409532558e-10	-7.539057e-09	-1.6872345e-10	0.78802055	-2.0129146e-17	0.21322714
7.850420854588363e-10	-4.7736393e-09	-1.9218012e-09	0.7904349	-2.0128995e-17	0.21259838
7.875107229281876e-10	-2.1728288e-09	-2.1728288e-09	0.79449743	-2.0130939e-17	0.2139442
7.900287431444443e-10	-8.230412e-10	-1.4434085e-09	0.7998891	-2.0135371e-17	0.21433266
7.925468081252914e-10	-6.5843296e-11	-9.670734e-10	0.8062206	-2.014206e-17	0.21504916
7.950154660321e-10	5.925897e-10	-5.411496e-10	0.8130323	-2.0150302e-17	0.21576807
7.975335433586121e-10	4.609031e-10	-3.559653e-10	0.820254	-2.015978e-17	0.2170912
8.000022343608752e-10	1.316866e-09	8.806541e-10	0.82730997	-2.0169424e-17	0.21697576
8.025202784336074e-10	1.5143958e-09	1.8271515e-09	0.8342697	-2.0178947e-17	0.21908323
8.050383244847636e-10	1.8436124e-09	2.897105e-09	0.84085524	-2.0187613e-17	0.21931869
8.075069847019172e-10	9.876494e-10	3.571999e-09	0.84687334	-2.0194867e-17	0.22055466
8.100250236228241e-10	5.5966803e-10	3.2263217e-09	0.8525332	-2.020074e-17	0.220812
8.125430451416578e-10	1.0864144e-09	3.7859897e-09	0.8577207	-2.0204922e-17	0.22158815
8.150116971732918e-10	8.5596286e-10	3.8847547e-09	0.8623957	-2.0207332e-17	0.22137272
8.175297077892303e-10	1.975299e-10	2.436202e-09	0.86681855	-2.0208032e-17	0.22216426
8.200477164979194e-10	2.9629485e-10	1.8106907e-09	0.87097687	-2.020697e-17	0.22114266
8.225163434257555e-10	6.255113e-10	1.4485525e-09	0.874877	-2.0204209e-17	0.21845156
8.250343451001282e-10	1.2839443e-09	2.633732e-09	0.8787514	-2.0199625e-17	0.21798928
8.275029718543005e-10	1.0534927e-09	4.4773443e-09	0.88251746	-2.0193332e-17	0.21612746
8.30020989429473e-10	-4.609031e-10	5.0040905e-09	0.886396	-2.018493e-17	0.21569593
8.325389911879462e-10	-1.7119257e-09	3.753068e-09	0.8903835	-2.0174311e-17	0.21447778
8.35007637089525e-10	-1.4156308e-09	2.633732e-09	0.8944722	-2.0161417e-17	0.21423288
8.375256621061663e-10	-1.1851794e-09	2.3703588e-09	0.8989066	-2.014529e-17	0.21331753
8.400436878257078e-10	-1.316866e-09	2.2386721e-09	0.9036972	-2.0125547e-17	0.21376866
8.425123523971697e-10	-2.0740638e-09	2.9629483e-09	0.9088365	-2.0101915e-17	0.21298166
8.450303987062258e-10	-3.1604783e-09	2.5020452e-09	0.9146358	-2.0072462e-17	0.21357359
8.475484450730183e-10	-3.9835193e-09	1.8436124e-09	0.9211034	-2.0036382e-17	0.21454218
8.500171345963882e-10	-4.213971e-09	1.2510226e-09	0.9281748	-1.9993106e-17	0.2153428
8.525351972852974e-10	-5.135777e-09	-4.609031e-10	0.93615234	-1.9938922e-17	0.21581371
8.550039233109941e-10	-5.892975e-09	-2.0411421e-09	0.9446059	-1.9873021e-17	0.21585241
8.575220240843919e-10	-5.9588183e-09	-4.4773443e-09	0.9534693	-1.978727e-17	0.21638274
8.600401251819657e-10	-4.8065605e-09	-8.032882e-09	0.9615803	-1.9672396e-17	0.21472241
8.625088744674732e-10	-2.436202e-09	-1.1325047e-08	0.9665988	-1.9518629e-17	0.20905547
8.650270030378211e-10	1.9999902e-09	-1.3958779e-08	0.963947	-1.9339038e-17	0.20318481
8.675451200301497e-10	8.427942e-09	-1.3563719e-08	0.9468456	-1.926869e-17	0.21021003
8.700138674533233e-10	1.458429e-08	-8.9546885e-09	0.91566294	-1.9406062e-17	0.22393082
8.725319817438982e-10	1.5934077e-08	-2.6419622e-09	0.87985045	-1.9648455e-17	0.2365476
8.750007656493653e-10	1.5078115e-08	2.436202e-09	0.8510756	-1.985504e-17	0.2192258
8.775191231329403e-10	1.1917637e-08	7.3250668e-09	0.8284519	-1.9996344e-17	0.20612182
8.800373150193146e-10	8.395021e-09	1.0057564e-08	0.8114005	-2.0075564e-17	0.20543775
8.825056826552859e-10	5.1110858e-09	1.16913e-08	0.7996066	-2.0112782e-17	0.20867486
8.850235851474717e-10	1.4794166e-09	1.04587965e-08	0.79208076	-2.0127152e-17	0.21135555
8.875416024947548e-10	-3.8682937e-10	8.962918e-09	0.7883753	-2.0130117e-17	0.21276046
8.900102306321625e-10	-1.4485525e-09	5.8189014e-09	0.7877801	-2.0129379e-17	0.21326403
8.925282219958545e-10	-1.3497876e-09	4.3621182e-09	0.7896983	-2.0128868e-17	0.21278927
8.950462136366876e-10	-9.38267e-10	3.7818744e-09	0.7935043	-2.0130317e-17	0.21369193
8.975148564491457e-10	-4.938247e-10	2.7849658e-09	0.79854685	-2.0134132e-17	0.21439655
9.000329030035472e-10	1.3168659e-10	2.5946374e-09	0.8046874	-2.0140334e-17	0.21448001
9.025015740010578e-10	-7.571979e-10	2.2715938e-09	0.8113878	-2.0148235e-17	0.21587132
9.050196363075493e-10	6.5843296e-11	1.8909372e-09	0.81857514	-2.0157525e-17	0.2166014
9.075376741469584e-10	1.5473175e-09	2.057603e-09	0.8257989	-2.0167343e-17	0.2173075
9.100063435508968e-10	2.3045155e-09	3.1851695e-09	0.8326881	-2.0176801e-17	0.21886481
9.12524374973484e-10	2.1069855e-09	4.1481276e-09	0.83936894	-2.0185708e-17	0.21856566
9.150424042509694e-10	9.218062e-10	3.2263217e-09	0.8456117	-2.0193423e-17	0.22055168
9.175110581016513e-10	1.1851794e-09	2.8641833e-09	0.8512661	-2.0199529e-17	0.22030087
9.200290629086817e-10	2.0740638e-09	3.4896948e-09	0.8565599	-2.0204108e-17	0.22163534
9.225470700552649e-10	2.633732e-09	3.851833e-09	0.86141646	-2.0206955e-17	0.22096162
9.25015701907266e-10	1.2016401e-09	3.6872247e-09	0.86582136	-2.0208029e-17	0.22213396
9.275337055226075e-10	1.8106907e-09	3.654303e-09	0.8700333	-2.0207369e-17	0.22153987
9.300023305712817e-10	1.777769e-09	2.5678886e-09	0.8739678	-2.0205013e-17	0.21923073
9.32520335636326e-10	2.897105e-09	3.358008e-09	0.87785995	-2.0200847e-17	0.21818434
9.350383304371518e-10	3.3909298e-09	5.3991505e-09	0.88170284	-2.0194849e-17	0.21667406
9.37506958529207e-10	2.5020452e-09	6.5184866e-09	0.8854911	-2.0187065e-17	0.21569343
9.40024965093221e-10	1.1851794e-09	7.3744495e-09	0.8894468	-2.0176982e-17	0.21494691
9.425429744421356e-10	2.3045155e-10	7.967039e-09	0.89356965	-2.0164433e-17	0.21409434
9.450116212427595e-10	-1.2510226e-09	6.847703e-09	0.89785165	-2.014932e-17	0.21377963
9.4752963858551e-10	-1.9094557e-09	6.5843295e-09	0.9025513	-2.013048e-17	0.2136228
9.500476589956859e-10	-2.7983402e-09	7.1769195e-09	0.90768343	-2.0107424e-17	0.21277007
9.525163236489144e-10	-4.2468926e-09	8.032882e-09	0.9132373	-2.0079823e-17	0.21392258
9.550343695437026e-10	-7.637823e-09	8.296255e-09	0.9195414	-2.00454e-17	0.21453631
9.575030453438586e-10	-1.0567849e-08	6.3209566e-09	0.9264371	-2.0004119e-17	0.21517427
9.600211205485657e-10	-1.2641913e-08	3.6872247e-09	0.9342397	-1.9952503e-17	0.21602848
9.625392061196487e-10	-1.5506096e-08	-3.950598e-10	0.9427392	-1.9888552e-17	0.21622138
9.650079276054695e-10	-1.695465e-08	-6.0575833e-09	0.95143366	-1.9809234e-17	0.21649987
9.67526017494644e-10	-1.6394981e-08	-1.3695406e-08	0.9598585	-1.9702345e-17	0.21436152
9.7004412850568e-10	-1.2839443e-08	-2.1991662e-08	0.96594465	-1.9555542e-17	0.21095769
9.725128793004546e-10	-5.6584084e-09	-3.0682976e-08	0.96562314	-1.9377828e-17	0.20416285
9.750310033625953e-10	7.3744495e-09	-3.4238514e-08	0.9523037	-1.9265955e-17	0.20713283
9.775491271310986e-10	2.2715938e-08	-2.8180931e-08	0.9232201	-1.9362528e-17	0.22093034
9.80017859961654e-10	3.1802312e-08	-1.5670704e-08	0.8877535	-1.9591814e-17	0.23566213
9.825359933767565e-10	3.4501888e-08	-3.094635e-09	0.85667753	-1.9815863e-17	0.22393833
9.850049486974153e-10	3.1934e-08	9.292135e-09	0.83316994	-1.996981e-17	0.20766777
9.875232470377197e-10	2.4065725e-08	1.927151e-08	0.8148809	-2.0061683e-17	0.20448157
9.900409884545798e-10	1.3728328e-08	2.4246795e-08	0.80176616	-2.0107182e-17	0.20728841
9.925094839752533e-10	4.946478e-09	2.3740624e-08	0.79345363	-2.012521e-17	0.21114065
9.95027463750429e-10	-1.2880595e-09	1.9942288e-08	0.7889342	-2.0129975e-17	0.21239462
9.975454612841456e-10	-4.7736393e-09	1.549375e-08	0.7876805	-2.0129606e-17	0.21325698
1.0000140653752662e-09	-5.8600533e-09	1.0106946e-08	0.7890618	-2.0128846e-17	0.21297406
1.002532043714791e-09	-4.839482e-09	6.785975e-09	0.7924873	-2.0129766e-17	0.2133803
1.0050006896503767e-09	-3.753068e-09	5.530837e-09	0.7972579	-2.0133015e-17	0.21435677
1.00751871359316e-09	-2.732497e-09	4.4403072e-09	0.80319124	-2.013871e-17	0.21378635
1.0100367570327815e-09	-2.2386721e-09	3.44237e-09	0.80989856	-2.0146404e-17	0.21581121
1.0125054377514793e-09	-1.5143958e-09	3.576114e-09	0.81689674	-2.0155301e-17	0.21592419
1.0150234853174543e-09	-3.950598e-10	3.1522478e-09	0.8241367	-2.0165064e-17	0.21747552
1.0175415308605275e-09	4.938247e-10	2.6995752e-09	0.8312232	-2.0174801e-17	0.21848866
1.0200101768958638e-09	9.876494e-10	3.5884598e-09	0.8378584	-2.0183738e-17	0.21883626
1.0225281988675573e-09	4.609031e-10	3.917676e-09	0.84420794	-2.0191758e-17	0.22038622
1.0250462237077562e-09	1.1357969e-09	4.7407176e-09	0.85008323	-2.0198341e-17	0.21992251
1.0275148635350095e-09	6.255113e-10	4.4773443e-09	0.8553749	-2.0203205e-17	0.221551
1.0300328553573108e-09	8.888845e-10	4.5761093e-09	0.86032724	-2.0206452e-17	0.22099996
1.0325014974414888e-09	9.547279e-10	4.8065605e-09	0.8648084	-2.020793e-17	0.22199702
1.0350194885373691e-09	1.6131608e-09	6.2221917e-09	0.8690786	-2.0207682e-17	0.22184266
1.0375374894084322e-09	4.938247e-10	6.617251e-09	0.87312955	-2.0205667e-17	0.21986759
1.0400061040550577e-09	-7.901196e-10	5.79421e-09	0.8769655	-2.0201972e-17	0.21828702
1.0425240913155702e-09	-1.3168659e-10	5.9258967e-09	0.8808135	-2.0196407e-17	0.21718028
1.0450420991003482e-09	-4.2798143e-10	6.4526433e-09	0.8846668	-2.0188914e-17	0.21560459
1.0475107139746087e-09	-1.9094557e-09	7.901195e-09	0.8885185	-2.0179524e-17	0.2152993
1.050028728549502e-09	-3.8847547e-09	6.9793895e-09	0.89259565	-2.0167582e-17	0.21382654
1.0525467308456304e-09	-4.938247e-09	6.4526433e-09	0.8969013	-2.0152851e-17	0.21406403
1.0550153740170387e-09	-5.8600533e-09	6.1234267e-09	0.901428	-2.0135187e-17	0.2132995
1.0575334001483962e-09	-7.242763e-09	5.333307e-09	0.9064508	-2.0113188e-17	0.2133333
1.060002052728458e-09	-8.329177e-09	5.2016205e-09	0.9118731	-2.0086847e-17	0.21395542
1.0625200921755991e-09	-1.0666614e-08	3.555538e-09	0.9180187	-2.0054005e-17	0.2141165
1.0650381411641304e-09	-1.32674245e-08	1.7119257e-09	0.92488277	-2.001376e-17	0.21452174
1.0675068295077567e-09	-1.5111036e-08	-1.9752988e-09	0.9323647	-1.9965433e-17	0.21542591
1.0700249029779705e-09	-1.5308567e-08	-7.111076e-09	0.94072014	-1.9904664e-17	0.21653537
1.0725429801178932e-09	-1.4090466e-08	-1.27736e-08	0.94955236	-1.982814e-17	0.21568759
1.075011707408286e-09	-1.0600771e-08	-1.896287e-08	0.9580202	-1.9730132e-17	0.21581648
1.0775298192905749e-09	-3.5884598e-09	-2.5810573e-08	0.96491146	-1.9593672e-17	0.21228829
1.0800479358316486e-09	6.765399e-09	-3.1341408e-08	0.96652895	-1.9416215e-17	0.20482737
1.0825166829291113e-09	2.0691257e-08	-3.0287918e-08	0.9568593	-1.927586e-17	0.20471773
1.085034801060081e-09	3.3810533e-08	-1.9094557e-08	0.9310828	-1.9322284e-17	0.21765584
1.0875035387210674e-09	3.7662367e-08	-2.436202e-09	0.89600796	-1.9533981e-17	0.23242532
1.0900216447834893e-09	3.397514e-08	1.0995831e-08	0.86317044	-1.97694e-17	0.23102511
1.0925399155352185e-09	2.6008102e-08	2.1991662e-08	0.8377567	-1.9942355e-17	0.20936772
1.09500891433761e-09	1.4057544e-08	2.8304388e-08	0.8186406	-2.0045318e-17	0.20509182
1.0975267361759934e-09	2.9629483e-09	2.7929904e-08	0.80436796	-2.0099685e-17	0.2069435
1.1000445472429967e-09	-5.29627e-09	2.3987536e-08	0.79489917	-2.0122806e-17	0.21077572
1.102513140651483e-09	-1.003493e-08	1.7806496e-08	0.78966725	-2.0129571e-17	0.2118777
1.1050311484375708e-09	-1.139089e-08	1.0349743e-08	0.78771055	-2.0129849e-17	0.21319559
1.107549119015543e-09	-1.0139868e-08	4.3168513e-09	0.7885745	-2.0128914e-17	0.2131026
1.1100177062224034e-09	-7.143998e-09	1.7078106e-09	0.79154676	-2.0129348e-17	0.21304622
1.112535714672614e-09	-4.59257e-09	8.5081886e-10	0.79612815	-2.013211e-17	0.21424073
1.1150043541964735e-09	-3.0617133e-09	1.508223e-09	0.8017363	-2.0137193e-17	0.21406657
1.1175223990969337e-09	-2.8641833e-09	1.9094557e-09	0.8082933	-2.0144473e-17	0.21558592
1.1200404509685343e-09	-2.0740638e-09	1.2057554e-09	0.8153646	-2.0153298e-17	0.21531184
1.1225091248751962e-09	-1.2510226e-09	1.6337368e-09	0.8224654	-2.0162779e-17	0.2174407
1.1250271722723305e-09	-8.888845e-10	1.5637783e-09	0.8296054	-2.0172581e-17	0.21788453
1.1275451901166376e-09	3.292165e-10	2.3045155e-09	0.83645517	-2.018188e-17	0.21905772
1.1300138442142611e-09	6.255113e-10	3.0617133e-09	0.8427781	-2.019002e-17	0.22004543
1.132531857831705e-09	5.925897e-10	2.9135658e-09	0.8487655	-2.0196955e-17	0.22029379
1.1350004936419913e-09	5.925897e-10	4.0822843e-09	0.8541653	-2.02022e-17	0.22132738
1.1375185046514028e-09	2.3045155e-10	4.4444226e-09	0.8592171	-2.0205857e-17	0.22133254
1.1400365031235674e-09	2.7983402e-10	4.2798143e-09	0.86386675	-2.0207754e-17	0.22181475
1.14250511357016e-09	3.292165e-10	5.2016205e-09	0.868112	-2.0207898e-17	0.22204764
1.145023107174255e-09	-6.4197214e-10	5.135777e-09	0.87220633	-2.0206294e-17	0.22047755
1.1475411035481922e-09	-2.2057505e-09	5.267464e-09	0.87614363	-2.0202919e-17	0.21830077
1.1500097163502844e-09	-2.534967e-09	4.872404e-09	0.8799241	-2.0197861e-17	0.21759178
1.1525277114626033e-09	-2.5678886e-09	5.267464e-09	0.8837699	-2.019083e-17	0.21541588
1.1550457079940508e-09	-3.555538e-09	5.135777e-09	0.8876757	-2.018174e-17	0.21552517
1.1575143379424976e-09	-3.654303e-09	4.5431876e-09	0.89163387	-2.0170581e-17	0.21367648
1.1600323308911771e-09	-4.1481276e-09	4.872404e-09	0.8958792	-2.0156535e-17	0.21423261
1.1625009658834143e-09	-4.9053255e-09	3.9505976e-09	0.9003264	-2.0139682e-17	0.21281324
1.165018986440236e-09	-6.4197216e-09	3.6213814e-09	0.90524536	-2.0118685e-17	0.21366243
1.1675370011563161e-09	-7.835352e-09	2.5020452e-09	0.9106532	-2.0092993e-17	0.21373495
1.170005664532666e-09	-9.646043e-09	6.5843296e-11	0.91653425	-2.0062219e-17	0.21333161
1.172523709305622e-09	-1.0041103e-08	-2.5020452e-09	0.9232245	-2.0023829e-17	0.21383412
1.175041760123346e-09	-1.0666614e-08	-5.6625233e-09	0.93068314	-1.9976734e-17	0.21447611
1.1775104627038956e-09	-1.0106946e-08	-9.481435e-09	0.9387278	-1.9919947e-17	0.21578644
1.1800285421037898e-09	-7.901195e-09	-1.3827092e-08	0.9474897	-1.9847603e-17	0.21675527
1.1825466335004723e-09	-3.094635e-09	-1.8304437e-08	0.95626086	-1.9753834e-17	0.21593003
1.1850153637989278e-09	3.6213814e-09	-2.2123348e-08	0.96361023	-1.9629299e-17	0.2124749
1.1875334848267446e-09	1.3794171e-08	-2.3703587e-08	0.9669208	-1.945927e-17	0.20667732
1.1900022250466684e-09	2.5250904e-08	-2.0148049e-08	0.9604996	-1.9297192e-17	0.20329495
1.1925203473130111e-09	3.3843456e-08	-8.9546885e-09	0.93836725	-1.9291606e-17	0.21404074
1.195038449535973e-09	3.4073906e-08	6.847703e-09	0.9037599	-1.9481528e-17	0.22832108
1.1975071850254183e-09	2.7127438e-08	1.837028e-08	0.870081	-1.971932e-17	0.23431481
1.2000254003563064e-09	1.7119257e-08	2.4987532e-08	0.8430697	-1.9908732e-17	0.21294867
1.202543788365269e-09	5.333307e-09	2.6810568e-08	0.822331	-2.0027929e-17	0.20507629
1.205012360344435e-09	-3.6049206e-09	2.42756e-08	0.80722845	-2.0090531e-17	0.20662417
1.2075301327432753e-09	-1.038678e-08	1.8899083e-08	0.79669416	-2.0119355e-17	0.21013318
1.2100480546752672e-09	-1.3053434e-08	1.2273602e-08	0.7904976	-2.0128904e-17	0.21143481
1.2125166837985984e-09	-1.2551379e-08	6.0205463e-09	0.78789264	-2.0130036e-17	0.21306653
1.2150346696821426e-09	-1.05020055e-08	2.19752e-09	0.7881545	-2.0129066e-17	0.2132001
1.2175032586257313e-09	-7.4402924e-09	-6.58433e-10	0.79068905	-2.012906e-17	0.21270543
1.220021250954243e-09	-3.917676e-09	-1.8343531e-09	0.7949525	-2.0131247e-17	0.21404244
1.2225392691761685e-09	-1.777769e-09	-1.7397034e-09	0.8004443	-2.0135905e-17	0.21427493
1.225007933384025e-09	-2.6337318e-10	-8.6007806e-10	0.8067155	-2.0142629e-17	0.21520275
1.2275259626469376e-09	1.3168659e-10	-7.201611e-11	0.8136991	-2.015115e-17	0.21567422
1.2300440127172545e-09	9.547279e-10	-4.5267268e-10	0.82092994	-2.0160693e-17	0.2172345
1.2325126803248808e-09	9.876494e-10	6.58433e-10	0.8279714	-2.0170331e-17	0.21708234
1.2350306983818404e-09	1.4320917e-09	2.1481377e-09	0.8349009	-2.0179799e-17	0.21911505
1.2375487309786112e-09	1.1522577e-09	2.3045155e-09	0.8414468	-2.018836e-17	0.21957387
1.2400173754776792e-09	1.4485525e-09	2.8477225e-09	0.8474214	-2.019548e-17	0.22051272
1.2425353783358448e-09	1.3497876e-09	3.851833e-09	0.8530361	-2.0201203e-17	0.22099616
1.2450040013443939e-09	1.2510226e-09	4.0493626e-09	0.8580849	-2.0205165e-17	0.22154611
1.2475220080180694e-09	6.255113e-10	4.609031e-09	0.8628212	-2.0207473e-17	0.22152278
1.250039985661641e-09	0	4.6748743e-09	0.86721575	-2.0208007e-17	0.2221475
1.2525086123861045e-09	2.6337318e-10	4.8065605e-09	0.8712745	-2.020682e-17	0.22099751
1.2550266014610606e-09	-9.218062e-10	4.3456576e-09	0.8752412	-2.020386e-17	0.21822701
1.2575445894591671e-09	-1.5143958e-09	4.3456576e-09	0.87910944	-2.0199105e-17	0.21788564
1.2600131954579335e-09	-1.7119257e-09	3.2921648e-09	0.8828761	-2.0192635e-17	0.21586186
1.2625311894865892e-09	-1.4814742e-09	3.4238514e-09	0.8867614	-2.018404e-17	0.2156678
1.2650491705260659e-09	-1.3827093e-09	2.9629483e-09	0.8907631	-2.0173196e-17	0.21425615
1.2675177981781838e-09	-1.5473175e-09	3.2921648e-09	0.8948724	-2.0160054e-17	0.21425924
1.2700357973229387e-09	-2.5020452e-09	3.8189114e-09	0.8993359	-2.0143618e-17	0.21308513
1.2725044495312463e-09	-3.5884598e-09	3.358008e-09	0.904066	-2.0123934e-17	0.2137754
1.2750224799943209e-09	-4.6419526e-09	2.436202e-09	0.909351	-2.0099419e-17	0.21324545
1.2775405108894732e-09	-5.267464e-09	2.2386721e-09	0.91520804	-2.0069407e-17	0.21333753
1.280009169522955e-09	-6.0575833e-09	8.5596286e-10	0.92160755	-2.0033431e-17	0.21445034
1.282527218520996e-09	-6.4197216e-09	-5.2674637e-10	0.92888516	-1.9988525e-17	0.21523345
1.2850452900759297e-09	-6.3538783e-09	-2.1069855e-09	0.9369315	-1.9933268e-17	0.21548279
1.2875139958667099e-09	-6.650173e-09	-4.3456576e-09	0.94543004	-1.9865947e-17	0.21637551
1.2900320876644276e-09	-6.1234267e-09	-8.164569e-09	0.9542784	-1.9778019e-17	0.21585156
1.2925008141198627e-09	-3.8847547e-09	-1.237854e-08	0.96209663	-1.9662412e-17	0.2144481
1.2950189228162655e-09	9.711887e-10	-1.6329137e-08	0.96678257	-1.9501896e-17	0.20816153
1.2975370445825292e-09	8.927939e-09	-1.7119257e-08	0.9630516	-1.9324928e-17	0.20232433
1.3000057819933348e-09	1.6855884e-08	-1.3300346e-08	0.9449331	-1.9272243e-17	0.21030799
1.3025238909377024e-09	2.136615e-08	-3.555538e-09	0.9122747	-1.9426797e-17	0.22462575
1.305041988391018e-09	2.0543109e-08	5.333307e-09	0.8767912	-1.9670592e-17	0.23621649
1.3075107901353255e-09	1.5275646e-08	1.0995831e-08	0.8487127	-1.987121e-17	0.21697162
1.3100291670674029e-09	9.613121e-09	1.4787993e-08	0.82663953	-2.000604e-17	0.20525652
1.3125472522591998e-09	3.456773e-09	1.6106917e-08	0.8100791	-2.0080506e-17	0.2059027
1.3150156239949041e-09	-1.5143958e-09	1.4330176e-08	0.7987239	-2.0114893e-17	0.2091683
1.3175335279028239e-09	-5.261291e-09	1.0901181e-08	0.7915876	-2.0127756e-17	0.21140015
1.3200021441849435e-09	-5.9114935e-09	6.9999655e-09	0.7882334	-2.0130123e-17	0.21285051
1.322520125605557e-09	-5.613141e-09	3.3168561e-09	0.7878607	-2.0129281e-17	0.21325502
1.3250380949146508e-09	-3.4238514e-09	1.2798291e-09	0.7899826	-2.0128904e-17	0.21270035
1.3275066888604975e-09	-1.9135709e-09	8.3744445e-10	0.7938418	-2.0130519e-17	0.21378385
1.330024699404255e-09	-8.724237e-10	1.0154271e-09	0.7990798	-2.0134613e-17	0.21438506
1.332542730057311e-09	6.58433e-10	1.1378545e-09	0.8052989	-2.0141014e-17	0.21472436
1.33501139716396e-09	7.571979e-10	1.3394996e-09	0.81204623	-2.014906e-17	0.21585129
1.337529441581216e-09	1.3827093e-09	1.9053403e-09	0.81924945	-2.015843e-17	0.21682121
1.3400474801302614e-09	1.316866e-09	2.4238564e-09	0.8264632	-2.0168258e-17	0.21718305
1.3425161348441981e-09	1.1193361e-09	2.2386721e-09	0.83332556	-2.017767e-17	0.21897624
1.3450341522309931e-09	9.876494e-10	2.3209763e-09	0.8399687	-2.0186481e-17	0.21888348
1.3475027995755499e-09	1.876534e-09	2.5678886e-09	0.8460509	-2.019393e-17	0.22056912
1.3500208116271883e-09	2.0411421e-09	3.9505976e-09	0.85177785	-2.0200027e-17	0.22052306
1.3525388101406334e-09	1.5143958e-09	3.4238514e-09	0.8570287	-2.020445e-17	0.22163208
1.3550074326266035e-09	1.1851794e-09	3.456773e-09	0.8617572	-2.0207096e-17	0.22111495
1.3575254219103557e-09	7.571979e-10	3.1934e-09	0.86622334	-2.0208044e-17	0.22215886
1.3600434165301441e-09	2.6337318e-10	4.016441e-09	0.87041324	-2.0207223e-17	0.22139226
1.3625120201345612e-09	-5.2674637e-10	3.9505976e-09	0.87433344	-2.02047e-17	0.21892823
1.365030004086913e-09	-3.292165e-10	3.4896948e-09	0.87821794	-2.0200371e-17	0.2181174
1.3675479954380911e-09	-5.2674637e-10	3.1604783e-09	0.8820598	-2.0194194e-17	0.21644492
1.3700166122932238e-09	-1.1193361e-09	2.9629483e-09	0.8858535	-2.0186223e-17	0.21570681
1.3725346076311647e-09	-1.777769e-09	3.358008e-09	0.8898215	-2.0175926e-17	0.21477358
1.375003235720753e-09	-1.9094557e-09	2.897105e-09	0.89388037	-2.0163408e-17	0.2141541
1.3775212299347424e-09	-2.3703588e-09	2.7654186e-09	0.89827263	-2.0147726e-17	0.21361436
1.3800392356261738e-09	-2.436202e-09	2.633732e-09	0.90300816	-2.0128527e-17	0.21370432
1.3825078914896225e-09	-4.016441e-09	2.3045155e-09	0.9080793	-2.0105548e-17	0.21253991
1.3850259119893436e-09	-4.6748743e-09	1.1193361e-09	0.9137941	-2.0076913e-17	0.21382317
1.3875439462015465e-09	-5.2016205e-09	3.950598e-10	0.9201631	-2.0041834e-17	0.21459089
1.390012619623543e-09	-5.9258967e-09	-8.5596286e-10	0.9271289	-1.9999765e-17	0.21531464
1.392530683317528e-09	-6.18927e-09	-2.5678886e-09	0.93500227	-1.9947138e-17	0.21604185
1.3950487569138792e-09	-5.892975e-09	-4.4773443e-09	0.9435551	-1.9881845e-17	0.21575719
1.3975174771942647e-09	-5.2016205e-09	-6.5843295e-09	0.9522532	-1.9800601e-17	0.21665491
1.4000355695508014e-09	-3.4238514e-09	-1.0271554e-08	0.9605648	-1.9690606e-17	0.21473499
1.4025043014904928e-09	8.888845e-10	-1.3300346e-08	0.9662051	-1.9542984e-17	0.21034452
1.4050224210083873e-09	7.086385e-09	-1.4353839e-08	0.9650421	-1.9361747e-17	0.20388366
1.4075405390073266e-09	1.4090466e-08	-1.1917637e-08	0.9502215	-1.9265505e-17	0.20734923
1.4100092710025458e-09	1.8929947e-08	-4.609031e-09	0.92064005	-1.9376931e-17	0.22162503
1.412527361771888e-09	1.777769e-08	3.555538e-09	0.88453764	-1.9614749e-17	0.23514132
1.415045514152502e-09	1.4617212e-08	9.086375e-09	0.85418516	-1.9833424e-17	0.22164889
1.4175144771603985e-09	9.613121e-09	1.3456724e-08	0.8312422	-1.998087e-17	0.20716444
1.4200327206033617e-09	3.917676e-09	1.47735895e-08	0.8134525	-2.006753e-17	0.20455876
1.4225010593183512e-09	-9.464974e-10	1.3166602e-08	0.8009966	-2.0109245e-17	0.20781054
1.4250189247614138e-09	-3.736607e-09	1.0168674e-08	0.79287815	-2.0126065e-17	0.2112467
1.4275369107452268e-09	-4.467056e-09	7.0616935e-09	0.78868973	-2.0130057e-17	0.21255742
1.4300055261790392e-09	-3.8847547e-09	4.2798143e-09	0.78770155	-2.012953e-17	0.21326487
1.4325234919160117e-09	-2.9629483e-09	2.1028703e-09	0.78930426	-2.0128841e-17	0.21290608
1.4350414628500458e-09	-1.5143958e-09	1.0349743e-09	0.7928861	-2.0129968e-17	0.21350889
1.4375100912540475e-09	-3.6213813e-10	1.233533e-09	0.7977677	-2.0133445e-17	0.2143845
1.4400281149047332e-09	4.938247e-10	1.3703636e-09	0.803786	-2.013935e-17	0.21407805
1.4425461588369921e-09	9.876494e-10	1.4485525e-09	0.8105484	-2.0147198e-17	0.21585602
1.4450148232796424e-09	7.901196e-10	1.3127507e-09	0.81756884	-2.0156191e-17	0.21621749
1.4475328597930539e-09	8.230412e-10	1.218101e-09	0.82480395	-2.0165977e-17	0.21743241
1.4500015251069355e-09	9.876494e-10	2.2386721e-09	0.83173066	-2.0175494e-17	0.21863712
1.4525195457448151e-09	1.3827093e-09	2.0246813e-09	0.8384664	-2.0184532e-17	0.21869098
1.455037558286326e-09	2.3703588e-09	2.2057505e-09	0.8447735	-2.0192433e-17	0.22047427
1.4575061952933515e-09	2.6666536e-09	3.3909298e-09	0.85049397	-2.0198758e-17	0.21992415
1.4600241948082098e-09	1.8106907e-09	4.0822843e-09	0.8558525	-2.0203577e-17	0.22160116
1.4625421788259009e-09	9.876494e-10	3.8847547e-09	0.86076593	-2.0206664e-17	0.2208343
1.4650108122127476e-09	1.4485525e-09	3.7859897e-09	0.865216	-2.020798e-17	0.22206524
1.4675288053066805e-09	1.316866e-09	3.8189114e-09	0.8694624	-2.020757e-17	0.22173293
1.4700467771120087e-09	1.2510226e-09	3.555538e-09	0.873497	-2.0205392e-17	0.21959767
1.4725153882524463e-09	1.1522577e-09	4.0822843e-09	0.87732416	-2.0201536e-17	0.21825674
1.4750333693148285e-09	6.255113e-10	3.8189114e-09	0.8811695	-2.0195795e-17	0.21698934
1.4775019808461818e-09	-4.609031e-10	4.7407176e-09	0.88495076	-2.0188287e-17	0.21564499
1.4800199681636074e-09	-2.6337318e-10	4.938247e-09	0.88888913	-2.0178522e-17	0.21517204
1.482537962535612e-09	-1.0534927e-09	4.938247e-09	0.89298415	-2.0166339e-17	0.21394783
1.4850065959393067e-09	-1.5143958e-09	4.7407176e-09	0.8972275	-2.0151648e-17	0.21398097
1.4875246092945954e-09	-1.9094557e-09	5.0040905e-09	0.901875	-2.0133328e-17	0.21344954
1.4900426245901208e-09	-2.3374371e-09	5.464994e-09	0.9069409	-2.0110911e-17	0.21313642
1.4925112821486399e-09	-3.6872247e-09	4.5431876e-09	0.91241527	-2.0084076e-17	0.21397872
1.4950293237445807e-09	-4.609031e-09	4.872404e-09	0.9186237	-2.005061e-17	0.21433127
1.49754736012327e-09	-6.3209566e-09	4.7407176e-09	0.9255583	-2.0009597e-17	0.21486251
1.5000160377794176e-09	-8.855923e-09	3.0287917e-09	0.9331106	-1.9960331e-17	0.21576054
1.502534106256644e-09	-1.08970655e-08	3.292165e-10	0.94152546	-1.9898316e-17	0.21654925
1.505002812715961e-09	-1.1720107e-08	-3.9505976e-09	0.95020235	-1.9821746e-17	0.21578783
1.507520901822236e-09	-1.1917637e-08	-9.218062e-09	0.95876795	-1.9719256e-17	0.2152753
1.5100390078980514e-09	-9.1522185e-09	-1.5539019e-08	0.9653607	-1.9578703e-17	0.21189101
1.512507751704032e-09	-3.5390773e-09	-2.2123348e-08	0.96627975	-1.9402785e-17	0.20455934
1.5150258703186652e-09	5.7612883e-09	-2.4493707e-08	0.95514613	-1.9270431e-17	0.20478018
1.517543983071591e-09	1.7004032e-08	-2.0806482e-08	0.92799616	-1.9337354e-17	0.21896636
1.5200127130759072e-09	2.3835273e-08	-1.1325047e-08	0.8926695	-1.9557169e-17	0.23362632
1.5225308210085344e-09	2.5283827e-08	-1.5802392e-09	0.86052334	-1.9788438e-17	0.22851455
1.5250491261872293e-09	2.2979311e-08	7.497905e-09	0.83571935	-1.9954741e-17	0.20804758
1.5275180848073928e-09	1.7185101e-08	1.4699516e-08	0.8171022	-2.0052183e-17	0.20491818
1.5300358479363816e-09	1.0008181e-08	1.8444354e-08	0.80329615	-2.010287e-17	0.2069554
1.5325043172315494e-09	2.7407272e-09	1.8351761e-08	0.79438	-2.012371e-17	0.21092324
1.5350222788826585e-09	-1.4650133e-09	1.4580175e-08	0.7893525	-2.0129768e-17	0.21210574
1.5375402726208023e-09	-3.5390773e-09	1.1069904e-08	0.78768075	-2.0129756e-17	0.21322714
1.540008870090349e-09	-3.736607e-09	8.222182e-09	0.78873163	-2.0128884e-17	0.21306314
1.5425268225958102e-09	-4.213971e-09	6.609021e-09	0.79191345	-2.0129498e-17	0.2131818
1.545044815134051e-09	-3.8847547e-09	4.9680824e-09	0.79661584	-2.0132494e-17	0.21430016
1.5475134786507327e-09	-2.8641833e-09	3.2263217e-09	0.80231327	-2.0137785e-17	0.21394026
1.5500315059180946e-09	-2.5678886e-09	2.5493703e-09	0.8089325	-2.0145238e-17	0.21569538
1.5525001919860486e-09	-9.547279e-10	1.6337368e-09	0.8158921	-2.0153983e-17	0.21543206
1.5550182172576765e-09	3.6213813e-10	2.0102782e-09	0.8231349	-2.0163692e-17	0.2174791
1.5575362407526438e-09	7.571979e-10	2.1069855e-09	0.83025455	-2.0173474e-17	0.21815045
1.5600048849081806e-09	1.0041102e-09	2.3868196e-09	0.83694077	-2.0182525e-17	0.21899983
1.5625229106779722e-09	8.5596286e-10	2.3703588e-09	0.8433532	-2.0190723e-17	0.22020347
1.5650409201045457e-09	2.057603e-09	2.5020452e-09	0.8492958	-2.0197519e-17	0.22016336
1.5675095542539971e-09	2.0082205e-09	3.654303e-09	0.8546521	-2.0202613e-17	0.22143324
1.57002754830543e-09	2.2386721e-09	4.213971e-09	0.85966355	-2.0206107e-17	0.22121358
1.5725455388104995e-09	1.1851794e-09	5.135777e-09	0.86428	-2.0207839e-17	0.22189982
1.5750141500941904e-09	1.0041102e-09	4.8065605e-09	0.86850005	-2.0207822e-17	0.2219778
1.5775321299703239e-09	9.547279e-10	5.333307e-09	0.87257653	-2.0206054e-17	0.22024468
1.5800007381037541e-09	6.58433e-10	5.135777e-09	0.8764271	-2.0202603e-17	0.21830408
1.5825187219413533e-09	2.6337318e-10	5.5966805e-09	0.8802798	-2.019729e-17	0.21743849
1.5850367053090122e-09	-2.3045155e-10	5.6625233e-09	0.8841282	-2.0190079e-17	0.2155023
1.5875053193932873e-09	-1.1193361e-09	6.18927e-09	0.8879652	-2.0180987e-17	0.21545771
1.59002332110406e-09	-1.9423774e-09	5.530837e-09	0.892017	-2.0169396e-17	0.21361098
1.5925413260555424e-09	-2.6666536e-09	5.7283667e-09	0.896286	-2.0155084e-17	0.21418269
1.5950099550033457e-09	-2.897105e-09	6.4526433e-09	0.9007643	-2.0137907e-17	0.2130265
1.5975279654219381e-09	-4.839482e-09	6.847703e-09	0.90572417	-2.0116518e-17	0.21355727
1.6000459873055448e-09	-6.9793895e-09	5.79421e-09	0.9111827	-2.009034e-17	0.2138594
1.6025146392471596e-09	-8.065804e-09	4.2798143e-09	0.9171232	-2.0058983e-17	0.21368632
1.6050326838451866e-09	-1.0534928e-08	2.3703588e-09	0.92388254	-2.0019859e-17	0.21386361
1.6075013641322953e-09	-1.1720107e-08	-4.609031e-10	0.9312583	-1.9972898e-17	0.2147101
1.610019420110109e-09	-1.257607e-08	-3.8847547e-09	0.93952084	-1.9913933e-17	0.2161986
1.6125374977348107e-09	-1.2839443e-08	-8.427942e-09	0.94831437	-1.983996e-17	0.21650985
1.6150062130218162e-09	-1.0929988e-08	-1.4551369e-08	0.95687336	-1.974585e-17	0.2160677
1.6175243232606895e-09	-6.847703e-09	-2.1596602e-08	0.96415883	-1.9615359e-17	0.21245569
1.6200424317118629e-09	1.8518427e-09	-2.7785871e-08	0.966833	-1.9442028e-17	0.20599246
1.6225111701063848e-09	1.4633673e-08	-2.8971051e-08	0.9591533	-1.9287413e-17	0.2028043
1.625029289229539e-09	2.7687106e-08	-2.1333229e-08	0.93553436	-1.9302604e-17	0.21607687
1.6275474001900359e-09	3.4008064e-08	-6.9793895e-09	0.90036017	-1.9504265e-17	0.23086965
1.630016121866297e-09	3.2789963e-08	5.3991505e-09	0.86726683	-1.9739754e-17	0.2335756
1.6325343601707908e-09	2.7423733e-08	1.5868235e-08	0.8409073	-1.9922635e-17	0.21167523
1.6350033682835512e-09	1.8436124e-08	2.3748854e-08	0.82103354	-2.003419e-17	0.20515122
1.6375212384136554e-09	7.4402924e-09	2.6279706e-08	0.80605364	-2.0094404e-17	0.2068048
1.6400390312392444e-09	-1.497935e-09	2.3766344e-08	0.79594916	-2.0120849e-17	0.21042502
1.642507608366371e-09	-7.065809e-09	1.876534e-08	0.79019415	-2.0129172e-17	0.21147966
1.6450255981102518e-09	-9.452628e-09	1.2444383e-08	0.78780115	-2.0129975e-17	0.21312712
1.6475435613731277e-09	-8.888845e-09	7.226302e-09	0.78830767	-2.0128997e-17	0.2131663
1.6500121594325215e-09	-7.209841e-09	3.353893e-09	0.7910214	-2.0129159e-17	0.21284175
1.6525301413769485e-09	-4.9053255e-09	1.6090456e-09	0.7954148	-2.0131574e-17	0.21412967
1.6550481674097794e-09	-2.897105e-09	1.4074005e-09	0.8010035	-2.0136456e-17	0.214197
1.6575168259238202e-09	-1.7942299e-09	1.7530778e-09	0.8073425	-2.0143353e-17	0.21537377
1.6600348603594365e-09	-1.1193361e-09	1.5432022e-09	0.8143635	-2.0152006e-17	0.21555191
1.6625035082453825e-09	1.975299e-10	1.5946423e-09	0.82145876	-2.0161407e-17	0.2173252
1.6650215460249037e-09	1.0864144e-09	1.7942299e-09	0.8286262	-2.0171234e-17	0.2174269
1.6675395775842788e-09	1.4485525e-09	2.7983402e-09	0.8355246	-2.0180638e-17	0.21911585
1.6700082199921468e-09	1.3827093e-09	3.2921648e-09	0.8419073	-2.0188936e-17	0.21975358
1.6725262338440108e-09	1.3827093e-09	4.510266e-09	0.84796166	-2.0196084e-17	0.2204443
1.67504423802882e-09	1.6625432e-09	4.7736393e-09	0.85353154	-2.0201648e-17	0.22115543
1.6775128547507696e-09	1.2839443e-09	5.0040905e-09	0.85853994	-2.020545e-17	0.22147557
1.6800308503267824e-09	6.58433e-10	5.563759e-09	0.8632411	-2.0207596e-17	0.22165242
1.6825488374576297e-09	0	5.267464e-09	0.86760837	-2.0207971e-17	0.22211447
1.685017447734923e-09	-2.3045155e-10	5.0040905e-09	0.8716479	-2.0206621e-17	0.22080138
1.6875354281446813e-09	-8.888845e-10	4.016441e-09	0.87560225	-2.0203494e-17	0.21826747
1.6900040435220601e-09	-6.58433e-10	4.4773443e-09	0.87938994	-2.0198688e-17	0.21779324
1.6925220174268501e-09	-1.0864144e-09	5.0040905e-09	0.8832329	-2.0191929e-17	0.21558201
1.6950400046756103e-09	-1.876534e-09	5.8600533e-09	0.88712597	-2.0183136e-17	0.21562351
1.6975086312410385e-09	-2.436202e-09	5.530837e-09	0.89106154	-2.0172311e-17	0.21406795
1.7000266217038699e-09	-3.456773e-09	4.938247e-09	0.89527285	-2.0158666e-17	0.21426484
1.7025446325519772e-09	-3.8847547e-09	5.3991505e-09	0.8997662	-2.014192e-17	0.2128265
1.7050132713704027e-09	-4.7736393e-09	5.333307e-09	0.90453416	-2.0121868e-17	0.21375489
1.7075312925916768e-09	-6.3209566e-09	4.4773443e-09	0.9098674	-2.0096887e-17	0.21347037
1.710049320697258e-09	-8.065804e-09	3.6872247e-09	0.9157829	-2.0066308e-17	0.2130448
1.7125179830753331e-09	-9.810651e-09	1.8436124e-09	0.9222486	-2.0029649e-17	0.21426427
1.7150360298653034e-09	-1.0864144e-08	-5.2674637e-10	0.9295984	-1.9983883e-17	0.21501565
1.7175047290624783e-09	-1.1325047e-08	-3.9505976e-09	0.93754613	-1.9928758e-17	0.2151134
1.7200228082920974e-09	-1.178595e-08	-7.637823e-09	0.9462517	-1.9858749e-17	0.21669151
1.7225409011222957e-09	-9.876494e-09	-1.3300346e-08	0.9550765	-1.9768561e-17	0.21516812
1.7250096141844819e-09	-5.2016205e-09	-1.856781e-08	0.96272343	-1.9649484e-17	0.21385096
1.7275277193853729e-09	1.958838e-09	-2.396696e-08	0.96689546	-1.9485002e-17	0.20751014
1.7300458328438702e-09	1.237854e-08	-2.594226e-08	0.9620272	-1.9311992e-17	0.2029046
1.7325145712269472e-09	2.4230333e-08	-2.0411422e-08	0.9424045	-1.9278524e-17	0.21271756
1.7350326791127745e-09	3.1440173e-08	-7.637823e-09	0.90888005	-1.9448197e-17	0.22676852
1.7375014075660609e-09	2.9892856e-08	5.333307e-09	0.87444174	-1.9687638e-17	0.23516229
1.7400196092291976e-09	2.5415513e-08	1.5999921e-08	0.8464179	-1.988667e-17	0.21444781
1.7425379899531532e-09	1.6131608e-08	2.273034e-08	0.8248837	-2.0015162e-17	0.20470865
1.7450066329711606e-09	5.7283667e-09	2.4925804e-08	0.80907345	-2.0084145e-17	0.20620158
1.7475243681992394e-09	-2.115216e-09	2.2115117e-08	0.7978846	-2.0116808e-17	0.20959644
1.750042299055654e-09	-7.934117e-09	1.6440248e-08	0.7911287	-2.0128274e-17	0.21142542
1.7525109194527443e-09	-9.2016e-09	1.0596656e-08	0.78807783	-2.0130105e-17	0.21294867
1.755028891597886e-09	-8.148108e-09	6.1440026e-09	0.78796226	-2.0129189e-17	0.21323812
1.757546858500441e-09	-7.0781545e-09	3.4156211e-09	0.79028124	-2.0128959e-17	0.21260263
1.760015449361153e-09	-5.366229e-09	1.9547228e-09	0.79427725	-2.0130793e-17	0.21389367
1.7625334589700754e-09	-3.1604783e-09	7.5102513e-10	0.79961854	-2.0135113e-17	0.21435453
1.7650021283847187e-09	-2.4691236e-09	4.09463e-10	0.80578285	-2.0141562e-17	0.21490164
1.7675201568767629e-09	-1.8436124e-09	3.0658284e-10	0.8127045	-2.0149888e-17	0.21580285
1.7700381986598786e-09	-9.876494e-10	3.6419573e-10	0.8199208	-2.0159331e-17	0.21700954
1.7725068531469048e-09	3.6213813e-10	6.213961e-10	0.82698303	-2.016897e-17	0.2170627
1.775024871817689e-09	1.777769e-09	1.5802392e-09	0.8339571	-2.0178527e-17	0.21905635
1.7775428848554038e-09	2.3374371e-09	2.3209763e-09	0.84056187	-2.0187237e-17	0.21918194
1.7800115491505955e-09	1.8106907e-09	3.2592433e-09	0.84660137	-2.019456e-17	0.22056612
1.7825295442586642e-09	1.7942299e-09	3.3250864e-09	0.8522834	-2.020051e-17	0.22071835
1.7850475349196707e-09	1.8106907e-09	3.8847547e-09	0.8574918	-2.0204772e-17	0.2216074
1.7875161511569852e-09	9.218062e-10	4.3785793e-09	0.8621843	-2.0207256e-17	0.22129263
1.790034139652861e-09	-1.3168659e-10	5.069934e-09	0.8666213	-2.020804e-17	0.22216643
1.7925027568295545e-09	-9.218062e-10	4.872404e-09	0.87071025	-2.0207094e-17	0.22126547
1.7950207310689895e-09	-1.4814742e-09	4.1481276e-09	0.8746967	-2.0204376e-17	0.21861404
1.7975387121063261e-09	-1.2510226e-09	3.555538e-09	0.87857413	-2.019988e-17	0.21803614
1.8000073251645517e-09	-1.0534927e-09	3.4896948e-09	0.88234025	-2.0193667e-17	0.21625389
1.8025253172444668e-09	-1.3827093e-09	3.358008e-09	0.88621545	-2.0185368e-17	0.21570346
1.8050433078599788e-09	-1.6131608e-09	3.1604783e-09	0.8901962	-2.0174854e-17	0.21458137
1.8075119273329675e-09	-2.0411421e-09	3.2921648e-09	0.8942748	-2.0162087e-17	0.21421185
1.8100299260910682e-09	-2.7983402e-09	3.094635e-09	0.89869493	-2.014611e-17	0.21342309
1.8125479318282249e-09	-3.456773e-09	3.9505976e-09	0.903467	-2.0126548e-17	0.21375461
1.8150165779564783e-09	-4.2468926e-09	3.555538e-09	0.9085834	-2.0103134e-17	0.21283782
1.817534613730741e-09	-6.0575833e-09	3.2263217e-09	0.9143544	-2.0073956e-17	0.2136703
1.8200032686226361e-09	-7.967039e-09	2.5020452e-09	0.92065585	-2.0038986e-17	0.21458529
1.8225213169473608e-09	-8.658394e-09	6.5843296e-11	0.92782503	-1.9995343e-17	0.2153587
1.8250393773349974e-09	-8.823002e-09	-3.8189114e-09	0.9357682	-1.9941682e-17	0.21592197
1.8275080785232836e-09	-8.230412e-09	-6.4526433e-09	0.944198	-1.9876473e-17	0.2155352
1.8300261664958622e-09	-6.0575833e-09	-9.876494e-09	0.95306575	-1.9791767e-17	0.21654147
1.8325442596809566e-09	-3.2921648e-09	-1.3695406e-08	0.96124786	-1.967855e-17	0.21480127
1.8350129973292615e-09	1.6296217e-09	-1.7646004e-08	0.966483	-1.9526816e-17	0.20949557
1.8375311068534504e-09	9.481435e-09	-2.0411422e-08	0.9643428	-1.9346396e-17	0.20347673
1.8400492214830469e-09	1.9111017e-08	-1.6460824e-08	0.94800436	-1.9267116e-17	0.2095738
1.8425179593358848e-09	2.5678887e-08	-6.0575833e-09	0.9173315	-1.9396116e-17	0.22282846
1.8450360603840115e-09	2.4888767e-08	3.9505976e-09	0.88139486	-1.9637319e-17	0.23623762
1.8475048373404437e-09	2.1069855e-08	1.1259204e-08	0.85227007	-1.984678e-17	0.22022285
1.8500231877179883e-09	1.3761249e-08	1.7456705e-08	0.8293692	-1.9991329e-17	0.20650472
1.8525413673438e-09	5.234542e-09	1.9604842e-08	0.812073	-2.0072979e-17	0.20517111
1.8550097019248953e-09	-1.2345618e-09	1.7359996e-08	0.80005974	-2.0111657e-17	0.20840482
1.8575275962270784e-09	-5.432072e-09	1.2969072e-08	0.7923382	-2.0126813e-17	0.21132572
1.860045593738951e-09	-6.9629285e-09	8.609011e-09	0.78847337	-2.0130105e-17	0.2126978
1.8625141967008312e-09	-5.9752794e-09	4.4855746e-09	0.7877484	-2.0129429e-17	0.21326628
1.8650321537211506e-09	-4.1481276e-09	1.958838e-09	0.7895628	-2.0128853e-17	0.21283019
1.8675007569705326e-09	-2.5843494e-09	8.209836e-10	0.7932076	-2.0130148e-17	0.21360677
1.870018752862616e-09	-1.1934098e-09	7.0987305e-10	0.7982848	-2.0133899e-17	0.2143971
1.8725367995312314e-09	-4.2798143e-10	1.5041078e-09	0.80438536	-2.0140002e-17	0.21435088
1.8750054544515654e-09	1.6460824e-10	1.1481425e-09	0.8110613	-2.0147835e-17	0.21587077
1.8775234847787665e-09	5.5966803e-10	1.2798291e-09	0.8182395	-2.0157081e-17	0.216481
1.880041510924265e-09	9.547279e-10	1.8189211e-09	0.8254676	-2.0166888e-17	0.21735696
1.8825101691274896e-09	1.9752988e-09	1.8106907e-09	0.8323695	-2.0176366e-17	0.21879645
1.8850281793938237e-09	1.995875e-09	2.156368e-09	0.8390689	-2.0185316e-17	0.21851562
1.8875462083903984e-09	1.7695386e-09	2.5678886e-09	0.8453331	-2.0193093e-17	0.22053315
1.890014842615091e-09	1.777769e-09	2.9629483e-09	0.8510096	-2.0199276e-17	0.22018164
1.8925328391988736e-09	1.7119257e-09	2.9629483e-09	0.85632473	-2.0203936e-17	0.22162963
1.8950014602159087e-09	2.3045155e-09	2.897105e-09	0.86110836	-2.0206821e-17	0.22081335
1.89751944447586e-09	2.2386721e-09	4.2798143e-09	0.86561996	-2.0208016e-17	0.22211501
1.9000374341687164e-09	1.5473175e-09	4.1481276e-09	0.8698432	-2.0207443e-17	0.22160877
1.9025060392836107e-09	7.078154e-10	4.6419526e-09	0.8737851	-2.0205165e-17	0.21937649
1.9050240273811967e-09	1.1193361e-09	3.8847547e-09	0.87768114	-2.020108e-17	0.21821241
1.9075420161358466e-09	1.1851794e-09	3.555538e-09	0.8815247	-2.0195166e-17	0.2167827
1.9100106176356287e-09	1.3827093e-09	4.016441e-09	0.8853105	-2.0187477e-17	0.21568201
1.912528613405525e-09	6.58433e-10	4.3456576e-09	0.88926023	-2.0177503e-17	0.21502654
1.915046606428562e-09	-4.609031e-10	5.3991505e-09	0.8933736	-2.0165073e-17	0.2140503
1.9175152259014113e-09	-9.876494e-10	5.79421e-09	0.89764243	-2.0150103e-17	0.21385294
1.9200332404249214e-09	-2.2715938e-09	6.4526433e-09	0.90232444	-2.013144e-17	0.21357219
1.9225018762828964e-09	-3.9835193e-09	5.9258967e-09	0.9073293	-2.0109095e-17	0.21295543
1.925019900068691e-09	-5.7283667e-09	4.6748743e-09	0.91296136	-2.0081257e-17	0.2139543
1.9275379357770193e-09	-6.946468e-09	2.8312617e-09	0.91923326	-2.0047156e-17	0.21448395
1.9300066168785974e-09	-7.308606e-09	5.2674637e-10	0.9260939	-2.0006268e-17	0.21507011
1.932524667073051e-09	-8.131647e-09	-3.950598e-10	0.93386096	-1.9955143e-17	0.21597092
1.935042736897959e-09	-8.526707e-09	-2.3045155e-09	0.9423328	-1.989185e-17	0.21637885
1.937511450293927e-09	-8.7571586e-09	-5.530837e-09	0.95102286	-1.9813465e-17	0.2163247
1.9400295469799944e-09	-7.975269e-09	-1.0403241e-08	0.95949847	-1.9708081e-17	0.21444333
1.9425476530743344e-09	-4.609031e-09	-1.6329137e-08	0.9657622	-1.9563377e-17	0.21130781
1.9450163923438926e-09	1.5329142e-09	-2.0016362e-08	0.96587014	-1.9386065e-17	0.20428745
1.9475345085887838e-09	1.0337398e-08	-2.0279735e-08	0.9532901	-1.9266947e-17	0.2064736
1.9500032414746095e-09	1.9489615e-08	-1.3695406e-08	0.92551106	-1.9350195e-17	0.2191696
1.952521340079065e-09	2.2650093e-08	-3.9505976e-09	0.88938344	-1.958027e-17	0.23537274
1.9550394599140336e-09	2.2518408e-08	4.213971e-09	0.85794705	-1.980685e-17	0.22553831
1.9575083913560376e-09	1.797522e-08	1.1440273e-08	0.8341525	-1.996406e-17	0.20785327
1.960026706253748e-09	1.1259204e-08	1.5876465e-08	0.8156122	-2.0058607e-17	0.20465028
1.962544421601495e-09	4.938247e-09	1.7415552e-08	0.8022676	-2.0105803e-17	0.20693189
1.9650129035068935e-09	-6.5020256e-10	1.5510212e-08	0.79375464	-2.012474e-17	0.21107721
1.9675308671385586e-09	-3.497925e-09	1.1835333e-08	0.7890671	-2.0129915e-17	0.21230441
1.970048864275017e-09	-4.1481276e-09	8.6007805e-09	0.78767467	-2.012966e-17	0.21324965
1.97251744269299e-09	-4.0822843e-09	6.5802146e-09	0.7889469	-2.0128856e-17	0.2130062
1.9750354212398024e-09	-3.571999e-09	4.5843396e-09	0.79229224	-2.0129673e-17	0.21331471
1.9775040417201197e-09	-3.2263217e-09	3.2355807e-09	0.7970061	-2.0132807e-17	0.21433716
1.9800220554357787e-09	-1.8106907e-09	2.6789992e-09	0.8028958	-2.0138397e-17	0.21379226
1.9825400887473572e-09	-6.255113e-10	3.1275567e-09	0.80957437	-2.0146007e-17	0.2157792
1.9850087446528596e-09	-6.9135464e-10	2.627559e-09	0.8165604	-2.0154861e-17	0.21576695
1.9875267868619977e-09	7.2427625e-10	2.187232e-09	0.8238019	-2.0164602e-17	0.21748546
1.990044825374512e-09	8.888845e-10	2.534967e-09	0.83089983	-2.0174358e-17	0.21838306
1.9925134768341597e-09	1.1810641e-09	2.8312617e-09	0.8375523	-2.0183334e-17	0.21889886
1.995031483733314e-09	2.3374371e-09	3.5884598e-09	0.84392285	-2.0191413e-17	0.2203325
1.9975001194884453e-09	2.0082205e-09	4.4444226e-09	0.8497097	-2.0197956e-17	0.22004406
2e-09	1.0534927e-09	4.6748743e-09	0.8550966	-2.020298e-17	0.22151057
