# t (s)	mx ()	my ()	mz ()	E_total (J)	MaxAngle (rad)
0	1.4732437e-09	5.2674637e-10	0.9795359	-2.0725773e-17	0.26627246
2.518138641981781e-12	2.3374371e-09	9.0534535e-10	0.9727536	-2.0697392e-17	0.2454401
5.045618027644616e-12	2.436202e-09	1.8024603e-09	0.96664625	-2.0640122e-17	0.23371693
7.519764713816269e-12	1.9752988e-09	3.4896948e-09	0.9620848	-2.0560327e-17	0.22956309
1.004250142642021e-11	8.888845e-10	5.79421e-09	0.95959485	-2.0460504e-17	0.22961417
1.2514602267327133e-11	-2.2715938e-09	6.674864e-09	0.95953965	-2.0349816e-17	0.22873178
1.5035226617833734e-11	-5.99174e-09	6.3868e-09	0.96175236	-2.0224296e-17	0.22697707
1.7505752573483708e-11	-1.0666614e-08	3.8847547e-09	0.9656372	-2.0082936e-17	0.22567606
2.0025388691559182e-11	-1.3168659e-08	-2.436202e-09	0.97019243	-1.9906133e-17	0.22391632
2.2544802249127478e-11	-1.3234502e-08	-1.0008181e-08	0.97254455	-1.9677194e-17	0.21654704
2.501466588216536e-11	-9.086375e-09	-1.9621302e-08	0.9664469	-1.9432393e-17	0.2037317
2.753377864934394e-11	6.9135464e-10	-2.515214e-08	0.9433549	-1.9349687e-17	0.21345517
3.0003368441404635e-11	1.0864144e-08	-2.3703587e-08	0.906083	-1.9495765e-17	0.23084673
3.252230925757597e-11	1.856781e-08	-1.5473175e-08	0.86884993	-1.9714508e-17	0.24266753
3.5041192679337975e-11	2.416449e-08	-3.6872247e-09	0.8409135	-1.9898278e-17	0.21475682
3.751046562099982e-11	2.5843494e-08	4.7407176e-09	0.82012683	-2.0017054e-17	0.20533165
4.002875513818736e-11	2.4378481e-08	1.1703646e-08	0.80444705	-2.0081699e-17	0.20628396
4.2546688251074925e-11	1.9259165e-08	1.6329137e-08	0.7937873	-2.0109824e-17	0.2101629
4.5015393148977794e-11	1.3090471e-08	1.8304437e-08	0.7876025	-2.0118384e-17	0.21238077
4.7533569737039654e-11	6.609021e-09	1.7711846e-08	0.78483695	-2.0118753e-17	0.21389394
5.000235220502177e-11	2.8312617e-09	1.5275646e-08	0.7849659	-2.0117087e-17	0.21414933
5.252045374339835e-11	0	1.2790061e-08	0.787395	-2.011638e-17	0.2139557
5.503856457271417e-11	-8.065804e-10	1.078184e-08	0.79146683	-2.0117822e-17	0.21399668
5.7507309386906585e-11	-9.876494e-10	8.69543e-09	0.7965848	-2.0121493e-17	0.21542034
6.00254518866206e-11	-7.571979e-10	7.045233e-09	0.80264497	-2.0127243e-17	0.21506453
6.254361518466074e-11	-1.3168659e-10	5.6460627e-09	0.8092318	-2.0134468e-17	0.21732987
6.501240419177865e-11	-7.571979e-10	4.872404e-09	0.81585723	-2.014235e-17	0.21745065
6.753056365204823e-11	6.9135464e-10	3.849775e-09	0.8224863	-2.0150537e-17	0.21961272
7.004871454275991e-11	1.5473175e-09	2.3703588e-09	0.82877845	-2.0158287e-17	0.22023322
7.251749187828147e-11	2.8312617e-09	2.897105e-09	0.834498	-2.0165047e-17	0.22189467
7.503563437361209e-11	4.4773443e-09	3.555538e-09	0.83980453	-2.0170791e-17	0.2222527
7.750441613695465e-11	5.135777e-09	4.0658237e-09	0.84446436	-2.0175145e-17	0.22391096
8.002254470405848e-11	4.3621182e-09	3.9505976e-09	0.84867746	-2.017825e-17	0.22376595
8.254067285481752e-11	4.8065605e-09	3.555538e-09	0.8523942	-2.018004e-17	0.2250583
8.500943106243461e-11	4.7407176e-09	4.2468926e-09	0.85562485	-2.0180586e-17	0.22583556
8.752755346568494e-11	3.6872247e-09	5.0040905e-09	0.8585737	-2.0179996e-17	0.22568353
9.004568919538537e-11	3.4238514e-09	5.464994e-09	0.8612425	-2.0178351e-17	0.22626212
9.251442860409911e-11	3.3909298e-09	5.9258967e-09	0.8636443	-2.0175824e-17	0.22710814
9.503255883097907e-11	3.0617133e-09	6.748938e-09	0.8659238	-2.0172387e-17	0.22737773
9.750131037593739e-11	2.4526627e-09	7.111076e-09	0.86803156	-2.0168242e-17	0.22721532
1.0001941621105741e-10	2.1728288e-09	8.164569e-09	0.8700871	-2.0163249e-17	0.2265688
1.025375557801366e-10	2.0740638e-09	7.7695095e-09	0.8720778	-2.015749e-17	0.22547247
1.0500629752402848e-10	1.7119257e-09	8.691315e-09	0.87399226	-2.0151088e-17	0.22397484
1.0752442812987557e-10	4.938247e-10	7.835352e-09	0.87593067	-2.0143729e-17	0.2220203
1.1004255021024058e-10	9.876495e-11	8.427942e-09	0.8778763	-2.0135455e-17	0.22143108
1.1251131221418185e-10	-7.901196e-10	7.967039e-09	0.8798116	-2.0126338e-17	0.22071454
1.1502943300312047e-10	-8.888845e-10	7.4402924e-09	0.8818358	-2.0115853e-17	0.21946329
1.17547569340829e-10	-1.1193361e-09	8.230412e-09	0.8839339	-2.0103956e-17	0.21762712
1.2001631973984581e-10	-1.777769e-09	9.481435e-09	0.8860879	-2.0090642e-17	0.21761057
1.2253445240506158e-10	-3.5226164e-09	9.810651e-09	0.88841295	-2.0075018e-17	0.21698822
1.2500321025024916e-10	-4.938247e-09	9.744808e-09	0.8908511	-2.0057224e-17	0.21556613
1.2752134625206026e-10	-6.650173e-09	1.0205711e-08	0.89353997	-2.003591e-17	0.21512233
1.3003947525262487e-10	-8.460864e-09	1.0732458e-08	0.8964814	-2.0010526e-17	0.21483986
1.3250824903160337e-10	-1.0633692e-08	9.613121e-09	0.8996669	-1.9980553e-17	0.21315698
1.350263831718178e-10	-1.3102816e-08	8.7571586e-09	0.903292	-1.9943197e-17	0.21393521
1.375445307646086e-10	-1.557194e-08	7.835352e-09	0.90737516	-1.9896779e-17	0.21253623
1.4001331509914292e-10	-1.91604e-08	5.99174e-09	0.9119031	-1.9839479e-17	0.21359776
1.425314712024623e-10	-2.3703587e-08	2.5678886e-09	0.9171228	-1.9764725e-17	0.21339634
1.4500026759951029e-10	-2.8510147e-08	-2.633732e-09	0.9228355	-1.9669582e-17	0.21272236
1.4751842412645722e-10	-3.3613002e-08	-1.0403241e-08	0.92911226	-1.954162e-17	0.2130747
1.5003661187821682e-10	-3.776113e-08	-2.3045153e-08	0.93529296	-1.9369878e-17	0.21282257
1.525054300405209e-10	-3.9143842e-08	-3.976935e-08	0.93989813	-1.914291e-17	0.21169764
1.5502363799053531e-10	-3.4798184e-08	-6.156348e-08	0.9400164	-1.8842339e-17	0.2090302
1.5754185555983447e-10	-1.7794152e-08	-8.335761e-08	0.92982626	-1.8522609e-17	0.20958756
1.600107071767823e-10	1.5473175e-08	-9.3695014e-08	0.90458363	-1.8355015e-17	0.22707981
1.625289391936415e-10	5.333307e-08	-9.027116e-08	0.8685798	-1.8511468e-17	0.252739
1.650471577113142e-10	8.4016044e-08	-7.8748585e-08	0.8337608	-1.8919255e-17	0.21696027
1.6751607159078206e-10	1.0324229e-07	-4.155535e-08	0.8020514	-1.9291162e-17	0.20080148
1.7003465612249677e-10	1.02748466e-07	5.9588183e-09	0.7727505	-1.954912e-17	0.20048894
1.7250376389929862e-10	8.315185e-08	4.371995e-08	0.7483381	-1.9705695e-17	0.20529746
1.7502168278467936e-10	5.4979154e-08	6.29894e-08	0.7286959	-1.9799193e-17	0.20972273
1.7753972972674481e-10	2.6979292e-08	6.472396e-08	0.71449465	-1.9849347e-17	0.2115075
1.800084997100395e-10	5.9423577e-09	5.5440058e-08	0.7053772	-1.9873109e-17	0.21164231
1.8252661890868767e-10	-6.9793895e-09	4.3259046e-08	0.7005335	-1.9883536e-17	0.21122766
1.850447162589227e-10	-1.27571385e-08	3.0682976e-08	0.699479	-1.9888006e-17	0.21123989
1.8751345477548728e-10	-1.4419682e-08	2.0806482e-08	0.7013115	-1.9891285e-17	0.21083952
1.9003159979787925e-10	-1.3218042e-08	1.4419682e-08	0.70557886	-1.989619e-17	0.21120036
1.925004062413946e-10	-1.2016402e-08	1.0798301e-08	0.71176696	-1.9903843e-17	0.21187486
1.9501858553135626e-10	-1.1703646e-08	7.3744495e-09	0.7197254	-1.99151e-17	0.21117221
1.975367702391256e-10	-1.0683075e-08	4.872404e-09	0.7289232	-1.9929856e-17	0.21217142
2.0000559286464745e-10	-8.098725e-09	3.094635e-09	0.7388009	-1.9947419e-17	0.21242459
2.025237590164931e-10	-6.4526433e-09	1.1193361e-09	0.7494892	-1.9967986e-17	0.21195477
2.0504194551221772e-10	-4.839482e-09	-2.6337318e-10	0.76057166	-1.9990598e-17	0.21287534
2.075107357853355e-10	-2.99587e-09	-6.58433e-10	0.77160305	-2.0014032e-17	0.21402334
2.100289142401182e-10	-1.4156308e-09	-2.6337318e-10	0.78279555	-2.0038422e-17	0.21497123
2.125470819772521e-10	-7.2427625e-10	6.9135464e-10	0.7936967	-2.0062462e-17	0.21583848
2.150158652135502e-10	9.218062e-10	1.1502e-09	0.8038879	-2.0084857e-17	0.21646489
2.1753401370243796e-10	7.2427625e-10	1.6460824e-09	0.8135807	-2.0105733e-17	0.21812128
2.2000277409463487e-10	2.2715938e-09	2.5020452e-09	0.8222379	-2.0123693e-17	0.2202575
2.2252090604420672e-10	3.753068e-09	3.6872247e-09	0.830099	-2.0139108e-17	0.22137624
2.2503902909328383e-10	4.971169e-09	4.5761093e-09	0.8369442	-2.0151521e-17	0.22234273
2.275077637900915e-10	6.090505e-09	6.4526433e-09	0.84270567	-2.0160908e-17	0.2238476
2.3002587190800198e-10	5.069934e-09	8.691315e-09	0.8477099	-2.0167881e-17	0.22426608
2.3254395860840977e-10	3.753068e-09	9.5472785e-09	0.8519649	-2.0172507e-17	0.22505404
2.3501267897534686e-10	2.534967e-09	9.218062e-09	0.8555444	-2.0175048e-17	0.22595371
2.3753075937065067e-10	1.1357969e-09	8.888845e-09	0.8587207	-2.0175875e-17	0.22575569
2.40048847436379e-10	1.2345618e-09	8.888845e-09	0.8615284	-2.0175182e-17	0.22640531
2.425175505262668e-10	2.6337318e-10	8.9546885e-09	0.86401075	-2.0173246e-17	0.22719495
2.4503561089638564e-10	-5.7612887e-10	7.7695095e-09	0.8663378	-2.0170172e-17	0.22739731
2.4750432297047365e-10	-7.901196e-10	8.691315e-09	0.86847246	-2.0166207e-17	0.22712666
2.500223926989832e-10	-1.2510226e-09	9.119296e-09	0.8705445	-2.0161285e-17	0.22636335
2.525404753072933e-10	-1.679004e-09	8.888845e-09	0.8725461	-2.0155511e-17	0.2251443
2.550091857641276e-10	-2.6995752e-09	8.559629e-09	0.8744691	-2.0149021e-17	0.22352973
2.5752725882521316e-10	-3.8847547e-09	8.164569e-09	0.8764165	-2.0141519e-17	0.22166353
2.600453403360942e-10	-5.234542e-09	7.703666e-09	0.87837327	-2.0133043e-17	0.22128691
2.6251404579692776e-10	-5.432072e-09	6.650173e-09	0.88032293	-2.0123673e-17	0.22044131
2.650321285734011e-10	-5.8600533e-09	6.1234267e-09	0.88236624	-2.0112872e-17	0.21904731
2.6750084021863136e-10	-6.3209566e-09	6.3868e-09	0.88444656	-2.0100838e-17	0.21762988
2.7001893021514265e-10	-6.650173e-09	6.0575833e-09	0.8866739	-2.0086796e-17	0.21752164
2.725370205875623e-10	-7.4402924e-09	5.267464e-09	0.8890384	-2.0070571e-17	0.21669844
2.7500574733052785e-10	-8.9546885e-09	4.5761093e-09	0.89152455	-2.005204e-17	0.21503408
2.775238330483352e-10	-9.744808e-09	3.4238514e-09	0.8942739	-2.0029768e-17	0.21516421
2.800419502463141e-10	-1.0600771e-08	1.9752988e-09	0.8972899	-2.0003156e-17	0.21455002
2.825106859472173e-10	-1.2082245e-08	8.5596286e-10	0.90056473	-1.9971619e-17	0.21346895
2.850288038497241e-10	-1.3036973e-08	-5.2674637e-10	0.90430045	-1.9932166e-17	0.21382737
2.8754691680813944e-10	-1.497935e-08	-3.9053307e-09	0.9085158	-1.9882942e-17	0.21294415
2.900156486679673e-10	-1.6855884e-08	-8.164569e-09	0.9131927	-1.982193e-17	0.21334821
2.925337905702639e-10	-1.7053415e-08	-1.3300346e-08	0.9185745	-1.974202e-17	0.21374507
2.950025375108513e-10	-1.7646004e-08	-1.9884675e-08	0.9244275	-1.963991e-17	0.21359918
2.975206935665561e-10	-1.5835314e-08	-2.8806442e-08	0.9307561	-1.9502022e-17	0.21325952
3.00038857683579e-10	-1.0864144e-08	-4.069116e-08	0.9367324	-1.931634e-17	0.21216065
3.025076507731118e-10	-9.547279e-10	-5.3662287e-08	0.940552	-1.9071589e-17	0.21086659
3.0502583183233856e-10	1.6897037e-08	-6.5843295e-08	0.9386508	-1.8756746e-17	0.20864351
3.0754403378688906e-10	4.253477e-08	-6.8345344e-08	0.92470545	-1.845581e-17	0.21200265
3.1001286256808206e-10	7.124245e-08	-5.175283e-08	0.8956951	-1.8359765e-17	0.23508143
3.125310674421438e-10	9.0732065e-08	-2.8575991e-08	0.8592865	-1.8605017e-17	0.24663042
3.1504927390465533e-10	1.01003614e-07	-1.8436124e-09	0.82518077	-1.9027492e-17	0.21030343
3.175182576462344e-10	8.842755e-08	3.3538928e-08	0.7941249	-1.9369344e-17	0.20031707
3.200369001500216e-10	5.967049e-08	6.251821e-08	0.76585275	-1.9598236e-17	0.20220922
3.225058120849038e-10	2.8217968e-08	7.4205396e-08	0.7427323	-1.9735198e-17	0.20690231
3.2502371626176925e-10	3.950598e-10	6.966221e-08	0.7245183	-1.9815524e-17	0.2107458
3.2754178403982046e-10	-1.758016e-08	5.3793975e-08	0.7116482	-1.9857491e-17	0.21203834
3.3001053742930893e-10	-2.5464896e-08	3.713562e-08	0.7037141	-1.9876756e-17	0.21117619
3.325286121351061e-10	-2.656777e-08	2.1859975e-08	0.6999347	-1.9885017e-17	0.2112862
3.3504670247161503e-10	-2.4246795e-08	1.1061674e-08	0.69971323	-1.988884e-17	0.21117789
3.3751544405233765e-10	-1.9785912e-08	3.2921648e-09	0.70219696	-1.9892329e-17	0.21062611
3.400335860024811e-10	-1.4929968e-08	2.6337318e-10	0.70703197	-1.98979e-17	0.21150011
3.4250237873296383e-10	-1.1654263e-08	-1.9752988e-09	0.7136816	-1.9906414e-17	0.21176855
3.4502054961119314e-10	-9.102836e-09	-2.7654186e-09	0.72199947	-1.9918584e-17	0.21174358
3.475387225727223e-10	-6.748938e-09	-3.2921648e-09	0.7314559	-1.9934204e-17	0.21181448
3.500075253751466e-10	-4.7901e-09	-3.79422e-09	0.74151284	-1.99525e-17	0.21265319
3.525256958678441e-10	-2.2715938e-09	-4.0822843e-09	0.7523241	-1.997366e-17	0.21274382
3.550438634911662e-10	-3.292165e-10	-3.0287917e-09	0.7634723	-1.9996683e-17	0.21254528
3.575126496380875e-10	8.5596286e-10	-1.2510226e-09	0.7745104	-2.0020317e-17	0.21372622
3.600308111563887e-10	9.876494e-10	-9.218062e-10	0.78564954	-2.0044704e-17	0.2150933
3.62548953215392e-10	7.901196e-10	8.5184765e-10	0.79643863	-2.0068508e-17	0.21639217
3.6501771769025083e-10	1.1522577e-09	9.218062e-10	0.8064676	-2.0090472e-17	0.2174907
3.6753584282150886e-10	2.0740638e-09	1.4259189e-09	0.81594884	-2.0110728e-17	0.21819177
3.700045922260885e-10	3.094635e-09	2.4896998e-09	0.8243656	-2.0127965e-17	0.22032022
3.725227070101635e-10	3.8189114e-09	5.086395e-09	0.83196455	-2.01426e-17	0.22201273
3.750408133809176e-10	1.9752988e-09	7.637823e-09	0.83855075	-2.0154254e-17	0.22200514
3.7750951672793386e-10	8.230412e-12	7.111076e-09	0.84407806	-2.016295e-17	0.22418836
3.800275994370017e-10	-8.230412e-10	6.5184866e-09	0.8488753	-2.0169289e-17	0.22403038
3.825456887099281e-10	-6.9135464e-10	5.79421e-09	0.8529596	-2.0173359e-17	0.22539353
3.850143765187026e-10	3.292165e-10	5.267464e-09	0.8564062	-2.017542e-17	0.22599949
3.875324446325066e-10	6.58433e-10	5.7283667e-09	0.8594773	-2.0175832e-17	0.22555776
3.9000113217845316e-10	-2.6337318e-10	6.4526433e-09	0.86215454	-2.0174816e-17	0.22666483
3.925191958667396e-10	-1.5143958e-09	7.341528e-09	0.8646291	-2.0172553e-17	0.22729152
3.95037260600484e-10	-2.436202e-09	7.045233e-09	0.86691236	-2.0169214e-17	0.22737642
3.9750594449726603e-10	-2.6666536e-09	5.464994e-09	0.8690164	-2.0165017e-17	0.22697547
4.0002399388041263e-10	-2.534967e-09	4.016441e-09	0.8710669	-2.0159875e-17	0.2260899
4.025420481231978e-10	-1.9752988e-09	3.9505976e-09	0.8730554	-2.0153883e-17	0.22476031
4.0501074387301087e-10	-2.0411421e-09	4.2798143e-09	0.8749724	-2.014717e-17	0.22303553
4.075288216925157e-10	-2.436202e-09	3.753068e-09	0.8769201	-2.0139428e-17	0.22161202
4.1004688503484217e-10	-2.9300267e-09	4.2798143e-09	0.878883	-2.0130683e-17	0.22111169
4.1251556442737893e-10	-3.6213814e-09	3.8847547e-09	0.88084435	-2.0121013e-17	0.22013578
4.1503363383172957e-10	-4.2468926e-09	3.094635e-09	0.88290584	-2.010985e-17	0.2185904
4.175023260365892e-10	-3.555538e-09	2.897105e-09	0.8850104	-2.0097394e-17	0.217663
4.2002040552805603e-10	-4.0493626e-09	2.6995752e-09	0.8872699	-2.0082829e-17	0.2173824
4.225384752259021e-10	-4.312736e-09	2.1728288e-09	0.8896756	-2.0065966e-17	0.21635164
4.2500716948636165e-10	-4.8065605e-09	2.1069855e-09	0.892212	-2.0046648e-17	0.21486503
4.2752525201693657e-10	-5.6625233e-09	1.9752988e-09	0.89502484	-2.0023358e-17	0.21513043
4.3004333953259403e-10	-6.5184866e-09	1.1851794e-09	0.8981192	-1.9995434e-17	0.21415631
4.3251206300849447e-10	-6.814781e-09	2.6337318e-10	0.901488	-1.996222e-17	0.21374759
4.3503014791635876e-10	-7.4073707e-09	-1.2510226e-09	0.90533954	-1.9920508e-17	0.2135553
4.375482593737971e-10	-7.045233e-09	-3.1604783e-09	0.90969235	-1.9868256e-17	0.21337919
4.400169808398958e-10	-7.901195e-09	-4.707796e-09	0.91452193	-1.9803237e-17	0.21279576
4.425351005242532e-10	-8.691315e-09	-7.637823e-09	0.92006457	-1.971773e-17	0.21370122
4.450038539421549e-10	-8.526707e-09	-1.1818872e-08	0.9260437	-1.9608037e-17	0.21396413
4.475219922350826e-10	-7.012311e-09	-1.6855884e-08	0.932379	-1.9459325e-17	0.21372427
4.5004015393383507e-10	-3.3250864e-09	-2.2386722e-08	0.9380386	-1.9258528e-17	0.21245286
4.525089362738456e-10	2.0740638e-09	-2.8049245e-08	0.9408323	-1.8995579e-17	0.21002886
4.550271235235961e-10	1.2020517e-08	-3.318502e-08	0.9364799	-1.86714e-17	0.20759374
4.5754531355002596e-10	2.5407282e-08	-3.23949e-08	0.91845465	-1.8403084e-17	0.21593837
4.6001413780115456e-10	3.9045077e-08	-2.2123348e-08	0.88634574	-1.8389707e-17	0.24351911
4.6253234030634493e-10	4.8592355e-08	-1.0929988e-08	0.8502238	-1.8710605e-17	0.2348418
4.6500118031330436e-10	5.1226085e-08	2.8312617e-09	0.8173948	-1.912169e-17	0.20654047
4.675196321224225e-10	4.332489e-08	2.1645985e-08	0.78643745	-1.943906e-17	0.19934842
4.700382706471062e-10	2.6452545e-08	3.5423692e-08	0.75928456	-1.964134e-17	0.20274185
4.725069674590122e-10	8.98761e-09	3.8650015e-08	0.7374991	-1.9760693e-17	0.20824371
4.750249033392184e-10	-3.753068e-09	3.2921648e-08	0.7207061	-1.9829303e-17	0.21086659
4.775429809518252e-10	-1.02221716e-08	2.4098647e-08	0.70912564	-1.9864152e-17	0.21213688
4.800116918298608e-10	-1.2016402e-08	1.5670704e-08	0.70234704	-1.9879648e-17	0.21088453
4.825297402802916e-10	-1.1687185e-08	8.559629e-09	0.6995736	-1.9886224e-17	0.21129929
4.850478194392578e-10	-9.810651e-09	3.4238514e-09	0.70013034	-1.988967e-17	0.21108887
4.875165252981646e-10	-7.604901e-09	1.4485525e-09	0.703236	-1.9893513e-17	0.21053056
4.900346533144255e-10	-5.6460627e-09	1.975299e-10	0.70861447	-1.9899823e-17	0.21172912
4.925034342229996e-10	-3.5884598e-09	-1.316866e-09	0.7156971	-1.9909215e-17	0.21149899
4.950215922998413e-10	-2.3209763e-09	-1.316866e-09	0.7243458	-1.9922298e-17	0.21211451
4.975397611432387e-10	-6.255113e-10	-1.1851794e-09	0.7340385	-1.9938757e-17	0.21124613
5.00008521046841e-10	7.2427625e-10	0	0.7442581	-1.9957742e-17	0.21254471
5.025266572943791e-10	8.724237e-10	1.0534927e-09	0.7551773	-1.9979453e-17	0.21315952
5.050448169724928e-10	1.975299e-10	1.0534927e-09	0.76637626	-2.0002835e-17	0.21345292
5.075135814218595e-10	8.5596286e-10	6.58433e-10	0.7774054	-2.0026615e-17	0.21353394
5.100317284974313e-10	1.8436124e-09	-6.58433e-10	0.78847593	-2.0050936e-17	0.21475933
5.125004868488859e-10	3.0617133e-09	-2.8806443e-10	0.79893494	-2.0074004e-17	0.21650681
5.150186063246401e-10	4.1481276e-09	1.2510226e-09	0.80899304	-2.009593e-17	0.21809454
5.175367184252012e-10	4.016441e-09	3.0596556e-09	0.818253	-2.011553e-17	0.21926472
5.200054402983911e-10	2.9629483e-09	5.0040905e-09	0.8264234	-2.013203e-17	0.22005771
5.225235279360527e-10	1.5473175e-09	5.4896847e-09	0.83375967	-2.0145886e-17	0.2223657
5.250416060283926e-10	1.9752988e-09	2.436202e-09	0.84009093	-2.0156797e-17	0.22276345
5.2751030045659e-10	4.312736e-09	2.6831144e-09	0.8453917	-2.0164819e-17	0.22435613
5.300283493082304e-10	4.609031e-09	5.069934e-09	0.8499914	-2.0170544e-17	0.22411354
5.325463996657255e-10	1.876534e-09	8.164569e-09	0.8539146	-2.0174073e-17	0.22566834
5.350150785110879e-10	-9.876494e-10	7.901195e-09	0.85723674	-2.017568e-17	0.22597526
5.375331180998042e-10	-2.353898e-09	7.901195e-09	0.86021	-2.017569e-17	0.22582865
5.400017779125989e-10	-3.6872247e-09	5.0040905e-09	0.8628146	-2.0174343e-17	0.22689468
5.425198271856442e-10	-1.2839443e-09	9.547279e-10	0.8652341	-2.0171789e-17	0.2273452
5.450378543855871e-10	2.1399071e-09	1.7119257e-09	0.86747694	-2.0168197e-17	0.2273177
5.475065186668608e-10	2.6008102e-09	5.99174e-09	0.86955285	-2.0163776e-17	0.22679132
5.500245488634434e-10	-6.5843296e-11	9.1522185e-09	0.8715843	-2.015841e-17	0.22578898
5.525425827721513e-10	-3.555538e-09	9.3497485e-09	0.87356156	-2.0152198e-17	0.22434595
5.550112494840794e-10	-4.6419526e-09	5.79421e-09	0.8754745	-2.0145264e-17	0.22251134
5.575292806771253e-10	-4.0822843e-09	3.555538e-09	0.8774239	-2.0137269e-17	0.22152849
5.600473312125011e-10	-1.8436124e-09	3.6872247e-09	0.8793944	-2.0128249e-17	0.22090368
5.625159976850816e-10	-6.58433e-10	5.2016205e-09	0.8813691	-2.011827e-17	0.21979325
5.65034037892497e-10	-1.0534927e-09	6.913546e-09	0.88345027	-2.010673e-17	0.21809454
5.675027220756794e-10	-2.5020452e-09	7.835352e-09	0.8855809	-2.0093835e-17	0.2176539
5.700207737030354e-10	-3.9505976e-09	8.032882e-09	0.8878748	-2.0078724e-17	0.21719605
5.725388230091396e-10	-5.168699e-09	7.7695095e-09	0.8903239	-2.0061178e-17	0.21594143
5.750075177758881e-10	-5.432072e-09	7.7695095e-09	0.8929133	-2.0041025e-17	0.2150313
5.775255789617741e-10	-6.3868e-09	7.703666e-09	0.89579326	-2.0016649e-17	0.21501368
5.800436451284441e-10	-8.032882e-09	8.691315e-09	0.89897007	-1.9987324e-17	0.2136495
5.825123451660731e-10	-9.711886e-09	8.773619e-09	0.9024376	-1.9952313e-17	0.213906
5.850304261305514e-10	-1.2312697e-08	8.372386e-09	0.9064102	-1.9908176e-17	0.21310064
5.875485240549078e-10	-1.4353839e-08	7.1769195e-09	0.91090554	-1.9852659e-17	0.21359749
5.900172406187048e-10	-1.7250944e-08	5.530837e-09	0.9158908	-1.9783297e-17	0.21280676
5.92535349535021e-10	-2.0707716e-08	2.8477225e-09	0.92159075	-1.9691721e-17	0.21321417
5.950040908799021e-10	-2.4263255e-08	-1.5802392e-09	0.92767614	-1.9573775e-17	0.21375939
5.975222227406906e-10	-2.7193282e-08	-9.119296e-09	0.9339606	-1.9413254e-17	0.21351312
6.000403701639822e-10	-2.8641834e-08	-1.9752989e-08	0.9391647	-1.9196185e-17	0.21219434
6.025091557457293e-10	-2.6946369e-08	-3.3053336e-08	0.9406462	-1.8915369e-17	0.20938636
6.050273368937438e-10	-1.9938174e-08	-4.727549e-08	0.9333839	-1.858924e-17	0.20920533
6.075455194004638e-10	-2.9794092e-09	-5.8205476e-08	0.9111285	-1.8368075e-17	0.22107118
6.100143294943643e-10	2.1991662e-08	-6.110258e-08	0.876845	-1.8444692e-17	0.25015655
6.125325176544259e-10	4.332489e-08	-5.892975e-08	0.8413728	-1.8821709e-17	0.22469987
6.150013898206866e-10	6.0575836e-08	-4.2468926e-08	0.80913603	-1.921581e-17	0.20311773
6.175199318036762e-10	6.801613e-08	-1.2131627e-08	0.7790176	-1.9500879e-17	0.2003659
6.200384919886648e-10	6.098324e-08	1.7514317e-08	0.75306267	-1.9679037e-17	0.20485988
6.22507040400972e-10	4.497097e-08	3.5621223e-08	0.7326437	-1.9782608e-17	0.20827025
6.250250027303496e-10	2.6699457e-08	4.052655e-08	0.7172476	-1.9840839e-17	0.21056965
6.275430619552221e-10	1.0633692e-08	3.7794052e-08	0.7069199	-1.9869555e-17	0.21193947
6.300117419833926e-10	-6.5843296e-11	3.0024545e-08	0.7012633	-1.988193e-17	0.2111142
6.325297603000517e-10	-5.711906e-09	2.1728289e-08	0.699433	-1.9887224e-17	0.2112791
6.350478330165374e-10	-7.308606e-09	1.580239e-08	0.70072	-1.9890534e-17	0.21096794
6.375165429370251e-10	-6.4361823e-09	1.1456733e-08	0.70442194	-1.9894858e-17	0.21089876
6.400346533476563e-10	-5.9423577e-09	8.559629e-09	0.71031845	-1.9901966e-17	0.21185784
6.425033983739708e-10	-5.7448277e-09	5.6625233e-09	0.71780473	-1.9912246e-17	0.21104108
6.450215504609537e-10	-5.053473e-09	3.9835193e-09	0.7267571	-1.9926228e-17	0.21225518
6.47539689017921e-10	-4.0493626e-09	3.1604783e-09	0.73666537	-1.9943492e-17	0.2120168
6.500084467452741e-10	-2.3374371e-09	2.3374371e-09	0.747032	-1.9963134e-17	0.2120828
6.525265729660965e-10	-1.4485525e-09	1.777769e-09	0.7580447	-1.9985349e-17	0.21318461
6.550447045765449e-10	-7.571979e-10	1.3827093e-09	0.7692784	-2.0009032e-17	0.21394336
6.57513440493504e-10	-9.876495e-11	8.888845e-10	0.7802836	-2.003291e-17	0.21449402
6.600315844177115e-10	1.1851794e-09	1.078184e-09	0.79127026	-2.0057103e-17	0.21498995
6.625003064776337e-10	1.5143958e-09	1.9094557e-09	0.8015924	-2.0079836e-17	0.2162072
6.650184115540449e-10	2.0411421e-09	2.1028703e-09	0.8114609	-2.0101225e-17	0.21828343
6.67536481113285e-10	3.1110958e-09	1.4485525e-09	0.82049054	-2.012014e-17	0.2199602
6.700051854953033e-10	4.6419526e-09	2.7654186e-09	0.82841045	-2.0135886e-17	0.22057565
6.725232470233099e-10	5.464994e-09	4.872404e-09	0.8354844	-2.0148973e-17	0.22245811
6.750412974397787e-10	5.168699e-09	5.168699e-09	0.8415662	-2.015915e-17	0.22344232
6.775099791712109e-10	4.6419526e-09	6.18927e-09	0.8466489	-2.016652e-17	0.22436953
6.800280021785846e-10	3.6213814e-09	6.4526433e-09	0.85106075	-2.0171651e-17	0.22466724
6.8254601470162e-10	3.5226164e-09	6.1563483e-09	0.8548324	-2.0174664e-17	0.22586085
6.850146639960342e-10	3.4896948e-09	6.0575833e-09	0.85803807	-2.0175828e-17	0.22588426
6.875326866078913e-10	2.9629483e-09	6.5184866e-09	0.86092037	-2.0175456e-17	0.22614254
6.90001318836788e-10	2.732497e-09	7.802431e-09	0.8634577	-2.0173792e-17	0.22707583
6.925193408562983e-10	1.6460824e-09	7.7695095e-09	0.8658261	-2.0170956e-17	0.22738698
6.950373459665895e-10	1.1851794e-09	7.835352e-09	0.8680323	-2.0167118e-17	0.22722538
6.97505985809176e-10	8.230412e-10	7.7695095e-09	0.8700828	-2.0162473e-17	0.22657701
7.000240023909154e-10	6.58433e-10	7.1769195e-09	0.87209743	-2.0156893e-17	0.22545888
7.025420246175905e-10	9.218062e-10	7.901195e-09	0.8740654	-2.0150457e-17	0.22390532
7.050106680707248e-10	7.571979e-10	8.296255e-09	0.8759756	-2.0143295e-17	0.22196156
7.075286940652009e-10	-1.3168659e-10	8.625472e-09	0.8779282	-2.0135052e-17	0.22141425
7.100467176362051e-10	-1.0534927e-09	8.823002e-09	0.87990797	-2.0125744e-17	0.220662
7.125153615317707e-10	-2.5678886e-09	8.427942e-09	0.8818973	-2.0115438e-17	0.21941346
7.150334022697754e-10	-3.851833e-09	8.7571586e-09	0.8839999	-2.0103506e-17	0.21757714
7.175020562363247e-10	-4.2798143e-09	8.164569e-09	0.8861586	-2.0090149e-17	0.21760339
7.20020089470347e-10	-5.0040905e-09	8.493785e-09	0.8884888	-2.007446e-17	0.21695611
7.225381369828083e-10	-6.617251e-09	8.098725e-09	0.89098394	-2.0056197e-17	0.2154669
7.250068158927417e-10	-7.901195e-09	7.637823e-09	0.89362943	-2.0035155e-17	0.21513295
7.275248435354551e-10	-8.9546885e-09	7.506136e-09	0.89658	-2.0009628e-17	0.21481079
7.300428990150947e-10	-1.0600771e-08	7.111076e-09	0.89984363	-1.9978802e-17	0.2131677
7.325115953586576e-10	-1.2806521e-08	7.506136e-09	0.9034147	-1.9941864e-17	0.2139296
7.350296589521139e-10	-1.5868235e-08	5.6995604e-09	0.9075139	-1.9895113e-17	0.21244381
7.375477423434067e-10	-1.958838e-08	2.897105e-09	0.9121566	-1.9836069e-17	0.21357049
7.400164498990519e-10	-2.2979311e-08	-7.2427625e-10	0.9172994	-1.976201e-17	0.21345854
7.425345421522309e-10	-2.7785871e-08	-6.847703e-09	0.9231497	-1.9663847e-17	0.21293372
7.450032783689537e-10	-3.1769392e-08	-1.5736548e-08	0.9293148	-1.9536908e-17	0.21293908
7.475214099268375e-10	-3.4501888e-08	-2.8707678e-08	0.9354756	-1.9363519e-17	0.21268736
7.500395525360168e-10	-3.3415475e-08	-4.5826933e-08	0.94005376	-1.9129124e-17	0.21154469
7.525083393945754e-10	-2.5316748e-08	-6.623836e-08	0.9398879	-1.88319e-17	0.20898855
7.550265103907615e-10	-6.2551133e-09	-8.506954e-08	0.9292585	-1.8513783e-17	0.21014147
7.575446967745767e-10	2.8477226e-08	-9.0797904e-08	0.90287125	-1.8354018e-17	0.22784553
7.600135057576564e-10	6.2682815e-08	-8.0592194e-08	0.8674286	-1.8522064e-17	0.2525936
7.625316786059238e-10	8.981026e-08	-6.488857e-08	0.83270127	-1.8932781e-17	0.21634415
7.650006150684293e-10	1.0324229e-07	-2.6864065e-08	0.80106825	-1.930121e-17	0.20033325
7.675192103569196e-10	9.6427506e-08	1.8287976e-08	0.77188826	-1.9555481e-17	0.20081075
7.700376374193999e-10	7.420128e-08	5.1226085e-08	0.74719715	-1.9711886e-17	0.20524892
7.725061226107079e-10	4.5958622e-08	6.597499e-08	0.72816455	-1.980134e-17	0.20990416
7.750241046129357e-10	1.9835293e-08	6.5184864e-08	0.71412885	-1.9850429e-17	0.21160088
7.775421556553079e-10	1.1522577e-10	5.530837e-08	0.7050238	-1.98739e-17	0.21155576
7.8001080176158e-10	-1.1703646e-08	4.332489e-08	0.70044696	-1.9883733e-17	0.21123818
7.825288371326128e-10	-1.6971109e-08	2.9629483e-08	0.6994973	-1.9888109e-17	0.2112359
7.850468654962367e-10	-1.6806501e-08	1.9752989e-08	0.7014739	-1.9891482e-17	0.2108025
7.875155624671037e-10	-1.5127497e-08	1.3300346e-08	0.7057483	-1.9896385e-17	0.21124016
7.900336649940912e-10	-1.358018e-08	9.481435e-09	0.71213627	-1.9904335e-17	0.21186665
7.925024052851603e-10	-1.2707757e-08	5.8600533e-09	0.7199972	-1.9915506e-17	0.2112521
7.950205263368081e-10	-1.1242743e-08	2.4115108e-09	0.72922754	-1.9930371e-17	0.21214367
7.97538653772729e-10	-8.921766e-09	3.950598e-10	0.7393324	-1.9948407e-17	0.21249697
8.000073877685935e-10	-6.4197216e-09	-9.876494e-10	0.7498313	-1.9968668e-17	0.21207005
8.025254938749355e-10	-4.312736e-09	-1.6131608e-09	0.76092225	-1.9991329e-17	0.21280704
8.050436185187475e-10	-3.6213814e-09	-1.316866e-09	0.77217585	-2.0015268e-17	0.21400173
8.075123581798666e-10	-2.436202e-09	-5.925897e-10	0.7831417	-2.0039185e-17	0.2150109
8.100304329940871e-10	-1.3168659e-10	-4.609031e-10	0.7940297	-2.0063196e-17	0.21592948
8.125485298241713e-10	9.876494e-10	9.218062e-10	0.8043988	-2.0085975e-17	0.21669984
8.150172269512871e-10	1.5473175e-09	1.6584281e-09	0.8138693	-2.0106347e-17	0.21807636
8.175352898803325e-10	1.7119257e-09	2.5678886e-09	0.822661	-2.0124547e-17	0.22029787
8.200039827293681e-10	2.7654186e-09	3.0123308e-09	0.8303272	-2.0139538e-17	0.22146933
8.22522021717949e-10	3.7201462e-09	5.234542e-09	0.8371409	-2.015186e-17	0.22231434
8.250400389210939e-10	3.2263217e-09	6.4526433e-09	0.8429792	-2.0161323e-17	0.22393002
8.275086855244805e-10	2.0411421e-09	6.847703e-09	0.84785247	-2.0168058e-17	0.22424412
8.300267015257721e-10	1.1193361e-09	7.506136e-09	0.8520861	-2.0172617e-17	0.22510159
8.32544704730813e-10	6.58433e-10	7.242763e-09	0.8557155	-2.017513e-17	0.22596969
8.350133201188489e-10	1.3168659e-10	6.913546e-09	0.8588125	-2.0175875e-17	0.22573572
8.375313294294637e-10	4.4444226e-10	6.7818595e-09	0.8616102	-2.0175137e-17	0.22644219
8.400493166291902e-10	2.3045155e-10	8.230412e-09	0.8641325	-2.0173117e-17	0.22721876
8.425179346188725e-10	-7.2427625e-10	9.119296e-09	0.86640674	-2.017006e-17	0.22739783
8.450359329989225e-10	-2.5678886e-09	8.164569e-09	0.86857915	-2.0165982e-17	0.22710125
8.475045639914113e-10	-3.1275567e-09	6.913546e-09	0.8706069	-2.0161121e-17	0.22633173
8.500225539695333e-10	-3.4238514e-09	6.3209566e-09	0.8726067	-2.015532e-17	0.2251005
8.525405583825024e-10	-2.8312617e-09	6.0575833e-09	0.8745672	-2.0148666e-17	0.22343615
8.55009198437971e-10	-3.3250864e-09	6.4526433e-09	0.8764762	-2.0141272e-17	0.22165918
8.575272173482215e-10	-4.510266e-09	6.650173e-09	0.8784337	-2.0132767e-17	0.221269
8.600452212018614e-10	-5.333307e-09	6.5184866e-09	0.88042396	-2.0123164e-17	0.22038622
8.625138744969144e-10	-6.1563483e-09	5.135777e-09	0.8824298	-2.0112518e-17	0.2189949
8.650318760810866e-10	-6.1563483e-09	4.016441e-09	0.88455546	-2.0100178e-17	0.21763982
8.6750052454707e-10	-6.551408e-09	4.5761093e-09	0.88674384	-2.0086334e-17	0.21750756
8.700185475381105e-10	-6.650173e-09	4.2798143e-09	0.88911307	-2.0070035e-17	0.2166613
8.725365667678629e-10	-7.209841e-09	3.9505976e-09	0.89165664	-2.005101e-17	0.21492371
8.750052238003599e-10	-8.7242364e-09	3.358008e-09	0.8943615	-2.0029029e-17	0.21516478
8.775232656160268e-10	-1.0106946e-08	2.897105e-09	0.8973864	-2.0002266e-17	0.21451
8.800413211652912e-10	-1.2115167e-08	1.2510226e-09	0.90074134	-1.996984e-17	0.21353112
8.825100037083889e-10	-1.39917e-08	-9.876494e-10	0.9044209	-1.993083e-17	0.21380462
8.850280591707306e-10	-1.5111036e-08	-3.8189114e-09	0.9086522	-1.9881261e-17	0.21300676
8.875461322260213e-10	-1.7185101e-08	-8.164569e-09	0.91344637	-1.981841e-17	0.21326657
8.900148389913718e-10	-1.7909377e-08	-1.28723645e-08	0.91874725	-1.9739259e-17	0.21376164
8.92532918370509e-10	-1.7185101e-08	-1.9094557e-08	0.9247378	-1.9633933e-17	0.21371162
8.950016633598796e-10	-1.6131608e-08	-2.7785871e-08	0.9309475	-1.9497185e-17	0.21334821
8.975197718818569e-10	-1.1522577e-08	-3.792574e-08	0.9368929	-1.9309802e-17	0.2122283
9.000379221951403e-10	-2.2386721e-09	-5.0699338e-08	0.9406379	-1.9057278e-17	0.21069764
9.025066978309691e-10	1.3678945e-08	-6.1958545e-08	0.9384408	-1.8746702e-17	0.20857415
9.050248640798582e-10	3.8436024e-08	-6.505318e-08	0.9240327	-1.8448846e-17	0.21204259
9.075430506521296e-10	6.689679e-08	-4.9250787e-08	0.8939184	-1.836355e-17	0.23678581
9.100118498823691e-10	8.6452246e-08	-2.7390811e-08	0.85821575	-1.861686e-17	0.24532256
9.125300407736087e-10	9.534109e-08	-1.3827093e-09	0.8241886	-1.9039747e-17	0.20942305
9.150484299996228e-10	8.309424e-08	3.3497777e-08	0.7926235	-1.9383423e-17	0.20014416
9.175176885673077e-10	5.6592313e-08	5.929189e-08	0.76506793	-1.960357e-17	0.20227835
9.200358988583286e-10	2.5201523e-08	6.982682e-08	0.74169475	-1.9740407e-17	0.20727539
9.225043683143325e-10	1.1522577e-10	6.571161e-08	0.72405493	-1.9817254e-17	0.2108025
9.25022372828704e-10	-1.6526668e-08	5.254295e-08	0.7113377	-1.985834e-17	0.21207005
9.275404132113981e-10	-2.418095e-08	3.555538e-08	0.70342845	-1.9877368e-17	0.21108148
9.30009025364099e-10	-2.4625393e-08	2.1530758e-08	0.6998808	-1.9885172e-17	0.21129076
9.325270307064541e-10	-2.2189191e-08	1.0666614e-08	0.69975257	-1.9888937e-17	0.2111688
9.35045073395553e-10	-1.8008143e-08	4.872404e-09	0.7023849	-1.9892546e-17	0.21057962
9.375137791146416e-10	-1.4106926e-08	1.316866e-09	0.707209	-1.9898113e-17	0.2115319
9.400318682633775e-10	-1.14896554e-08	-1.3168659e-10	0.7140606	-1.9906929e-17	0.21173112
9.425006090701876e-10	-8.427942e-09	-1.316866e-09	0.72226757	-1.9919e-17	0.2117986
9.45018701664914e-10	-6.716016e-09	-3.6872247e-09	0.73175216	-1.993472e-17	0.21175493
9.475368034743642e-10	-4.1810493e-09	-3.7695287e-09	0.74203604	-1.995349e-17	0.2126594
9.500055327584414e-10	-2.1234463e-09	-3.4238514e-09	0.75265265	-1.9974322e-17	0.21281101
9.52523635952602e-10	-9.218062e-10	-3.0287917e-09	0.76380724	-1.9997389e-17	0.21267068
9.550417386749397e-10	6.58433e-10	-2.2715938e-09	0.77506495	-2.0021521e-17	0.2136183
9.575104564255455e-10	1.218101e-09	-1.4485525e-09	0.7859765	-2.0045423e-17	0.2150782
9.600285381903124e-10	1.9423774e-09	0	0.79675156	-2.00692e-17	0.21642686
9.62546615935832e-10	2.5678886e-09	1.1316816e-09	0.8069541	-2.0091526e-17	0.217639
9.650153079072554e-10	2.5678886e-09	3.1789966e-09	0.81621695	-2.0111287e-17	0.21833545
9.675333597944367e-10	2.2386721e-09	4.3456576e-09	0.82476354	-2.0128755e-17	0.2202946
9.700020220946708e-10	1.2510226e-09	4.7407176e-09	0.83217406	-2.0142988e-17	0.22206767
9.725200455535323e-10	6.9135464e-10	5.0040905e-09	0.8387305	-2.0154555e-17	0.22202572
9.750380586900615e-10	8.230412e-10	5.152238e-09	0.8443327	-2.016332e-17	0.2242334
9.775066958043847e-10	1.0534927e-09	6.0575833e-09	0.84900534	-2.0169443e-17	0.22399658
9.800246984118903e-10	-3.292165e-10	6.913546e-09	0.8530706	-2.017345e-17	0.22542554
9.8254268274725e-10	-1.2510226e-09	6.090505e-09	0.8565664	-2.0175476e-17	0.22600159
9.85011296999943e-10	-1.8929949e-09	5.530837e-09	0.85956204	-2.0175819e-17	0.22553271
9.875292667490804e-10	-1.316866e-09	4.872404e-09	0.8622812	-2.017473e-17	0.2267131
9.90047254118408e-10	-1.0534927e-09	5.333307e-09	0.864745	-2.0172412e-17	0.22730501
9.925158680336697e-10	-1.679004e-09	5.333307e-09	0.8669771	-2.0169102e-17	0.22737192
9.950338444047254e-10	-1.8436124e-09	5.2016205e-09	0.8691185	-2.0164789e-17	0.22694315
9.975024628482028e-10	-2.8312617e-09	4.4773443e-09	0.87112576	-2.015971e-17	0.22605826
1.0000204562055825e-09	-2.2386721e-09	4.4773443e-09	0.8731128	-2.0153693e-17	0.22471485
1.0025384528346568e-09	-1.8436124e-09	4.0822843e-09	0.87506753	-2.0146814e-17	0.22293903
1.005007071371125e-09	-2.1728288e-09	4.872404e-09	0.8769771	-2.0139188e-17	0.22160496
1.0075250693636935e-09	-2.534967e-09	5.267464e-09	0.8789407	-2.0130413e-17	0.22109076
1.010043080664527e-09	-3.2263217e-09	5.333307e-09	0.88094324	-2.01205e-17	0.22007436
1.0125117030849827e-09	-3.851833e-09	4.6748743e-09	0.882967	-2.0109503e-17	0.21853761
1.0150297151445443e-09	-3.9505976e-09	4.0822843e-09	0.8851176	-2.0096732e-17	0.21766494
1.0175477197265085e-09	-4.2798143e-09	3.753068e-09	0.8873834	-2.0082068e-17	0.21735227
1.0200163653001878e-09	-4.6419526e-09	4.1481276e-09	0.889748	-2.0065436e-17	0.21630833
1.0225343876941529e-09	-6.288035e-09	3.1934e-09	0.89234304	-2.0045605e-17	0.21490164
1.0250030418242759e-09	-7.637823e-09	3.3909298e-09	0.8951103	-2.0022616e-17	0.21512178
1.0275210804013371e-09	-8.855923e-09	2.518506e-09	0.8982136	-1.999454e-17	0.21410556
1.0300391244174785e-09	-9.744808e-09	1.0205711e-09	0.9016648	-1.9960394e-17	0.21378693
1.0325077856908051e-09	-1.0995831e-08	-6.58433e-10	0.90545803	-1.9919161e-17	0.21351367
1.035025838753414e-09	-1.3036973e-08	-2.9629483e-09	0.90982646	-1.9866557e-17	0.21341605
1.0375439047218258e-09	-1.4090466e-08	-5.5802194e-09	0.9147764	-1.9799582e-17	0.21265459
1.0400126070761104e-09	-1.5341488e-08	-1.0074024e-08	0.9202337	-1.9714905e-17	0.21366918
1.0425306891497523e-09	-1.5835314e-08	-1.5539019e-08	0.9263496	-1.9601785e-17	0.21397114
1.0450488005155706e-09	-1.5473175e-08	-2.317684e-08	0.9326801	-1.9450932e-17	0.21373692
1.0475175475045904e-09	-1.12921255e-08	-3.331671e-08	0.93817437	-1.9251787e-17	0.21244693
1.0500356840524077e-09	-2.9300267e-09	-4.3983324e-08	0.94083595	-1.8980816e-17	0.20988901
1.0525044679307677e-09	1.0427932e-08	-5.3069698e-08	0.936182	-1.8661999e-17	0.20759027
1.055022629470404e-09	3.1341408e-08	-5.4649938e-08	0.917688	-1.839823e-17	0.21597703
1.0575408049501932e-09	5.4649938e-08	-4.1086217e-08	0.8845656	-1.839816e-17	0.24506105
1.0600096022587265e-09	7.005727e-08	-2.6864065e-08	0.8492261	-1.8722843e-17	0.23366597
1.0625278135416255e-09	7.657575e-08	-5.0040905e-09	0.8158316	-1.9139997e-17	0.20559898
1.065046279921971e-09	6.590914e-08	2.4230333e-08	0.7850241	-1.9451243e-17	0.19970477
1.0675155300633372e-09	4.5942162e-08	4.5859856e-08	0.75857276	-1.9645804e-17	0.20306987
1.0700334795216806e-09	2.2831163e-08	5.412319e-08	0.73656005	-1.976506e-17	0.2083423
1.0725020053842483e-09	2.5678886e-09	5.0435965e-08	0.7203037	-1.983069e-17	0.21083555
1.0750200158761545e-09	-1.078184e-08	4.0427786e-08	0.70886457	-1.9864815e-17	0.21212895
1.077538031298572e-09	-1.7596621e-08	2.7654185e-08	0.7021231	-1.9880116e-17	0.2109389
1.0800066494285698e-09	-1.897933e-08	1.580239e-08	0.69954735	-1.9886342e-17	0.21129872
1.082524674429095e-09	-1.598346e-08	7.7695095e-09	0.7001875	-1.9889763e-17	0.21107721
1.0850427142124848e-09	-1.257607e-08	3.4238514e-09	0.70344687	-1.989375e-17	0.21060072
1.0875114060486465e-09	-9.39913e-09	1.7119257e-09	0.70879745	-1.9900053e-17	0.21174812
1.0900294966197972e-09	-7.127537e-09	6.5843296e-11	0.71608406	-1.9909763e-17	0.21142827
1.0925475903598142e-09	-5.563759e-09	-1.316866e-09	0.7247914	-1.9923016e-17	0.21215925
1.0950163256027866e-09	-3.3415473e-09	-1.316866e-09	0.73432684	-1.9939268e-17	0.21134531
1.0975344169823768e-09	-2.436202e-09	-2.1728288e-09	0.7447737	-1.9958737e-17	0.21248592
1.1000031428975395e-09	-1.3662484e-09	-1.9752988e-09	0.7554935	-1.9980098e-17	0.2131818
1.1025212357278737e-09	-2.3045155e-10	-2.0740638e-09	0.76669663	-2.0003515e-17	0.21352859
1.1050393187327256e-09	1.2510226e-09	-1.2510226e-09	0.7779431	-2.002779e-17	0.2137459
1.1075080245468283e-09	1.6460824e-09	-4.4444226e-10	0.7887854	-2.0051617e-17	0.2146961
1.1100260871693078e-09	1.9752988e-09	1.11110565e-10	0.7994331	-2.0075101e-17	0.21648322
1.1125441492551795e-09	3.094635e-09	1.5143958e-09	0.80945665	-2.0096932e-17	0.2181601
1.115012826514718e-09	2.6995752e-09	2.2180962e-09	0.8185021	-2.0116046e-17	0.21935895
1.1175308742171317e-09	2.9629483e-09	3.3415473e-09	0.8267982	-2.0132759e-17	0.2199755
1.1200489030075852e-09	2.6995752e-09	3.6378422e-09	0.83408546	-2.0146478e-17	0.22240274
1.12251756169835e-09	2.8641833e-09	4.1810493e-09	0.84025586	-2.0157061e-17	0.22284304
1.1250355659430244e-09	2.6008102e-09	5.069934e-09	0.84562933	-2.0165148e-17	0.22437006
1.1275041873627614e-09	2.436202e-09	5.9258967e-09	0.8501108	-2.0170672e-17	0.22418004
1.130022177814967e-09	1.1851794e-09	5.79421e-09	0.85401684	-2.0174146e-17	0.22569443
1.1325401577584377e-09	3.6213813e-10	5.2016205e-09	0.8573875	-2.0175716e-17	0.22596356
1.1350087631370877e-09	8.888845e-10	5.0040905e-09	0.8602887	-2.017567e-17	0.22586563
1.1375267291030217e-09	1.0864144e-09	5.530837e-09	0.86293495	-2.0174247e-17	0.22693229
1.1400447073481512e-09	7.901196e-10	5.267464e-09	0.8653445	-2.0171641e-17	0.2273513
1.1425133199423551e-09	5.2674637e-10	5.3991505e-09	0.86753786	-2.0168083e-17	0.2273103
1.1450313055300987e-09	-2.9629485e-10	5.530837e-09	0.86965144	-2.016354e-17	0.22675394
1.1475492888273211e-09	-4.609031e-10	5.333307e-09	0.87167966	-2.0158132e-17	0.22573067
1.1500178973164767e-09	-9.876494e-10	5.135777e-09	0.8736165	-2.0152012e-17	0.2243004
1.1525358854456452e-09	-9.218062e-10	5.333307e-09	0.8755671	-2.0144905e-17	0.22241354
1.1550044953756983e-09	-1.218101e-09	5.0040905e-09	0.87747854	-2.0137034e-17	0.22151816
1.1575224810640953e-09	-1.6131608e-09	5.135777e-09	0.8794501	-2.0127983e-17	0.22087975
1.160040478917181e-09	-1.8106907e-09	5.267464e-09	0.88146627	-2.0117754e-17	0.2197268
1.1625091144431063e-09	-2.5020452e-09	4.872404e-09	0.8835095	-2.0106387e-17	0.21803807
1.1650271172333202e-09	-3.2592433e-09	4.6748743e-09	0.8856868	-2.0093167e-17	0.21764839
1.167545124461738e-09	-3.555538e-09	3.9505976e-09	0.8879874	-2.0077952e-17	0.21715565
1.1700137554320894e-09	-3.094635e-09	4.0822843e-09	0.8903947	-2.0060649e-17	0.21589415
1.1725317681513894e-09	-3.555538e-09	4.5431876e-09	0.8930442	-2.0039959e-17	0.21505475
1.1750004180074993e-09	-4.4773443e-09	4.971169e-09	0.8958774	-2.0015905e-17	0.21499693
1.1775184475848886e-09	-5.6625233e-09	5.069934e-09	0.8990634	-1.9986426e-17	0.21358821
1.1800364891553566e-09	-7.967039e-09	3.9505976e-09	0.9026152	-1.9950433e-17	0.21392117
1.1825051519026041e-09	-1.0008181e-08	2.5226212e-09	0.90652764	-1.9906803e-17	0.21304004
1.1850232040611064e-09	-1.1061674e-08	5.925897e-10	0.9110386	-1.9850919e-17	0.21360733
1.1875412726572744e-09	-1.27736e-08	-2.0905246e-09	0.916147	-1.9779485e-17	0.21295036
1.1900099682853059e-09	-1.4222152e-08	-4.213971e-09	0.92175716	-1.9688813e-17	0.2131336
1.1925280614899265e-09	-1.6822963e-08	-9.086375e-09	0.92797726	-1.9567199e-17	0.21365568
1.1950461649869271e-09	-1.7218023e-08	-1.6460824e-08	0.93424493	-1.9404397e-17	0.2134031
1.1975149076155628e-09	-1.5670704e-08	-2.5580121e-08	0.9392727	-1.91892e-17	0.21214084
1.2000330589510432e-09	-1.1193361e-08	-3.674056e-08	0.9405531	-1.890024e-17	0.20929773
1.2025018261538844e-09	-1.6090456e-09	-4.648537e-08	0.9329913	-1.858074e-17	0.20929429
1.2050199928529294e-09	1.7407322e-08	-4.9909218e-08	0.9102821	-1.8365509e-17	0.22148481
1.2075381688263631e-09	3.7267306e-08	-4.3456577e-08	0.8751043	-1.8457344e-17	0.25008816
1.2100069556478076e-09	5.2411263e-08	-3.5884597e-08	0.84043294	-1.8833731e-17	0.22381243
1.212525223655479e-09	6.0839206e-08	-1.6839424e-08	0.80763966	-1.923215e-17	0.20278683
1.2150437617806107e-09	5.754704e-08	9.415592e-09	0.77768624	-1.9511422e-17	0.20032066
1.2175128976687651e-09	4.5361915e-08	2.9300267e-08	0.75241554	-1.9682787e-17	0.20498174
1.2200307592909853e-09	2.8279697e-08	3.917676e-08	0.7317939	-1.9786271e-17	0.20838034
1.2225486818472943e-09	1.2312697e-08	3.9505977e-08	0.71665055	-1.9842734e-17	0.21080934
1.2250173195939038e-09	1.975299e-10	3.374469e-08	0.7067021	-1.9870068e-17	0.2119049
1.2275353278171917e-09	-7.473214e-09	2.6600691e-08	0.70109415	-1.9882292e-17	0.21114491
1.2300039150136533e-09	-1.058431e-08	1.817275e-08	0.69943047	-1.9887326e-17	0.21127626
1.2325219354767596e-09	-1.0205711e-08	1.1325047e-08	0.70079297	-1.9890633e-17	0.21095257
1.2350399811266237e-09	-8.872385e-09	7.506136e-09	0.70465446	-1.9895123e-17	0.21096396
1.2375086793409096e-09	-7.3744495e-09	5.168699e-09	0.71050733	-1.9902207e-17	0.21186578
1.2400267847322255e-09	-6.485565e-09	3.9835193e-09	0.71819985	-1.9912826e-17	0.21093662
1.242544882489173e-09	-4.872404e-09	2.0740638e-09	0.7272048	-1.9926971e-17	0.21225546
1.2450135997239631e-09	-3.3909298e-09	1.0185135e-09	0.7369479	-1.9944005e-17	0.21208337
1.2475317042261948e-09	-2.0740638e-09	3.6213813e-10	0.747542	-1.9964136e-17	0.2119596
1.2500004068290122e-09	-1.1028752e-09	1.3497876e-09	0.7583508	-1.9985979e-17	0.21316488
1.2525185009268307e-09	-6.255113e-10	8.5596286e-10	0.76958734	-2.0009694e-17	0.2139703
1.2550365922824469e-09	1.3168659e-10	1.0205711e-09	0.78080714	-2.003406e-17	0.21462224
1.2575052854118755e-09	1.316866e-09	1.8436124e-09	0.79156554	-2.0057757e-17	0.21511117
1.260023358175048e-09	8.888845e-10	2.3045155e-09	0.8020724	-2.0080893e-17	0.21610744
1.262541418826949e-09	1.5143958e-09	3.0493676e-09	0.81190485	-2.0102175e-17	0.21827546
1.2650100950736822e-09	1.6460824e-09	2.9300267e-09	0.8207243	-2.0120616e-17	0.2200132
1.2675281279549215e-09	2.7654186e-09	3.3909298e-09	0.82876533	-2.0136569e-17	0.22076163
1.2700461529063446e-09	3.3250864e-09	4.016441e-09	0.8357915	-2.0149514e-17	0.2224492
1.2725147890456274e-09	2.7654186e-09	4.4444226e-09	0.8417189	-2.0159387e-17	0.22350365
1.2750328021152575e-09	3.2921648e-09	5.0040905e-09	0.8468721	-2.0166809e-17	0.22435638
1.2775014109468206e-09	3.1604783e-09	6.0575833e-09	0.8511714	-2.0171759e-17	0.22471887
1.2800193883978858e-09	2.0740638e-09	6.551408e-09	0.85492754	-2.0174717e-17	0.22587682
1.2825373776131742e-09	6.58433e-10	5.7283667e-09	0.85818106	-2.0175845e-17	0.22586244
1.2850059763385098e-09	8.230412e-11	5.629602e-09	0.8609942	-2.0175428e-17	0.22617285
1.287523937553884e-09	6.090505e-10	5.7612883e-09	0.8635729	-2.0173683e-17	0.2271039
1.290041914219487e-09	1.2510226e-09	6.1234267e-09	0.8659326	-2.0170801e-17	0.227392
1.2925105112828053e-09	1.5143958e-09	6.2551133e-09	0.8680903	-2.0167e-17	0.2272148
1.2950284833233535e-09	6.9135464e-10	5.7283667e-09	0.87017846	-2.0162231e-17	0.2265351
1.2975464687741658e-09	2.9629485e-10	6.1234267e-09	0.87219024	-2.015661e-17	0.22539699
1.3000150644261032e-09	-9.876495e-11	6.4526433e-09	0.8741183	-2.0150274e-17	0.22385725
1.302533054522282e-09	-4.938247e-10	6.0575833e-09	0.8760665	-2.0142935e-17	0.22185837
1.3050016729647515e-09	-1.4485525e-09	6.3209566e-09	0.8779813	-2.0134815e-17	0.22140068
1.307519658950794e-09	-1.6131608e-09	6.5843295e-09	0.8799621	-2.0125478e-17	0.22063474
1.3100376536749528e-09	-2.3374371e-09	6.3868e-09	0.8819937	-2.0114917e-17	0.21934088
1.3125062870383696e-09	-3.0287917e-09	5.8600533e-09	0.884058	-2.0103162e-17	0.21758598
1.3150242945239498e-09	-3.4896948e-09	6.2551133e-09	0.886264	-2.0089468e-17	0.21758984
1.3175422829519251e-09	-4.6419526e-09	6.3868e-09	0.88860136	-2.0073672e-17	0.21690682
1.32001092103938e-09	-5.563759e-09	6.3209566e-09	0.891054	-2.0055662e-17	0.21541336
1.3225289361434718e-09	-6.847703e-09	6.2551133e-09	0.89376086	-2.0034065e-17	0.21514356
1.325046972561303e-09	-7.670744e-09	5.629602e-09	0.8967246	-2.000832e-17	0.21476296
1.32751562210816e-09	-8.921766e-09	4.9053255e-09	0.89993674	-1.9977884e-17	0.21321023
1.330033654901489e-09	-1.12921255e-08	4.213971e-09	0.90359473	-1.993991e-17	0.21391864
1.3325023250616219e-09	-1.2641913e-08	3.4896948e-09	0.90763164	-1.9893699e-17	0.2124783
1.335020374306882e-09	-1.6658355e-08	5.2674637e-10	0.9122899	-1.9834272e-17	0.21355249
1.3375384313716821e-09	-1.9851754e-08	-3.9505976e-09	0.91755855	-1.9758005e-17	0.21354039
1.340007137626848e-09	-2.2024583e-08	-9.119296e-09	0.9233148	-1.9660813e-17	0.21303806
1.3425252334804079e-09	-2.475708e-08	-1.659251e-08	0.92961127	-1.9529936e-17	0.21272321
1.3450433382361148e-09	-2.515214e-08	-2.7390811e-08	0.93574023	-1.9354104e-17	0.21247463
1.3475120836652009e-09	-2.2123348e-08	-4.1086217e-08	0.9401305	-1.912183e-17	0.2114615
1.3500302256803476e-09	-1.358018e-08	-5.688861e-08	0.93968076	-1.881656e-17	0.20892963
1.35254838548736e-09	4.831252e-09	-7.0847385e-08	0.9283964	-1.8501148e-17	0.21084522
1.3550171727599532e-09	3.3596542e-08	-7.045233e-08	0.901963	-1.8353872e-17	0.22922337
1.357535348502445e-09	6.110258e-08	-5.9193123e-08	0.86574614	-1.8538084e-17	0.25207123
1.3600041591731744e-09	8.085557e-08	-4.3456577e-08	0.83180386	-1.894422e-17	0.2157714
1.3625224753770158e-09	8.7571586e-08	-1.0139868e-08	0.7996316	-1.9315716e-17	0.200229
1.3650410748961861e-09	7.657575e-08	2.6205631e-08	0.7706317	-1.9564638e-17	0.20122568
1.367510020835785e-09	5.3662287e-08	4.9975064e-08	0.74660534	-1.9715059e-17	0.2051989
1.3700278407351052e-09	2.9267346e-08	5.8110825e-08	0.72739506	-1.980441e-17	0.21013975
1.3725458110924208e-09	9.563739e-09	5.372813e-08	0.71360064	-1.9851976e-17	0.21172318
1.3750144568666614e-09	-5.4485327e-09	4.332489e-08	0.7048436	-1.98743e-17	0.21150978
1.3775324397525274e-09	-1.31851206e-08	3.173647e-08	0.7003268	-1.9884019e-17	0.21125238
1.380001040816232e-09	-1.5111036e-08	2.1859975e-08	0.6995152	-1.9888195e-17	0.21123049
1.3825190559930443e-09	-1.4271535e-08	1.4090466e-08	0.70156157	-1.9891586e-17	0.2107834
1.3850371055767954e-09	-1.2115167e-08	8.691315e-09	0.7060021	-1.9896685e-17	0.21129785
1.3875058191627411e-09	-1.0650154e-08	4.872404e-09	0.7123318	-1.9904594e-17	0.21185955
1.3900239093048837e-09	-9.8271125e-09	2.8312617e-09	0.72040105	-1.991612e-17	0.21136434
1.3925420048303072e-09	-7.39091e-09	1.0041102e-09	0.7296788	-1.993114e-17	0.2120947
1.3950107317143933e-09	-5.8271317e-09	-2.9629485e-10	0.7396119	-1.9948926e-17	0.21252888
1.397528809457973e-09	-4.3785793e-09	-1.2510226e-09	0.7503382	-1.9969675e-17	0.21223
1.400046905178049e-09	-2.6995752e-09	-1.1193361e-09	0.76144177	-1.9992416e-17	0.21269499
1.4025156144049747e-09	-1.0205711e-09	-9.218062e-10	0.77247643	-2.0015913e-17	0.2139818
1.4050336954855747e-09	9.876495e-11	1.4814742e-10	0.78365403	-2.004031e-17	0.21505643
1.407502387359578e-09	6.9135464e-10	1.2098705e-09	0.79431415	-2.0063823e-17	0.21600263
1.4100204519547339e-09	1.5802392e-09	8.888845e-10	0.80466634	-2.0086556e-17	0.21681762
1.4125385060626095e-09	2.3045155e-09	2.633732e-09	0.8142964	-2.0107249e-17	0.21799783
1.4150071711327807e-09	2.8312617e-09	3.8394874e-09	0.82288206	-2.0124993e-17	0.22031343
1.417525209077567e-09	2.99587e-09	4.7407176e-09	0.8306646	-2.0140175e-17	0.22159901
1.4200432203218474e-09	2.633732e-09	5.2839244e-09	0.8374318	-2.0152358e-17	0.22226405
1.422511855626954e-09	2.7983402e-09	5.9752794e-09	0.8431221	-2.0161536e-17	0.22396947
1.425029853201543e-09	2.3703588e-09	6.551408e-09	0.84806347	-2.0168316e-17	0.22420846
1.427547838040695e-09	1.5473175e-09	7.539057e-09	0.85226613	-2.017278e-17	0.22516726
1.4300164425589846e-09	1.1522577e-09	7.5719795e-09	0.855805	-2.0175168e-17	0.22597633
1.4325344239953083e-09	5.432072e-10	7.4402924e-09	0.858949	-2.0175872e-17	0.22570297
1.4350030137085709e-09	0	6.847703e-09	0.8616805	-2.0175099e-17	0.22647326
1.4375209767159232e-09	-3.2921648e-11	6.288035e-09	0.86419654	-2.0173046e-17	0.22722988
1.4400389453998937e-09	-1.6460824e-10	7.045233e-09	0.86651003	-2.0169893e-17	0.22739571
1.4425075519221786e-09	-7.571979e-10	6.913546e-09	0.8686352	-2.0165863e-17	0.22708617
1.44502553416609e-09	-1.5143958e-09	6.650173e-09	0.8707004	-2.0160871e-17	0.22628471
1.447543508481604e-09	-2.1069855e-09	6.716016e-09	0.8726978	-2.0155033e-17	0.22503401
1.450012111848011e-09	-2.3703588e-09	6.5184866e-09	0.87461895	-2.0148475e-17	0.22338611
1.4525300877458054e-09	-2.6995752e-09	6.5184866e-09	0.8765661	-2.0140902e-17	0.2216516
1.4550480827295618e-09	-3.358008e-09	6.4526433e-09	0.8785245	-2.013235e-17	0.22123966
1.4575167013995819e-09	-3.555538e-09	5.333307e-09	0.8804774	-2.0122894e-17	0.22035569
1.4600346900289612e-09	-3.4896948e-09	5.3991505e-09	0.8825258	-2.0111985e-17	0.21891642
1.4625033110116203e-09	-4.2468926e-09	4.6748743e-09	0.8846131	-2.0099829e-17	0.21764506
1.4650213108296857e-09	-4.3456576e-09	5.069934e-09	0.8868497	-2.0085636e-17	0.21748546
1.4675393225089177e-09	-5.629602e-09	4.609031e-09	0.8892261	-2.0069223e-17	0.2166025
1.4700079564124269e-09	-6.3209566e-09	4.1481276e-09	0.8917267	-2.0050466e-17	0.21486335
1.4725259699899426e-09	-7.506136e-09	3.456773e-09	0.8944944	-2.0027899e-17	0.21516281
1.4750439945333874e-09	-8.362099e-09	2.9629483e-09	0.89753306	-2.000091e-17	0.2144453
1.4775126478288798e-09	-9.5802e-09	3.0123308e-09	0.9008352	-1.9968891e-17	0.21356317
1.4800306837827603e-09	-1.1753029e-08	1.5143958e-09	0.90460443	-1.9928788e-17	0.21376586
1.482548726265192e-09	-1.3827092e-08	-1.0534927e-09	0.90885985	-1.987869e-17	0.21309471
1.4850174080930114e-09	-1.5901156e-08	-3.6213814e-09	0.9135814	-1.9816531e-17	0.21321869
1.4875354780472108e-09	-1.7547238e-08	-7.884735e-09	0.9190107	-1.9735016e-17	0.21377596
1.49000418450818e-09	-1.8436124e-08	-1.3827092e-08	0.92490244	-1.9630731e-17	0.21376361
1.4925222789120176e-09	-1.817275e-08	-2.1859975e-08	0.9312382	-1.948975e-17	0.21346614
1.4950403862643962e-09	-1.5539019e-08	-3.236198e-08	0.9371336	-1.9299733e-17	0.21231401
1.497509140312859e-09	-9.1522185e-09	-4.3193204e-08	0.9406775	-1.9049634e-17	0.21060929
1.5e-09	2.9794092e-09	-5.4254876e-08	0.9381824	-1.8735019e-17	0.20848143
