# t (s)	mx ()	my ()	mz ()	E_total (J)	MaxAngle (rad)
0	1.0452623e-09	4.2798143e-10	0.97953576	-2.0725775e-17	0.26627153
2.5237588611014455e-12	8.785965e-10	6.748938e-10	0.9758611	-2.0712308e-17	0.2520521
5.001363824923078e-12	5.1851595e-10	8.724237e-10	0.9731445	-2.0690201e-17	0.24435547
7.524355389418107e-12	9.876495e-11	1.0534927e-09	0.97142404	-2.066178e-17	0.24017797
1.0046185703376831e-11	5.5966803e-10	9.218062e-10	0.9710058	-2.0630581e-17	0.2390926
1.2517914269853534e-11	1.3168659e-10	1.218101e-09	0.97197634	-2.0600316e-17	0.24133164
1.5038376226501688e-11	-7.2427625e-10	9.876494e-10	0.97430295	-2.0572215e-17	0.24364021
1.750896423932895e-11	-3.950598e-10	5.2674637e-10	0.97767717	-2.0549036e-17	0.2520478
2.0028522775523278e-11	-1.2510226e-09	2.6337318e-10	0.9818899	-2.0531238e-17	0.27093083
2.2547827879371475e-11	-9.876494e-10	-7.2427625e-10	0.9863931	-2.0520885e-17	0.33424985
2.5017532475817467e-11	-1.975299e-10	-1.8436124e-09	0.9903941	-2.0520083e-17	0.6426626
2.7509101995723572e-11	1.4320917e-09	-2.633732e-09	0.9930575	-2.086266e-17	0.11461073
3.002760557827282e-11	3.2427825e-09	-6.58433e-10	0.9935103	-2.0951257e-17	0.0888051
3.2549383951226445e-11	2.39505e-09	1.9752988e-09	0.9936208	-2.0967445e-17	0.08880308
3.5020151727554646e-11	1.5802392e-09	2.6995752e-09	0.9937027	-2.0975436e-17	0.08880308
3.753774464123313e-11	-1.1234512e-09	3.1604783e-09	0.99379796	-2.0981238e-17	0.08880241
4.0004234263093995e-11	-3.333317e-09	5.2674637e-10	0.99389887	-2.0986543e-17	0.08880443
4.252091940704294e-11	-9.876494e-10	-3.2921648e-09	0.9939833	-2.0991425e-17	0.08879368
4.5038975142705286e-11	3.0617133e-09	-2.5678886e-09	0.9940455	-2.0995189e-17	0.088820554
4.750760700240789e-11	4.135782e-09	9.876494e-10	0.99409693	-2.0997844e-17	0.08879703
5.0024128959079257e-11	1.218101e-09	4.7407176e-09	0.9941241	-2.09998e-17	0.08881316
5.253996471436317e-11	-2.613156e-09	2.897105e-09	0.9941621	-2.1001406e-17	0.088826604
5.500718134163781e-11	-3.2098608e-09	-1.5802392e-09	0.99420035	-2.100275e-17	0.08881316
5.752457603947154e-11	2.5514277e-10	-4.2798143e-09	0.9942075	-2.1003854e-17	0.08879973
6.004187819718444e-11	4.323024e-09	-2.2386721e-09	0.9942067	-2.1004705e-17	0.08881787
6.250911746310529e-11	4.452653e-09	2.633732e-09	0.9942335	-2.1005325e-17	0.088828616
6.502531010731759e-11	1.3168659e-10	5.0040905e-09	0.99426377	-2.1005831e-17	0.08881653
6.754187949551116e-11	-3.7695287e-09	2.1069855e-09	0.99426347	-2.1006238e-17	0.08880174
7.000957422416202e-11	-3.49381e-09	-2.897105e-09	0.9942482	-2.100655e-17	0.08880913
7.252660211463368e-11	1.8683035e-09	-4.872404e-09	0.9942477	-2.1006801e-17	0.08880712
7.504324893961109e-11	5.8621112e-09	-1.0534927e-09	0.99426806	-2.1006985e-17	0.088820554
7.751034221613803e-11	4.4135584e-09	4.3456576e-09	0.9942846	-2.1007132e-17	0.08881115
8.002695950424212e-11	-1.1357969e-09	5.267464e-09	0.99428046	-2.1007246e-17	0.08880241
8.254384444399514e-11	-5.168699e-09	7.901196e-10	0.994267	-2.1007337e-17	0.08880712
8.501138801084634e-11	-3.2263217e-09	-5.0040905e-09	0.9942643	-2.100741e-17	0.08880443
8.75280626079544e-11	2.9115084e-09	-5.79421e-09	0.9942752	-2.1007464e-17	0.08881182
9.004463113062053e-11	6.8806245e-09	-5.925897e-10	0.99428535	-2.1007504e-17	0.08880712
9.251194520881588e-11	4.3621182e-09	5.530837e-09	0.9942834	-2.100754e-17	0.08880174
9.502874835237516e-11	-2.2715938e-09	5.79421e-09	0.9942752	-2.1007567e-17	0.0888051
9.754556318480343e-11	-5.6378324e-09	1.3168659e-10	0.9942724	-2.1007588e-17	0.08880375
1.0001289319522125e-10	-2.633732e-09	-5.267464e-09	0.9942777	-2.1007603e-17	0.08880644
1.0252952425404966e-10	4.701623e-09	-5.3991505e-09	0.99428314	-2.1007612e-17	0.08880577
1.0504619310181e-10	7.827122e-09	7.901196e-10	0.99428254	-2.1007621e-17	0.08880107
1.0751361235193426e-10	3.851833e-09	7.242763e-09	0.99427825	-2.1007635e-17	0.08880308
1.1003037944449969e-10	-3.835372e-09	5.79421e-09	0.99427634	-2.1007638e-17	0.08880308
1.1254709116037898e-10	-6.4444126e-09	-1.316866e-09	0.99427897	-2.1007643e-17	0.08880443
1.1501441696530202e-10	-1.746905e-09	-7.111076e-09	0.9942818	-2.1007646e-17	0.08880375
1.175311008388933e-10	6.2016157e-09	-5.267464e-09	0.9942815	-2.1007646e-17	0.08880174
1.2004784168309762e-10	8.407366e-09	2.633732e-09	0.9942792	-2.1007653e-17	0.08880241
1.2251524198565277e-10	2.5061604e-09	8.164569e-09	0.99427825	-2.1007653e-17	0.08880174
1.2503196745827097e-10	-5.3415374e-09	5.6625233e-09	0.9942795	-2.1007655e-17	0.08880308
1.2754864226677683e-10	-7.069924e-09	-2.897105e-09	0.99428105	-2.1007656e-17	0.08880241
1.3001600656696225e-10	-5.349768e-10	-7.637823e-09	0.9942809	-2.1007655e-17	0.08880241
1.3253273260100995e-10	7.637823e-09	-4.0822843e-09	0.9942796	-2.1007656e-17	0.08880174
1.3500009765515315e-10	8.38679e-09	4.4773443e-09	0.9942791	-2.1007656e-17	0.08880174
1.3751680490144724e-10	5.6378324e-10	8.9546885e-09	0.99427956	-2.1007656e-17	0.08880241
1.4003350595166e-10	-7.3950255e-09	4.213971e-09	0.9942806	-2.1007656e-17	0.08880174
1.4250086429135403e-10	-6.872394e-09	-4.7407176e-09	0.9942806	-2.1007656e-17	0.08880174
1.4501758474320284e-10	1.6008151e-09	-9.613121e-09	0.99427986	-2.1007655e-17	0.08880174
1.4753431098856895e-10	9.839458e-09	-3.555538e-09	0.9942795	-2.1007656e-17	0.08880241
1.500016709049707e-10	8.740698e-09	6.847703e-09	0.99427986	-2.1007656e-17	0.08880174
1.525183823873466e-10	-1.2263314e-09	1.0271554e-08	0.9942802	-2.1007656e-17	0.08880241
1.5503508558542047e-10	-9.2304075e-09	3.6872247e-09	0.9942803	-2.1007655e-17	0.08880174
1.575024384508659e-10	-7.242763e-09	-6.847703e-09	0.9942799	-2.100766e-17	0.08880107
1.600191669789589e-10	3.6501877e-09	-1.0139868e-08	0.9942796	-2.1007658e-17	0.08880174
1.6253587835207782e-10	1.15266925e-08	-1.7119257e-09	0.99427986	-2.1007656e-17	0.08880174
1.6500324310527222e-10	7.958809e-09	8.9546885e-09	0.9942801	-2.1007658e-17	0.08880241
1.675199518579266e-10	-3.6090357e-09	1.0534928e-08	0.9942802	-2.1007658e-17	0.08880107
1.7003666630274877e-10	-1.0917642e-08	1.0534927e-09	0.99428	-2.1007656e-17	0.08880174
1.7250402970299195e-10	-5.39092e-09	-9.744808e-09	0.99427986	-2.1007658e-17	0.08880174
1.7502074919911697e-10	6.8970856e-09	-1.0304476e-08	0.99427986	-2.1007658e-17	0.08880174
1.7753745328484413e-10	1.3160429e-08	6.58433e-10	0.99428004	-2.1007658e-17	0.08880174
1.800048116027903e-10	6.4444126e-09	1.2049323e-08	0.99428004	-2.1007656e-17	0.08880241
1.8252152829271374e-10	-6.7324772e-09	1.1325047e-08	0.99428004	-2.1007658e-17	0.08880241
1.8503823766315178e-10	-1.2798291e-08	-7.901196e-10	0.9942799	-2.100766e-17	0.08880174
1.875056000019836e-10	-4.650183e-09	-1.2510227e-08	0.9942799	-2.1007658e-17	0.08880241
1.900223100542853e-10	9.831227e-09	-1.0271554e-08	0.99428004	-2.1007658e-17	0.08880174
1.9253902184275147e-10	1.4411452e-08	3.555538e-09	0.99428004	-2.1007658e-17	0.08880174
1.950063862893308e-10	4.6954503e-09	1.4353839e-08	0.99428004	-2.1007658e-17	0.08880241
1.9752309576085855e-10	-1.0300361e-08	1.0534928e-08	0.9942799	-2.1007658e-17	0.08880174
2.0003979772004345e-10	-1.3897051e-08	-4.872404e-09	0.99428	-2.1007656e-17	0.08880174
2.025071733300119e-10	-1.6810617e-09	-1.5143959e-08	0.99428	-2.1007656e-17	0.08880174
2.0502389311908126e-10	1.3600756e-08	-9.086375e-09	0.99428004	-2.100766e-17	0.08880174
2.0754059792443037e-10	1.558017e-08	7.3744495e-09	0.99428004	-2.1007658e-17	0.08880241
2.100079659447154e-10	1.3415572e-09	1.7119257e-08	0.99428	-2.1007656e-17	0.08880241
2.1252467331846488e-10	-1.4115157e-08	8.823002e-09	0.99428	-2.100766e-17	0.08880174
2.1504138602511897e-10	-1.4004046e-08	-9.481435e-09	0.99428004	-2.1007656e-17	0.08880174
2.1750875105629935e-10	1.9156283e-09	-1.8041064e-08	0.99428004	-2.1007658e-17	0.08880241
2.2002546545416703e-10	1.7604851e-08	-7.506136e-09	0.99428004	-2.1007658e-17	0.08880174
2.2254217697146242e-10	1.576947e-08	1.198348e-08	0.99428	-2.1007658e-17	0.08880174
2.25009540272752e-10	-1.9917596e-09	1.9752989e-08	0.9942799	-2.1007658e-17	0.08880241
2.275262439385257e-10	-1.795876e-08	6.716016e-09	0.99428004	-2.1007658e-17	0.08880174
2.3004295718626208e-10	-1.3917627e-08	-1.3563719e-08	0.99428004	-2.1007658e-17	0.08880241
2.3251032213812564e-10	5.748943e-09	-1.896287e-08	0.99428004	-2.1007656e-17	0.08880241
2.3502703705762727e-10	2.0728294e-08	-4.213971e-09	0.99428004	-2.1007658e-17	0.08880241
2.3754375061749844e-10	1.4641903e-08	1.6855884e-08	0.9942799	-2.1007658e-17	0.08880241
2.400111173042068e-10	-7.2551085e-09	2.0806482e-08	0.99428004	-2.1007658e-17	0.08880174
2.4252782696711803e-10	-2.137438e-08	3.2921648e-09	0.99428004	-2.1007658e-17	0.08880174
2.4504454320256977e-10	-1.2382655e-08	-1.8304437e-08	0.99428004	-2.1007658e-17	0.08880241
2.475118979713977e-10	1.0921757e-08	-2.0543109e-08	0.99428004	-2.1007656e-17	0.08880241
2.5002861408113086e-10	2.4666544e-08	-5.2674637e-10	0.99428	-2.1007658e-17	0.08880174
2.525453210163891e-10	1.3123392e-08	2.2123348e-08	0.99428	-2.1007658e-17	0.08880174
2.550126857251165e-10	-1.218101e-08	2.1859975e-08	0.99428004	-2.1007658e-17	0.08880174
2.5752940675501967e-10	-2.48435e-08	-1.316866e-09	0.99428004	-2.1007658e-17	0.08880174
2.6004610851640813e-10	-1.02221716e-08	-2.3440213e-08	0.9942799	-2.1007656e-17	0.08880241
2.6251347966417594e-10	1.6625432e-08	-2.1201542e-08	0.99428004	-2.1007658e-17	0.08880174
2.6503019245625444e-10	2.7868175e-08	5.0040905e-09	0.99428004	-2.1007658e-17	0.08880241
2.6754689645677016e-10	9.4279375e-09	2.6732378e-08	0.99428004	-2.1007658e-17	0.08880174
2.700142634555363e-10	-1.8707727e-08	2.1333229e-08	0.99428004	-2.1007658e-17	0.08880174
2.72530978065009e-10	-2.7172705e-08	-7.637823e-09	0.99428004	-2.1007658e-17	0.08880174
2.750476916626956e-10	-5.2427724e-09	-2.8971051e-08	0.99428004	-2.1007656e-17	0.08880174
2.775150578950531e-10	2.3905232e-08	-1.9621302e-08	0.99428004	-2.1007656e-17	0.08880107
2.8003176424986166e-10	2.9728248e-08	1.1325047e-08	0.99428004	-2.1007656e-17	0.08880107
2.825484707403834e-10	4.4279616e-09	3.160478e-08	0.99428004	-2.1007658e-17	0.08880308
2.850158376362736e-10	-2.538259e-08	1.8699497e-08	0.99428	-2.1007656e-17	0.08880174
2.875325500176687e-10	-2.8629488e-08	-1.5012272e-08	0.99428	-2.1007658e-17	0.08880174
2.9004925988037847e-10	4.691335e-10	-3.3843456e-08	0.99428	-2.1007658e-17	0.08880241
2.9251662006092157e-10	3.114388e-08	-1.659251e-08	0.99428004	-2.1007656e-17	0.08880174
2.9503333885110574e-10	3.0073927e-08	1.9752989e-08	0.99428	-2.1007658e-17	0.08880107
2.975007032882647e-10	-1.9464925e-09	3.6477186e-08	0.99428004	-2.1007658e-17	0.08880241
3.000174026267788e-10	-3.307391e-08	1.5078115e-08	0.99428	-2.1007658e-17	0.08880241
3.0253411808131516e-10	-2.8736483e-08	-2.3308527e-08	0.99428004	-2.1007658e-17	0.08880107
3.0500149010339835e-10	7.3456428e-09	-3.7662367e-08	0.99428	-2.1007658e-17	0.08880174
3.075182016607341e-10	3.800393e-08	-1.158842e-08	0.99428004	-2.1007658e-17	0.08880174
3.100349185191938e-10	2.9238539e-08	2.8707678e-08	0.99428004	-2.1007658e-17	0.08880174
3.1250228007457274e-10	-1.0744803e-08	3.990104e-08	0.99428004	-2.1007658e-17	0.08880174
3.1501898906138675e-10	-4.036194e-08	8.823002e-09	0.99428004	-2.1007658e-17	0.08880174
3.1753569740031454e-10	-2.6538965e-08	-3.31521e-08	0.99428004	-2.1007658e-17	0.08880174
3.2000306748466717e-10	1.7032837e-08	-4.0822844e-08	0.99428004	-2.1007658e-17	0.08880241
3.2251977080055687e-10	4.5388667e-08	-4.4773443e-09	0.99428004	-2.1007656e-17	0.08880241
3.250364889815708e-10	2.6180942e-08	3.8057426e-08	0.99428004	-2.1007658e-17	0.08880241
3.2750384271814403e-10	-2.0561627e-08	4.1744652e-08	0.99428	-2.1007658e-17	0.08880241
3.300205656958845e-10	-4.7020343e-08	3.950598e-10	0.99428004	-2.1007658e-17	0.08880174
3.3253727605213986e-10	-2.214804e-08	-4.2798142e-08	0.99428004	-2.1007658e-17	0.08880174
3.3500464387978894e-10	2.7703567e-08	-4.0954532e-08	0.99428004	-2.1007658e-17	0.08880174
3.375213500340134e-10	5.1267236e-08	5.3991505e-09	0.99428004	-2.1007656e-17	0.08880174
3.400380638268831e-10	2.016451e-08	4.8592355e-08	0.99428004	-2.1007658e-17	0.08880174
3.425054404418921e-10	-3.2921648e-08	4.1415433e-08	0.99428004	-2.1007658e-17	0.08880107
3.450221416621238e-10	-5.2839248e-08	-1.0929988e-08	0.99428004	-2.1007656e-17	0.08880107
3.475388532026735e-10	-1.4839433e-08	-5.372813e-08	0.99428004	-2.1007658e-17	0.08880241
3.500062225902285e-10	4.0831075e-08	-4.0164412e-08	0.99428004	-2.1007658e-17	0.08880241
3.525229285116946e-10	5.6308366e-08	1.738263e-08	0.99428004	-2.1007656e-17	0.08880174
3.550396411187239e-10	1.1473195e-08	5.8863908e-08	0.99428004	-2.1007656e-17	0.08880174
3.575070099926307e-10	-4.6287838e-08	3.8847546e-08	0.99428004	-2.1007658e-17	0.08880241
3.600237199119021e-10	-5.6254866e-08	-2.396696e-08	0.9942799	-2.1007658e-17	0.08880174
3.6254043201572125e-10	-4.2880446e-09	-6.281451e-08	0.99428	-2.1007658e-17	0.08880241
3.650077945257574e-10	5.4824834e-08	-3.535785e-08	0.99428004	-2.1007658e-17	0.08880107
3.6752450082631127e-10	5.8565554e-08	3.2131528e-08	0.99428004	-2.1007658e-17	0.08880174
3.700412257463908e-10	-7.119306e-10	6.78186e-08	0.99428004	-2.1007658e-17	0.08880174
3.7250858757302004e-10	-6.056966e-08	3.2658274e-08	0.99428004	-2.1007658e-17	0.08880174
3.750252893759019e-10	-5.730836e-08	-3.990104e-08	0.99428	-2.1007658e-17	0.08880174
3.775420034924878e-10	9.662504e-09	-7.124245e-08	0.99428004	-2.1007656e-17	0.08880241
3.800093713688103e-10	6.934122e-08	-2.7127438e-08	0.99428004	-2.1007658e-17	0.08880174
3.82526072252659e-10	5.8230167e-08	4.938247e-08	0.99428	-2.1007658e-17	0.08880174
3.850427880279446e-10	-1.6325023e-08	7.5390574e-08	0.99428	-2.1007658e-17	0.08880174
3.8751015100257954e-10	-7.488852e-08	2.1859975e-08	0.99428004	-2.1007658e-17	0.08880241
3.9002686342448914e-10	-5.469932e-08	-5.7942103e-08	0.99428	-2.1007658e-17	0.08880174
3.925435763301484e-10	2.7419619e-08	-7.703666e-08	0.99428004	-2.1007658e-17	0.08880174
3.95010935174097e-10	8.329177e-08	-1.4222152e-08	0.99428004	-2.1007658e-17	0.08880174
3.9752765263862147e-10	5.2958587e-08	6.821366e-08	0.99428004	-2.1007658e-17	0.08880241
4.000443657108553e-10	-3.6008053e-08	7.95387e-08	0.99428	-2.1007658e-17	0.08880174
4.025117276051607e-10	-8.8575696e-08	6.18927e-09	0.99428004	-2.1007658e-17	0.08880107
4.050284338823797e-10	-4.7382482e-08	-7.769509e-08	0.99428004	-2.1007656e-17	0.08880241
4.0754514825298887e-10	4.873021e-08	-7.993376e-08	0.99428004	-2.1007658e-17	0.08880174
4.1001252730787805e-10	9.620117e-08	3.9505976e-09	0.99428004	-2.1007658e-17	0.08880174
4.125292286527631e-10	4.269115e-08	8.83617e-08	0.99428	-2.1007658e-17	0.08880107
4.150459426726861e-10	-5.9098475e-08	8.019713e-08	0.9942799	-2.1007658e-17	0.08880174
4.175133121533629e-10	-1.0042749e-07	-1.3695406e-08	0.99428004	-2.1007658e-17	0.08880174
4.2003001404315377e-10	-3.437843e-08	-9.797483e-08	0.99428004	-2.1007658e-17	0.08880174
4.225467235832366e-10	7.320951e-08	-7.848521e-08	0.99428004	-2.1007658e-17	0.08880174
4.250140934970241e-10	1.0688425e-07	2.6205631e-08	0.99428004	-2.1007658e-17	0.08880174
4.2753080252289473e-10	2.7901097e-08	1.0877313e-07	0.99428004	-2.1007656e-17	0.08880174
4.3004750837381477e-10	-8.440288e-08	7.611485e-08	0.99428004	-2.1007658e-17	0.08880174
4.325148900914521e-10	-1.091044e-07	-3.8057426e-08	0.99428004	-2.1007658e-17	0.08880174
4.3503159515250534e-10	-1.6238603e-08	-1.1706938e-07	0.99428004	-2.1007658e-17	0.08880174
4.375483062336524e-10	9.934931e-08	-7.111076e-08	0.99428004	-2.1007658e-17	0.08880174
4.4001566433466164e-10	1.1319286e-07	5.3201383e-08	0.99428004	-2.1007658e-17	0.08880241
4.42532386682086e-10	6.407376e-09	1.2747262e-07	0.99428004	-2.1007658e-17	0.08880107
4.4504909197050703e-10	-1.11649655e-07	6.5579925e-08	0.99428004	-2.1007658e-17	0.08880174
4.4751646255826296e-10	-1.1318051e-07	-6.78186e-08	0.99428004	-2.1007658e-17	0.08880174
4.5003316829999237e-10	8.164569e-09	-1.3484707e-07	0.99428004	-2.1007658e-17	0.08880174
4.525005395245879e-10	1.2549732e-07	-6.004909e-08	0.99428	-2.1007658e-17	0.08880174
4.550172446709017e-10	1.1432454e-07	8.493785e-08	0.99428004	-2.1007658e-17	0.08880241
4.5753395925413784e-10	-2.2036929e-08	1.434067e-07	0.99428004	-2.1007658e-17	0.08880241
4.6000132678457757e-10	-1.3847874e-07	5.076518e-08	0.99428004	-2.1007656e-17	0.08880174
4.625180293122327e-10	-1.1103238e-07	-1.0153036e-07	0.99428004	-2.1007658e-17	0.08880174
4.6503474531724283e-10	4.0279637e-08	-1.4946428e-07	0.99428	-2.1007656e-17	0.08880174
4.675021138489075e-10	1.5390047e-07	-3.8057426e-08	0.9942799	-2.1007656e-17	0.08880241
4.700188220249614e-10	1.07958314e-07	1.2036155e-07	0.99428004	-2.1007658e-17	0.08880174
4.725355243159925e-10	-5.7682843e-08	1.5407332e-07	0.99428004	-2.1007656e-17	0.08880241
4.75002900861257e-10	-1.6559177e-07	2.3835273e-08	0.99428004	-2.1007656e-17	0.08880174
4.775196039056737e-10	-9.930815e-08	-1.394561e-07	0.99428	-2.1007658e-17	0.08880241
4.800363166932493e-10	7.9658044e-08	-1.5644368e-07	0.99428	-2.1007656e-17	0.08880107
4.82503675279493e-10	1.7981804e-07	-6.18927e-09	0.99428004	-2.1007658e-17	0.08880174
4.850203937359311e-10	9.202835e-08	1.5960416e-07	0.99428	-2.1007658e-17	0.08880174
4.875371051721402e-10	-1.00069464e-07	1.5868234e-07	0.99428004	-2.1007658e-17	0.08880174
4.9000447445756e-10	-1.9032828e-07	-1.1851793e-08	0.99428004	-2.1007658e-17	0.08880241
4.925211797092139e-10	-7.8670396e-08	-1.7883039e-07	0.99428004	-2.1007658e-17	0.08880174
4.950378864786976e-10	1.2534917e-07	-1.5644368e-07	0.99428004	-2.1007658e-17	0.08880174
4.97505255137412e-10	2.0254633e-07	3.4370203e-08	0.99428004	-2.1007658e-17	0.08880174
5.000219743204494e-10	6.574453e-08	1.9924181e-07	0.99428	-2.1007656e-17	0.08880174
5.025386808041273e-10	-1.4837786e-07	1.5380994e-07	0.99428004	-2.1007658e-17	0.08880174
5.050060375692078e-10	-2.0999485e-07	-5.767873e-08	0.99428	-2.1007658e-17	0.08880174
5.075227620470011e-10	-4.6419526e-08	-2.1794132e-07	0.99428	-2.1007658e-17	0.08880241
5.100394677806625e-10	1.7573576e-07	-1.4564537e-07	0.99428004	-2.1007658e-17	0.08880241
5.12506838335335e-10	2.1799893e-07	8.454279e-08	0.99428004	-2.1007658e-17	0.08880174
5.150235431713194e-10	2.7588342e-08	2.3703586e-07	0.99428	-2.1007658e-17	0.08880174
5.175402558689147e-10	-2.0098256e-07	1.3682236e-07	0.99428	-2.1007658e-17	0.08880107
5.200076166881673e-10	-2.2112032e-07	-1.12723725e-07	0.99428004	-2.1007658e-17	0.08880174
5.225243294384686e-10	-2.1008126e-09	-2.5389176e-07	0.99428	-2.1007658e-17	0.08880241
5.250410440749613e-10	2.2969434e-07	-1.2312697e-07	0.99428	-2.1007658e-17	0.08880174
5.275084116952084e-10	2.2383017e-07	1.4406514e-07	0.99428004	-2.1007658e-17	0.08880241
5.300251247403579e-10	-2.3888772e-08	2.7061594e-07	0.99428004	-2.1007658e-17	0.08880174
5.325418436313114e-10	-2.5608517e-07	1.06139396e-07	0.99428004	-2.1007656e-17	0.08880241
5.350091895719667e-10	-2.2083842e-07	-1.7725016e-07	0.99428004	-2.1007656e-17	0.08880174
5.37525895019655e-10	5.6427705e-08	-2.8431137e-07	0.99428004	-2.1007658e-17	0.08880174
5.400426149701768e-10	2.850521e-07	-8.4016044e-08	0.99428004	-2.1007658e-17	0.08880241
5.425099860362141e-10	2.1645984e-07	2.1306892e-07	0.99428	-2.1007658e-17	0.08880174
5.45026697019929e-10	-8.93617e-08	2.965582e-07	0.99428004	-2.1007658e-17	0.08880174
5.47543407863406e-10	-3.1006843e-07	5.9258966e-08	0.99428004	-2.1007656e-17	0.08880174
5.500107656886404e-10	-2.0529117e-07	-2.4915104e-07	0.99428004	-2.1007658e-17	0.08880174
5.525274857420276e-10	1.2845615e-07	-3.0432773e-07	0.99428004	-2.1007658e-17	0.08880174
5.550441959471329e-10	3.3726172e-07	-2.8707678e-08	0.99428004	-2.1007658e-17	0.08880174
5.575115638106226e-10	1.928262e-07	2.868134e-07	0.99428004	-2.1007658e-17	0.08880174
5.600282646415639e-10	-1.674251e-07	3.0985856e-07	0.99428004	-2.1007658e-17	0.08880241
5.625449775845034e-10	-3.5917517e-07	-5.530837e-09	0.99428004	-2.1007658e-17	0.08880174
5.650123429619895e-10	-1.7133661e-07	-3.242124e-07	0.99428004	-2.1007656e-17	0.08880174
5.675290498303438e-10	2.132006e-07	-3.0920012e-07	0.99428004	-2.1007658e-17	0.08880174
5.700457686005913e-10	3.8203103e-07	4.556356e-08	0.9942799	-2.1007656e-17	0.08880174
5.725131335377114e-10	1.4847252e-07	3.6398174e-07	0.99428	-2.1007658e-17	0.08880174
5.750298511266224e-10	-2.587724e-07	3.0617133e-07	0.99428004	-2.1007656e-17	0.08880241
5.775465540114992e-10	-3.994754e-07	-8.9415195e-08	0.99428004	-2.1007658e-17	0.08880241
5.800139183676209e-10	-1.1662494e-07	-4.0203918e-07	0.99428004	-2.100766e-17	0.08880241
5.825306329945951e-10	3.097022e-07	-2.9682158e-07	0.99428004	-2.1007658e-17	0.08880174
5.850473440603017e-10	4.1632717e-07	1.3932441e-07	0.99428004	-2.1007658e-17	0.08880174
5.875146925523403e-10	8.1250626e-08	4.4049165e-07	0.99428004	-2.1007658e-17	0.08880174
5.900314061601513e-10	-3.5968958e-07	2.8220438e-07	0.99428004	-2.1007658e-17	0.08880174
5.925481254020389e-10	-4.2537238e-07	-1.9213074e-07	0.99428004	-2.1007658e-17	0.08880174
5.950154910223675e-10	-3.7505988e-08	-4.7591536e-07	0.99428004	-2.1007656e-17	0.08880174
5.975322022835297e-10	4.1369344e-07	-2.6047607e-07	0.99428	-2.1007658e-17	0.08880174
6.000489093226631e-10	4.3263162e-07	2.5086297e-07	0.99428004	-2.100766e-17	0.08880174
6.025162692543749e-10	-1.0255094e-08	5.100222e-07	0.99428004	-2.1007658e-17	0.08880174
6.050329880939031e-10	-4.6617055e-07	2.3163672e-07	0.99428004	-2.1007658e-17	0.08880174
6.075003428867618e-10	-4.3675917e-07	-3.0340593e-07	0.99428004	-2.1007658e-17	0.08880174
6.100170606093042e-10	6.7966745e-08	-5.400467e-07	0.99428004	-2.1007658e-17	0.08880174
6.125337687693887e-10	5.2152006e-07	-1.9502785e-07	0.99428004	-2.1007658e-17	0.08880174
6.150011382682978e-10	4.3236003e-07	3.7017102e-07	0.9942799	-2.1007658e-17	0.08880174
6.175178452371013e-10	-1.2945615e-07	5.665157e-07	0.9942799	-2.1007658e-17	0.08880241
6.200345534213174e-10	-5.732482e-07	1.5104452e-07	0.99428004	-2.1007658e-17	0.08880241
6.225019179257973e-10	-4.1668932e-07	-4.390431e-07	0.99428	-2.1007658e-17	0.08880174
6.250186277413818e-10	2.0066979e-07	-5.8613705e-07	0.99428	-2.1007658e-17	0.08880174
6.275353287262628e-10	6.26606e-07	-9.718471e-08	0.99428004	-2.1007658e-17	0.08880241
6.300026995049752e-10	3.9667293e-07	5.1239255e-07	0.99428004	-2.1007658e-17	0.08880174
6.325194146769303e-10	-2.753978e-07	6.0167605e-07	0.99428004	-2.1007658e-17	0.08880174
6.350361298222747e-10	-6.744658e-07	3.5818754e-08	0.99428004	-2.1007658e-17	0.08880174
6.375034950177045e-10	-3.6415048e-07	-5.8679547e-07	0.99428004	-2.1007658e-17	0.08880174
6.400202035949522e-10	3.5894885e-07	-6.0839204e-07	0.99428004	-2.1007658e-17	0.08880174
6.42536918220858e-10	7.217907e-07	3.595044e-08	0.99428004	-2.1007658e-17	0.08880174
6.450042786640169e-10	3.2471445e-07	6.6291034e-07	0.99428004	-2.1007658e-17	0.08880174
6.475209941520533e-10	-4.454546e-07	6.076019e-07	0.99428004	-2.1007658e-17	0.08880174
6.500376973036253e-10	-7.609428e-07	-1.1601589e-07	0.99428004	-2.1007658e-17	0.08880241
6.525050596086027e-10	-2.7121266e-07	-7.379717e-07	0.99428004	-2.1007658e-17	0.08880174
6.550217861273915e-10	5.4015374e-07	-5.962769e-07	0.99428004	-2.1007656e-17	0.08880241
6.575384962890468e-10	7.964488e-07	2.0569446e-07	0.99428004	-2.1007658e-17	0.08880174
6.600058527625086e-10	2.0926234e-07	8.135598e-07	0.99428004	-2.1007658e-17	0.08880174
6.625225672188339e-10	-6.3683433e-07	5.7494367e-07	0.99428004	-2.1007656e-17	0.08880241
6.650392803544774e-10	-8.2208857e-07	-3.0432773e-07	0.99428004	-2.1007658e-17	0.08880241
6.675066410041121e-10	-1.3263721e-07	-8.859874e-07	0.99428004	-2.1007658e-17	0.08880174
6.700233556677901e-10	7.396918e-07	-5.407052e-07	0.99428004	-2.1007656e-17	0.08880241
6.725400678691576e-10	8.408477e-07	4.1323253e-07	0.99428004	-2.1007658e-17	0.08880174
6.750074310580043e-10	4.5814588e-08	9.55518e-07	0.99428004	-2.1007658e-17	0.08880174
6.775241429427352e-10	-8.4301024e-07	4.9382476e-07	0.99428004	-2.1007658e-17	0.08880241
6.800408514796688e-10	-8.464032e-07	-5.2990686e-07	0.99428004	-2.1007658e-17	0.08880174
6.825082221655073e-10	5.732276e-08	-1.0188592e-06	0.99428004	-2.1007658e-17	0.08880174
6.8502493078067e-10	9.505838e-07	-4.321954e-07	0.99428004	-2.1007658e-17	0.08880174
6.875416329865337e-10	8.4295056e-07	6.550091e-07	0.99428004	-2.1007658e-17	0.08880174
6.90009008830238e-10	-1.6951357e-07	1.0766696e-06	0.99428004	-2.1007656e-17	0.08880241
6.925257081345821e-10	-1.0545483e-06	3.5634392e-07	0.9942799	-2.1007658e-17	0.08880174
6.950424335421129e-10	-8.2224284e-07	-7.8630063e-07	0.99428004	-2.1007658e-17	0.08880174
6.975097886949169e-10	2.985294e-07	-1.1238134e-06	0.99428004	-2.1007658e-17	0.08880174
7.00026507130212e-10	1.1598585e-06	-2.6376824e-07	0.99428004	-2.1007658e-17	0.08880174
7.025432196635779e-10	7.8905373e-07	9.244399e-07	0.99428004	-2.1007658e-17	0.08880174
7.050105719920864e-10	-4.3726533e-07	1.1616074e-06	0.99428004	-2.1007658e-17	0.08880174
7.075272947031628e-10	-1.258607e-06	1.5407332e-07	0.9942799	-2.1007658e-17	0.08880174
7.100439986203112e-10	-7.359552e-07	-1.0669248e-06	0.99428004	-2.1007656e-17	0.08880174
7.125113598524559e-10	5.923798e-07	-1.185311e-06	0.99428004	-2.1007658e-17	0.08880241
7.150280782546229e-10	1.3551703e-06	-2.6732378e-08	0.99428004	-2.1007658e-17	0.08880174
7.175447875414316e-10	6.676346e-07	1.2136237e-06	0.9942799	-2.1007658e-17	0.08880241
7.200121530835085e-10	-7.558399e-07	1.1955826e-06	0.99428004	-2.1007658e-17	0.08880241
7.225288651117277e-10	-1.4403345e-06	-1.178595e-07	0.99428004	-2.1007658e-17	0.08880174
7.250455860011904e-10	-5.7539637e-07	-1.3605859e-06	0.99428004	-2.1007656e-17	0.08880241
7.275129483397004e-10	9.341189e-07	-1.1864962e-06	0.99428004	-2.1007658e-17	0.08880174
7.300296601256089e-10	1.5179843e-06	2.8259944e-07	0.9942799	-2.1007656e-17	0.08880241
7.32546362836292e-10	4.6471789e-07	1.5080749e-06	0.99428004	-2.1007658e-17	0.08880174
7.350137297247727e-10	-1.1190151e-06	1.1595005e-06	0.99428004	-2.1007658e-17	0.08880174
7.375304343766182e-10	-1.5797001e-06	-4.6406356e-07	0.99428	-2.1007655e-17	0.08880241
7.400471500240071e-10	-3.2828646e-07	-1.6502964e-06	0.99428	-2.1007658e-17	0.08880174
7.425145103485347e-10	1.3155244e-06	-1.1084061e-06	0.99428004	-2.1007658e-17	0.08880174
7.450312291078436e-10	1.628066e-06	6.6554406e-07	0.99428004	-2.1007656e-17	0.08880241
7.475479378562415e-10	1.7050945e-07	1.7890941e-06	0.99428	-2.1007658e-17	0.08880174
7.500153043054328e-10	-1.5162889e-06	1.0347933e-06	0.99428004	-2.1007658e-17	0.08880174
7.525320233113019e-10	-1.6553251e-06	-8.8256354e-07	0.99428004	-2.1007658e-17	0.08880241
7.550487258184581e-10	1.5016386e-08	-1.917752e-06	0.99428004	-2.1007658e-17	0.08880174
7.575160969094156e-10	1.7238598e-06	-9.331312e-07	0.99428004	-2.1007658e-17	0.08880174
7.600328048991805e-10	1.6632305e-06	1.1174924e-06	0.9942799	-2.1007658e-17	0.08880241
7.625001721851674e-10	-1.7924192e-07	2.0387718e-06	0.99428	-2.1007656e-17	0.08880107
7.650168700939267e-10	-1.9305317e-06	8.043417e-07	0.99428004	-2.1007658e-17	0.08880241
7.675335962631357e-10	-1.6431318e-06	-1.3667751e-06	0.99428	-2.1007656e-17	0.08880174
7.70000953326147e-10	4.1269755e-07	-2.1446479e-06	0.99428	-2.1007658e-17	0.08880241
7.725176711231089e-10	2.1380388e-06	-6.4355237e-07	0.99428004	-2.1007656e-17	0.08880241
7.750343811240565e-10	1.5976135e-06	1.6301484e-06	0.99428	-2.1007658e-17	0.08880241
7.775017329935606e-10	-6.6982795e-07	2.2330096e-06	0.99428004	-2.1007656e-17	0.08880174
7.800184480846264e-10	-2.3388527e-06	4.5234344e-07	0.99428004	-2.1007658e-17	0.08880107
7.825351676179729e-10	-1.5179884e-06	-1.9036614e-06	0.99428	-2.1007658e-17	0.08880174
7.850025252211645e-10	9.546784e-07	-2.2977995e-06	0.99428004	-2.1007656e-17	0.08880174
7.875192368579883e-10	2.5338352e-06	-2.2597419e-07	0.99428004	-2.1007658e-17	0.08880107
7.900359556695401e-10	1.4071865e-06	2.1866558e-06	0.99428004	-2.1007658e-17	0.08880174
7.925033215833523e-10	-1.261677e-06	2.3369103e-06	0.9942799	-2.1007656e-17	0.08880174
7.950200348831678e-10	-2.7133365e-06	-3.4633576e-08	0.99428004	-2.1007658e-17	0.08880174
7.975367470539198e-10	-1.2549074e-06	-2.473601e-06	0.99428004	-2.1007658e-17	0.08880241
8.000041034688984e-10	1.5944921e-06	-2.3432312e-06	0.99428004	-2.1007656e-17	0.08880174
8.025208107607513e-10	2.8782738e-06	3.3185023e-07	0.99428004	-2.1007658e-17	0.08880174
8.050375111009446e-10	1.0648425e-06	2.7627848e-06	0.99428004	-2.1007656e-17	0.08880241
8.075048803851769e-10	-1.9461468e-06	2.3150503e-06	0.99428004	-2.1007658e-17	0.08880241
8.100215938831764e-10	-3.0184995e-06	-6.648856e-07	0.99428004	-2.1007658e-17	0.08880241
8.125383109826386e-10	-8.2895474e-07	-3.0486763e-06	0.99428	-2.1007658e-17	0.08880107
8.150056773219787e-10	2.319359e-06	-2.2465733e-06	0.99428004	-2.1007658e-17	0.08880174
8.175223900205302e-10	3.1344043e-06	1.0341348e-06	0.99428004	-2.1007658e-17	0.08880174
8.200390925029425e-10	5.5064544e-07	3.327852e-06	0.99428004	-2.1007658e-17	0.08880174
8.225064521635746e-10	-2.7052542e-06	2.1338496e-06	0.99428	-2.1007658e-17	0.08880107
8.250231678375938e-10	-3.2145604e-06	-1.4378859e-06	0.99428	-2.1007658e-17	0.08880107
8.275398823654529e-10	-2.2196187e-07	-3.5928053e-06	0.99428004	-2.1007656e-17	0.08880174
8.300072570433391e-10	3.1054374e-06	-1.9713484e-06	0.99428004	-2.1007658e-17	0.08880241
8.325239549921695e-10	3.258556e-06	1.8764023e-06	0.99428	-2.1007658e-17	0.08880107
8.350406704753138e-10	-1.5296222e-07	3.839586e-06	0.99428004	-2.1007658e-17	0.08880174
8.375080333000351e-10	-3.5105836e-06	1.7569625e-06	0.99428004	-2.1007658e-17	0.08880174
8.400247388248207e-10	-3.254634e-06	-2.3457333e-06	0.99428004	-2.1007658e-17	0.08880308
8.425414453238593e-10	5.80705e-07	-4.059634e-06	0.99428004	-2.1007658e-17	0.08880174
8.450088200535756e-10	3.9196925e-06	-1.4834495e-06	0.99428004	-2.1007658e-17	0.08880241
8.475255347214878e-10	3.202832e-06	2.8449572e-06	0.99428004	-2.1007658e-17	0.08880174
8.500422404818897e-10	-1.0565133e-06	4.2486045e-06	0.99428004	-2.1007658e-17	0.08880241
8.525096071322893e-10	-4.3217156e-06	1.1498873e-06	0.99428004	-2.1007656e-17	0.08880174
8.550263177117426e-10	-3.0899457e-06	-3.3680165e-06	0.99428004	-2.1007658e-17	0.08880174
8.575430329729824e-10	1.584947e-06	-4.395435e-06	0.99428004	-2.1007658e-17	0.08880174
8.600103977367133e-10	4.7151866e-06	-7.5114036e-07	0.99428004	-2.1007658e-17	0.08880241
8.625271149098201e-10	2.9167181e-06	3.912672e-06	0.99428	-2.1007656e-17	0.08880174
8.650438265726514e-10	-2.1589235e-06	4.4957806e-06	0.99428004	-2.1007658e-17	0.08880174
8.675111824089997e-10	-5.0867116e-06	2.858916e-07	0.99428	-2.1007658e-17	0.08880174
8.700278858230839e-10	-2.6710238e-06	-4.4704966e-06	0.99428004	-2.1007658e-17	0.08880241
8.725446104791565e-10	2.7813855e-06	-4.539237e-06	0.99428004	-2.1007655e-17	0.08880174
8.750119743459093e-10	5.433356e-06	2.487889e-07	0.9942799	-2.1007658e-17	0.08880241
8.77528684681137e-10	2.3523505e-06	5.037144e-06	0.99428004	-2.1007658e-17	0.08880174
8.800453961045257e-10	-3.4444233e-06	4.518167e-06	0.99428004	-2.1007658e-17	0.08880107
8.825127583012911e-10	-5.7410375e-06	-8.5332914e-07	0.99428004	-2.1007656e-17	0.08880174
8.850294640800745e-10	-1.950048e-06	-5.602606e-06	0.99428	-2.1007658e-17	0.08880174
8.87546178927318e-10	4.1484363e-06	-4.422826e-06	0.99428	-2.1007656e-17	0.08880174
8.900135377749384e-10	6.003983e-06	1.5296715e-06	0.99428004	-2.1007658e-17	0.08880241
8.925302611354494e-10	1.4629476e-06	6.160694e-06	0.99428004	-2.1007658e-17	0.08880174
8.950469682711899e-10	-4.8835377e-06	4.245576e-06	0.99428004	-2.1007656e-17	0.08880241
8.975143367377066e-10	-6.2066856e-06	-2.275676e-06	0.99428004	-2.1007658e-17	0.08880174
9.000310368207456e-10	-8.823557e-07	-6.6995553e-06	0.99428004	-2.1007656e-17	0.08880241
9.025477375600039e-10	5.6484905e-06	-3.9771985e-06	0.99428	-2.1007656e-17	0.08880107
9.05015110230095e-10	6.344833e-06	3.0917379e-06	0.99428004	-2.1007656e-17	0.08880174
9.075318191162118e-10	2.1036522e-07	7.2103676e-06	0.9942799	-2.1007658e-17	0.08880174
9.100485301218844e-10	-6.427993e-06	3.6097929e-06	0.99428004	-2.1007658e-17	0.08880174
9.125159002035888e-10	-6.3995612e-06	-3.9708775e-06	0.99428	-2.1007658e-17	0.08880241
9.150326180102795e-10	5.611989e-07	-7.678119e-06	0.9942799	-2.1007658e-17	0.08880174
9.175493232622077e-10	7.2188122e-06	-3.1342727e-06	0.99428004	-2.1007658e-17	0.08880174
9.200166861350349e-10	6.3655366e-06	4.912173e-06	0.99428004	-2.1007658e-17	0.08880107
9.225333942169524e-10	-1.4276967e-06	8.092141e-06	0.99428004	-2.1007658e-17	0.08880107
9.250007596285062e-10	-7.943932e-06	2.713534e-06	0.99428004	-2.1007658e-17	0.08880174
9.275174797120368e-10	-6.223665e-06	-5.9061435e-06	0.9942799	-2.1007656e-17	0.08880241
9.30034185053136e-10	2.396338e-06	-8.436567e-06	0.99428004	-2.1007656e-17	0.08880174
9.325015410205137e-10	8.730891e-06	-2.017702e-06	0.99428004	-2.1007658e-17	0.08880174
9.350182583414765e-10	5.96844e-06	6.9475213e-06	0.99428004	-2.1007656e-17	0.08880174
9.375349700019323e-10	-3.4586908e-06	8.698295e-06	0.99428004	-2.1007658e-17	0.08880174
9.400023417364353e-10	-9.487497e-06	1.1953192e-06	0.99428004	-2.1007658e-17	0.08880107
9.425190502610792e-10	-5.580989e-06	-8.023532e-06	0.99428004	-2.1007658e-17	0.08880174
9.450357496402976e-10	4.618537e-06	-8.85859e-06	0.99428004	-2.1007658e-17	0.08880174
9.475031269387832e-10	1.02048925e-05	-2.3756262e-07	0.99428	-2.1007658e-17	0.08880174
9.500198443221218e-10	5.055708e-06	9.126671e-06	0.99428004	-2.1007658e-17	0.08880241
9.525365523147624e-10	-5.864457e-06	8.905569e-06	0.99428004	-2.1007658e-17	0.08880174
9.550039184564574e-10	-1.0860111e-05	-8.549094e-07	0.99428004	-2.1007658e-17	0.08880241
9.575206235900374e-10	-4.3760524e-06	-1.023883e-05	0.9942799	-2.1007656e-17	0.08880241
9.600373447631106e-10	7.1956724e-06	-8.81813e-06	0.99428004	-2.1007658e-17	0.08880107
9.625047124073762e-10	1.1439516e-05	2.087891e-06	0.99428004	-2.1007658e-17	0.08880174
9.650214149823447e-10	3.5353735e-06	1.1347039e-05	0.99428004	-2.1007658e-17	0.08880174
9.67538126530763e-10	-8.596303e-06	8.581489e-06	0.99428004	-2.1007658e-17	0.08880174
9.700054837550585e-10	-1.1917777e-05	-3.4590119e-06	0.99428004	-2.1007658e-17	0.08880174
9.725221949014156e-10	-2.5197983e-06	-1.2431609e-05	0.99428004	-2.1007656e-17	0.08880174
9.750389053845661e-10	1.0061304e-05	-8.177474e-06	0.99428	-2.1007658e-17	0.08880174
9.775062700265399e-10	1.228003e-05	4.967745e-06	0.9942799	-2.1007658e-17	0.08880241
9.800229837156136e-10	1.3265613e-06	1.3474172e-05	0.99428	-2.1007658e-17	0.08880174
9.825396884918736e-10	-1.1570011e-05	7.591337e-06	0.99428004	-2.1007658e-17	0.08880174
9.85007061114491e-10	-1.24984035e-05	-6.6075067e-06	0.99428	-2.1007658e-17	0.08880241
9.875237781805676e-10	5.4987385e-08	-1.4450234e-05	0.99428004	-2.1007656e-17	0.08880174
9.900404866696622e-10	1.3110125e-05	-6.8041145e-06	0.99428004	-2.1007658e-17	0.08880241
9.92507848261146e-10	1.2555045e-05	8.372897e-06	0.99428004	-2.1007658e-17	0.08880174
9.95024553247613e-10	-1.625848e-06	1.5338064e-05	0.99428004	-2.1007656e-17	0.08880107
9.975412729716665e-10	-1.4657722e-05	5.801321e-06	0.99428	-2.1007658e-17	0.08880241
1.0000086329345254e-09	-1.24200415e-05	-1.02531185e-05	0.99428	-2.1007658e-17	0.08880174
1.0025253399127175e-09	3.3936087e-06	-1.6107904e-05	0.99428004	-2.1007658e-17	0.08880174
1.0050420442501936e-09	1.6194557e-05	-4.567286e-06	0.99428004	-2.1007658e-17	0.08880241
1.0075094158508807e-09	1.2075319e-05	1.2236055e-05	0.99428004	-2.1007658e-17	0.08880174
1.010026126622409e-09	-5.350982e-06	1.6736049e-05	0.99428	-2.1007656e-17	0.08880107
1.0125428384720429e-09	-1.7690185e-05	3.0917379e-06	0.99428004	-2.1007658e-17	0.08880107
1.0150101999701022e-09	-1.1491326e-05	-1.43028765e-05	0.99428	-2.1007658e-17	0.08880174
1.0175269197152863e-09	7.5012513e-06	-1.7188919e-05	0.99428004	-2.1007658e-17	0.08880241
1.0200436193853146e-09	1.9120993e-05	-1.3612444e-06	0.99428004	-2.1007658e-17	0.08880241
1.0225109821894814e-09	1.0650425e-05	1.643554e-05	0.99428004	-2.1007658e-17	0.08880241
1.0250276935335205e-09	-9.829256e-06	1.7437149e-05	0.99428	-2.1007658e-17	0.08880174
1.0275444153779869e-09	-2.0448904e-05	-6.302191e-07	0.99428004	-2.1007658e-17	0.08880174
1.0300117766325429e-09	-9.522048e-06	-1.8607052e-05	0.99428004	-2.1007658e-17	0.08880174
1.0325284889714026e-09	1.2332199e-05	-1.7446762e-05	0.99428004	-2.1007658e-17	0.08880174
1.0350451987104235e-09	2.1645934e-05	2.8906525e-06	0.99428004	-2.1007658e-17	0.08880174
1.0375125659010057e-09	8.091404e-06	2.0792128e-05	0.99428	-2.1007658e-17	0.08880241
1.040029267693376e-09	-1.4987049e-05	1.7186549e-05	0.99428	-2.1007658e-17	0.08880174
1.0425459799270805e-09	-2.2668184e-05	-5.4187717e-06	0.99428004	-2.1007658e-17	0.08880174
1.0450133484919889e-09	-6.332471e-06	-2.2954817e-05	0.99428	-2.1007658e-17	0.08880174
1.0475300562637144e-09	1.7780707e-05	-1.6620428e-05	0.99428004	-2.1007656e-17	0.08880174
1.0500467752377992e-09	2.3482045e-05	8.215927e-06	0.99428	-2.1007656e-17	0.08880107
1.0525141335391844e-09	4.2329175e-06	2.5060881e-05	0.99428	-2.1007658e-17	0.08880174
1.055030850879224e-09	-2.0682368e-05	1.5717585e-05	0.99428	-2.1007656e-17	0.08880241
1.0575475529610396e-09	-2.4039005e-05	-1.1272109e-05	0.99428	-2.1007658e-17	0.08880241
1.060014915487577e-09	-1.7718307e-06	-2.706831e-05	0.99428	-2.1007656e-17	0.08880174
1.0625316173387288e-09	2.3668406e-05	-1.4442332e-05	0.99428	-2.1007656e-17	0.08880241
1.065048342666572e-09	2.4302073e-05	1.4579681e-05	0.99428	-2.1007656e-17	0.08880174
1.0675157090455016e-09	-1.0564515e-06	2.8934046e-05	0.99428	-2.1007658e-17	0.08880241
1.0700324167575185e-09	-2.6697227e-05	1.2765435e-05	0.99428	-2.1007658e-17	0.08880174
1.0725491309029607e-09	-2.4218893e-05	-1.8118364e-05	0.99428	-2.1007658e-17	0.08880241
1.0750165040263895e-09	4.2653865e-06	-3.0606465e-05	0.99428	-2.1007658e-17	0.08880174
1.0775331993186835e-09	2.9734814e-05	-1.0654236e-05	0.99428	-2.1007656e-17	0.08880241
1.0800005668470097e-09	2.4200213e-05	2.1347845e-05	0.99428	-2.1007658e-17	0.08880174
1.0825172766035767e-09	-7.851171e-06	3.203566e-05	0.99428	-2.1007658e-17	0.08880241
1.0850339860904772e-09	-3.2728323e-05	8.084899e-06	0.99428	-2.1007658e-17	0.08880174
1.0875013555638679e-09	-2.337733e-05	-2.529502e-05	0.99428	-2.1007658e-17	0.08880241
1.0900180659591857e-09	1.1815625e-05	-3.3163164e-05	0.99428	-2.1007656e-17	0.08880174
1.092534775754561e-09	3.5630204e-05	-5.03056e-06	0.99428004	-2.1007656e-17	0.08880241
1.0950021393184719e-09	2.2077124e-05	2.9396431e-05	0.99428	-2.1007658e-17	0.08880241
1.0975188515545052e-09	-1.614525e-05	3.3930104e-05	0.99428	-2.1007658e-17	0.08880174
1.1000355688475087e-09	-3.837738e-05	1.4729145e-06	0.99428	-2.1007656e-17	0.08880241
1.1025029189632065e-09	-2.024832e-05	-3.3610107e-05	0.99428	-2.1007656e-17	0.08880107
1.1050196289074892e-09	2.0828753e-05	-3.4273413e-05	0.9942799	-2.1007656e-17	0.08880174
1.1075363445558529e-09	4.091085e-05	2.6033124e-06	0.9942799	-2.1007656e-17	0.08880241
1.1100037130593826e-09	1.7851558e-05	3.7886366e-05	0.9942799	-2.1007656e-17	0.08880241
1.112520423960854e-09	-2.5836312e-05	3.413132e-05	0.99428	-2.100766e-17	0.08880174
1.1150371323024566e-09	-4.3155018e-05	-7.2054954e-06	0.99428	-2.1007656e-17	0.08880174
1.1175045009139272e-09	-1.4839845e-05	-4.216552e-05	0.99428	-2.1007658e-17	0.08880241
1.1200212069292364e-09	3.1139545e-05	-3.3434568e-05	0.99428004	-2.1007656e-17	0.08880174
1.1225379205906801e-09	4.504121e-05	1.2336927e-05	0.9942799	-2.1007658e-17	0.08880241
1.1250052915535733e-09	1.1180237e-05	4.6383244e-05	0.9942799	-2.1007656e-17	0.08880174
1.1275220038192553e-09	-3.6693018e-05	3.2120202e-05	0.99428	-2.1007656e-17	0.08880174
1.1300387126999004e-09	-4.6483492e-05	-1.7989047e-05	0.99428	-2.1007658e-17	0.08880174
1.1325060764523942e-09	-6.833034e-06	-5.0462568e-05	0.99428004	-2.1007656e-17	0.08880241
1.1350227995580762e-09	4.2449425e-05	-3.0120147e-05	0.9942799	-2.1007656e-17	0.08880174
1.1375395076610557e-09	4.7403963e-05	2.4148556e-05	0.9942799	-2.1007656e-17	0.08880174
1.140006873767067e-09	1.7769378e-06	5.4323747e-05	0.99428	-2.1007658e-17	0.08880241
1.1425235764012866e-09	-4.83415e-05	2.7373166e-05	0.99428	-2.1007656e-17	0.08880174
1.1450402904298263e-09	-4.7710117e-05	-3.07878e-05	0.99428	-2.1007656e-17	0.08880241
1.1475076712353778e-09	4.0129803e-06	-5.7873625e-05	0.99428004	-2.1007656e-17	0.08880174
1.1500243682999318e-09	5.4302785e-05	-2.3815652e-05	0.9942799	-2.1007656e-17	0.08880241
1.1525410840544927e-09	4.7317608e-05	3.7871483e-05	0.99428	-2.1007656e-17	0.08880174
1.1550084560214202e-09	-1.0543817e-05	6.1015602e-05	0.9942799	-2.1007656e-17	0.08880174
1.1575251602597064e-09	-6.0243656e-05	1.9390982e-05	0.99428	-2.1007656e-17	0.08880174
1.160041883469255e-09	-4.6128127e-05	-4.534931e-05	0.9942799	-2.1007656e-17	0.08880241
1.162509248977521e-09	1.7821407e-05	-6.364124e-05	0.99428004	-2.1007656e-17	0.08880241
1.1650259580246537e-09	6.6074135e-05	-1.4048589e-05	0.9942799	-2.1007656e-17	0.08880174
1.1675426690100854e-09	4.4057528e-05	5.3160496e-05	0.9942799	-2.1007656e-17	0.08880107
1.1700100193681718e-09	-2.5830466e-05	6.5640896e-05	0.9942799	-2.1007656e-17	0.08880174
1.17252674709227e-09	-7.168218e-05	7.743435e-06	0.99428	-2.1007656e-17	0.08880174
1.1750434631536648e-09	-4.1007297e-05	-6.122979e-05	0.99428	-2.1007655e-17	0.08880174
1.1775108294238747e-09	3.4556066e-05	-6.689297e-05	0.9942799	-2.1007656e-17	0.08880174
1.1800275502493802e-09	7.695493e-05	-4.3746286e-07	0.9942799	-2.1007656e-17	0.08880174
1.1825442470319315e-09	3.689549e-05	6.9467445e-05	0.99427986	-2.1007656e-17	0.08880174
1.1850116277538333e-09	-4.3953096e-05	6.727618e-05	0.9942799	-2.1007653e-17	0.08880174
1.1875283365490076e-09	-8.175788e-05	-7.890134e-06	0.9942799	-2.1007655e-17	0.08880174
1.1900450542636422e-09	-3.163126e-05	-7.776699e-05	0.9942799	-2.1007656e-17	0.08880174
1.1925124265829102e-09	5.3976055e-05	-6.666186e-05	0.9942799	-2.1007656e-17	0.08880174
1.1950291288521364e-09	8.5956635e-05	1.7254237e-05	0.99427986	-2.1007656e-17	0.08880174
1.1975458481534555e-09	2.5144638e-05	8.60086e-05	0.99427986	-2.1007653e-17	0.08880241
1.2000132078129625e-09	-6.4548025e-05	6.492307e-05	0.99428	-2.1007656e-17	0.08880174
1.202529922702957e-09	-8.9395224e-05	-2.7652868e-05	0.99427986	-2.1007655e-17	0.08880241
1.2050466334247364e-09	-1.7359807e-05	-9.4054645e-05	0.99428	-2.1007653e-17	0.08880174
1.2075139980967405e-09	7.558796e-05	-6.192773e-05	0.99427986	-2.1007655e-17	0.08880241
1.2100307146005297e-09	9.192077e-05	3.9067792e-05	0.99427986	-2.1007655e-17	0.08880241
1.2125474240064402e-09	8.223219e-06	0.00010175377	0.99427986	-2.1007655e-17	0.08880241
1.2150147969536768e-09	-8.6981956e-05	5.7550038e-05	0.99427986	-2.1007651e-17	0.08880241
1.217531506520763e-09	-9.336007e-05	-5.1460884e-05	0.99427986	-2.1007655e-17	0.08880241
1.2200482279286032e-09	2.3171285e-06	-0.00010893576	0.99427986	-2.1007651e-17	0.08880107
1.2225155939774757e-09	9.860786e-05	-5.166276e-05	0.99427986	-2.1007653e-17	0.08880174
1.2250323099711188e-09	9.354554e-05	6.4778345e-05	0.99427986	-2.1007653e-17	0.08880241
1.2275490144153498e-09	-1.4285029e-05	0.00011541968	0.99427986	-2.1007653e-17	0.08880241
1.2300163831752894e-09	-0.00011031155	4.415267e-05	0.99427986	-2.1007653e-17	0.08880174
1.2325330964760138e-09	-9.229556e-05	-7.8937555e-05	0.99427986	-2.1007653e-17	0.08880174
1.2350004627427687e-09	2.5100493e-05	-0.00012151551	0.99427986	-2.1007653e-17	0.08880107
1.2375171694973535e-09	0.000121925514	-3.4906956e-05	0.99427986	-2.1007651e-17	0.08880107
1.2400338860088927e-09	8.943413e-05	9.383723e-05	0.9942798	-2.100765e-17	0.08880241
1.2425012582590832e-09	-3.984153e-05	0.00012630456	0.99427986	-2.1007648e-17	0.08880241
1.2450179630596446e-09	-0.00013325161	2.3829874e-05	0.99427986	-2.1007648e-17	0.08880174
1.2475346864821497e-09	-8.477521e-05	-0.00010934649	0.99427986	-2.1007648e-17	0.08880174
1.2500020476084412e-09	5.6016444e-05	-0.0001297882	0.99427986	-2.1007648e-17	0.08880174
1.2525187616094867e-09	0.00014407923	-1.08374115e-05	0.9942798	-2.100765e-17	0.08880241
1.2550354788950904e-09	7.814823e-05	0.00012531033	0.9942798	-2.1007648e-17	0.08880174
1.257502857688494e-09	-7.356834e-05	0.000131734	0.9942798	-2.1007648e-17	0.08880174
1.2600195653831964e-09	-0.00015416443	-4.1321937e-06	0.9942798	-2.100765e-17	0.08880174
1.2625362886199e-09	-6.937649e-05	-0.00014154175	0.9942798	-2.1007646e-17	0.08880241
1.2650036592436747e-09	9.2417926e-05	-0.00013189414	0.9942798	-2.1007648e-17	0.08880174
1.267520365598597e-09	0.00016325085	2.1122925e-05	0.9942796	-2.1007648e-17	0.08880241
1.2700370830663981e-09	5.8303358e-05	0.00015782619	0.9942798	-2.1007646e-17	0.08880241
1.272504454730466e-09	-0.00011244781	0.00013001944	0.99427974	-2.1007646e-17	0.08880174
1.2750211691576723e-09	-0.00017105266	-4.0148872e-05	0.9942796	-2.1007645e-17	0.08880241
1.2775378871557143e-09	-4.4774697e-05	-0.00017391467	0.9942796	-2.1007645e-17	0.08880174
1.2800052611254233e-09	0.00013351631	-0.00012585275	0.9942796	-2.1007646e-17	0.08880174
1.282521976941879e-09	0.00017727408	6.120003e-05	0.9942796	-2.1007645e-17	0.08880174
1.2850386835769606e-09	2.8666942e-05	0.00018953052	0.9942796	-2.1007645e-17	0.08880174
1.287506052215445e-09	-0.00015543129	0.00011914378	0.9942796	-2.1007643e-17	0.08880174
1.2900227696290695e-09	-0.00018159252	-8.42253e-05	0.9942796	-2.1007643e-17	0.08880241
1.292539495928417e-09	-9.864029e-06	-0.0002043622	0.9942796	-2.100764e-17	0.08880174
1.295006849631192e-09	0.00017797566	-0.00010963765	0.99427956	-2.1007641e-17	0.08880174
1.2975235685270073e-09	0.00018367976	0.00010914402	0.99427956	-2.1007641e-17	0.08880241
1.3000402894324489e-09	-1.1706805e-05	0.00021806905	0.99427956	-2.100764e-17	0.08880174
1.3025076637105656e-09	-0.00020087948	9.709661e-05	0.99427956	-2.1007636e-17	0.08880241
1.3050243740094999e-09	-0.00018318764	-0.0001358288	0.9942795	-2.1007636e-17	0.08880174
1.3075410870763852e-09	3.610238e-05	-0.000230281	0.9942795	-2.1007636e-17	0.08880174
1.3100084685012444e-09	0.00022384046	-8.129277e-05	0.99427956	-2.1007635e-17	0.08880107
1.312525179998733e-09	0.00017977042	0.00016411126	0.9942795	-2.1007635e-17	0.08880241
1.3150419007687275e-09	-6.333006e-05	0.0002406001	0.99427944	-2.1007633e-17	0.08880241
1.3175092796847638e-09	-0.00024650324	6.20205e-05	0.99427944	-2.1007633e-17	0.08880174
1.3200259967558392e-09	-0.00017306884	-0.00019377156	0.99427944	-2.100763e-17	0.08880241
1.3225427062151656e-09	9.336278e-05	-0.0002486011	0.9942793	-2.1007628e-17	0.08880174
1.3250100679342248e-09	0.0002684778	-3.909854e-05	0.9942793	-2.1007628e-17	0.08880241
1.327526803153426e-09	0.00016273752	0.00022453869	0.9942793	-2.1007626e-17	0.08880241
1.3300435167507196e-09	-0.00012611861	0.00025383921	0.9942792	-2.1007626e-17	0.08880174
1.3325108772139463e-09	-0.00028932127	1.2374063e-05	0.9942792	-2.1007621e-17	0.08880241
1.3350276076104026e-09	-0.00014842556	-0.0002560855	0.9942792	-2.1007623e-17	0.08880174
1.3375443144457034e-09	0.0001614687	-0.00025584572	0.9942791	-2.1007618e-17	0.08880174
1.3400116860864562e-09	0.00030855575	1.8265457e-05	0.9942791	-2.1007621e-17	0.08880241
1.3425283985693316e-09	0.0001298096	0.00028802993	0.9942791	-2.100762e-17	0.08880174
1.3450451175218206e-09	-0.00019921912	0.0002541395	0.994279	-2.1007615e-17	0.08880241
1.3475124817827588e-09	-0.0003256502	-5.2882704e-05	0.99427897	-2.1007615e-17	0.08880241
1.3500292039022581e-09	-0.00010657061	-0.00031992784	0.99427897	-2.1007612e-17	0.08880241
1.352545921368822e-09	0.00023912045	-0.00024822852	0.99427897	-2.100761e-17	0.08880174
1.3550132835566245e-09	0.00034004502	9.1496506e-05	0.9942789	-2.1007608e-17	0.08880241
1.3575300063321492e-09	7.843589e-05	0.00035127517	0.9942788	-2.1007605e-17	0.08880241
1.3600467198560693e-09	-0.00028084381	0.00023762221	0.9942787	-2.1007602e-17	0.08880241
1.3625140968507434e-09	-0.00035113463	-0.00013406064	0.9942787	-2.10076e-17	0.08880241
1.365030807222967e-09	-4.515743e-05	-0.00038150477	0.99427867	-2.1007597e-17	0.08880174
1.3675475205301363e-09	0.0003239983	-0.00022183133	0.99427855	-2.1007598e-17	0.08880241
1.3700149040773383e-09	0.00035829368	0.00018045772	0.99427855	-2.1007593e-17	0.08880241
1.3725316165392624e-09	6.5446343e-06	0.00040999113	0.99427843	-2.1007588e-17	0.08880174
1.3750483159347527e-09	-0.00036810257	0.00020038367	0.9942784	-2.1007587e-17	0.08880241
1.3775156980886078e-09	-0.00036085752	-0.00023049513	0.9942784	-2.1007585e-17	0.08880174
1.3800324064690096e-09	3.754322e-05	-0.0004360462	0.99427825	-2.1007582e-17	0.08880174
1.3825491256635197e-09	0.00041260704	-0.00017282233	0.9942782	-2.1007577e-17	0.08880107
1.3850164914892327e-09	0.0003581545	0.000283904	0.9942781	-2.1007573e-17	0.08880174
1.387533203932028e-09	-8.717985e-05	0.00045892858	0.994278	-2.1007572e-17	0.08880241
1.3900005666263962e-09	-0.00045360823	0.00014838867	0.99427795	-2.1007567e-17	0.08880241
1.3925172812474632e-09	-0.00034949087	-0.00034032023	0.99427783	-2.1007562e-17	0.08880174
1.3950339883414219e-09	0.00014236441	-0.0004778439	0.9942778	-2.1007557e-17	0.08880174
1.3975013564006012e-09	0.00049775775	-0.00010834738	0.9942777	-2.1007554e-17	0.08880174
1.400018079555619e-09	0.000334181	0.0003992867	0.9942775	-2.1007552e-17	0.08880241
1.4025347896375691e-09	-0.00020301103	0.0004919532	0.9942775	-2.1007545e-17	0.08880174
1.405002153032846e-09	-0.00054029777	6.104865e-05	0.99427736	-2.1007537e-17	0.08880241
1.4075188613746797e-09	-0.00031154128	-0.00046023628	0.99427724	-2.1007532e-17	0.08880174
1.4100355733028883e-09	0.00026893197	-0.0005003689	0.9942771	-2.1007529e-17	0.08880174
1.4125029430024651e-09	0.00058034953	-6.22364e-06	0.9942769	-2.1007522e-17	0.08880241
1.4150196547834974e-09	0.0002809057	0.00052250177	0.9942768	-2.1007514e-17	0.08880241
1.417536380953787e-09	-0.00033984135	0.00050216616	0.9942767	-2.100751e-17	0.08880241
1.420003746373792e-09	-0.000616939	-5.6326702e-05	0.99427646	-2.1007502e-17	0.08880174
1.4225204473188788e-09	-0.00024163458	-0.00058529753	0.9942764	-2.1007497e-17	0.08880241
1.425037169999553e-09	0.00041532365	-0.00049640157	0.9942763	-2.1007487e-17	0.08880174
1.4275045231213472e-09	0.0006490221	0.00012669488	0.994276	-2.1007483e-17	0.08880241
1.4300212392505751e-09	0.00019314357	0.00064772274	0.99427587	-2.1007476e-17	0.08880241
1.4325379516051705e-09	-0.00049483916	0.00048211246	0.9942756	-2.1007468e-17	0.08880241
1.435005328635814e-09	-0.00067546614	-0.00020488932	0.9942755	-2.1007458e-17	0.08880174
1.4375220345252975e-09	-0.00013489538	-0.00070875767	0.99427533	-2.100745e-17	0.08880241
1.4400387430535667e-09	0.00057772634	-0.0004583331	0.9942751	-2.1007438e-17	0.08880174
1.4425061091292473e-09	0.00069508963	0.0002907717	0.99427485	-2.100743e-17	0.08880174
1.4450228213039133e-09	6.6450724e-05	0.0007672648	0.9942746	-2.100742e-17	0.08880241
1.4475395322709711e-09	-0.00066316104	0.00042412063	0.9942744	-2.1007408e-17	0.08880308
1.4500069087204632e-09	-0.00070663186	-0.00038408831	0.99427426	-2.1007395e-17	0.08880174
1.4525236336808602e-09	1.2560928e-05	-0.0008219835	0.9942739	-2.1007387e-17	0.08880308
1.4550403408979524e-09	0.0007501833	-0.0003785509	0.99427366	-2.1007373e-17	0.08880241
1.4575077151131322e-09	0.0007088012	0.00048442028	0.99427325	-2.1007363e-17	0.08880174
1.4600244304173618e-09	-0.00010235811	0.00087154587	0.99427307	-2.1007348e-17	0.08880174
1.4625411431841287e-09	-0.0008376573	0.0003207684	0.99427277	-2.1007334e-17	0.08880241
1.4650085114262381e-09	-0.0007002714	-0.0005911821	0.99427235	-2.1007322e-17	0.08880241
1.4675252407126325e-09	0.00020306195	-0.00091447774	0.99427205	-2.1007302e-17	0.08880241
1.4700419311328505e-09	0.00092430203	-0.00024998284	0.9942717	-2.1007287e-17	0.08880241
1.472509329805076e-09	0.0006796976	0.0007036303	0.9942714	-2.1007272e-17	0.08880241
1.4750260491837142e-09	-0.00031461468	0.00094920903	0.994271	-2.1007258e-17	0.08880308
1.4775427534418695e-09	-0.0010086742	0.00016547204	0.99427056	-2.100724e-17	0.08880308
1.4800101243244908e-09	-0.00064574456	-0.0008208057	0.9942702	-2.1007221e-17	0.08880174
1.482526866598638e-09	0.00043680987	-0.000974071	0.9942696	-2.10072e-17	0.08880241
1.4850435881940364e-09	0.0010891644	-6.664738e-05	0.99426925	-2.100718e-17	0.08880174
1.4875109435130352e-09	0.00059707527	0.0009415722	0.9942688	-2.1007162e-17	0.08880241
1.4900276412112748e-09	-0.0005692061	0.0009873314	0.99426824	-2.1007137e-17	0.08880308
1.4925443882872686e-09	-0.0011639944	-4.6923356e-05	0.99426776	-2.1007114e-17	0.08880241
1.495011768122549e-09	-0.0005324059	-0.0010645647	0.99426717	-2.1007089e-17	0.08880174
1.4975284773141062e-09	0.0007112364	-0.000987159	0.9942666	-2.1007062e-17	0.08880241
1.5000452014374806e-09	0.0012312429	0.00017555838	0.994266	-2.1007039e-17	0.08880308
1.5025125729566517e-09	0.00045054112	0.0011882068	0.99426544	-2.1007011e-17	0.08880241
1.5050293092510969e-09	-0.00086201704	0.0009717238	0.99426484	-2.100698e-17	0.08880241
1.5075460205457962e-09	-0.0012888329	-0.00031935965	0.99426407	-2.100695e-17	0.08880375
1.5100134109283497e-09	-0.0003503336	-0.0013107085	0.99426335	-2.100692e-17	0.08880308
1.5125301267512669e-09	0.0010204554	-0.000939176	0.9942626	-2.1006885e-17	0.08880375
1.5150468627113298e-09	0.0013345805	0.00047823158	0.9942619	-2.1006852e-17	0.08880308
1.5175142243829898e-09	0.00023084055	0.001430052	0.994261	-2.1006817e-17	0.08880308
1.5200309739882763e-09	-0.001185215	0.00088766054	0.99426025	-2.100678e-17	0.08880241
1.5225476910714077e-09	-0.0013661779	-0.0006518004	0.9942593	-2.1006736e-17	0.08880375
1.5250150824102988e-09	-9.118783e-05	-0.0015440139	0.99425846	-2.1006698e-17	0.08880308
1.5275318144944143e-09	0.0013546575	-0.0008153836	0.9942574	-2.1006652e-17	0.08880241
1.5300485407965261e-09	0.0013812169	0.0008394769	0.9942564	-2.1006609e-17	0.08880375
1.532515938601953e-09	-6.923286e-05	0.0016501372	0.99425536	-2.1006564e-17	0.08880241
1.5350326897563347e-09	-0.001526879	0.00072057976	0.9942543	-2.1006515e-17	0.08880375
1.5375000916346405e-09	-0.0013984619	-0.001010323	0.9942532	-2.1006463e-17	0.08880375
1.5400167926616492e-09	0.0002508428	-0.0017457537	0.99425185	-2.1006409e-17	0.08880308
1.5425335556650735e-09	0.0016996659	-0.00060162984	0.9942506	-2.1006353e-17	0.08880308
1.5450009662625905e-09	0.0013774328	0.0012235909	0.9942495	-2.1006296e-17	0.08880241
1.5475176997130109e-09	-0.00045384714	0.0018280257	0.99424803	-2.1006233e-17	0.08880443
1.550034452228907e-09	-0.0018705418	0.00045701963	0.9942466	-2.100617e-17	0.08880308
1.5525018258864774e-09	-0.0013325717	-0.0014478065	0.99424505	-2.1006106e-17	0.08880375
1.5550185907707605e-09	0.00067806826	-0.0018939544	0.9942435	-2.1006035e-17	0.08880443
1.5575353657705162e-09	0.002036737	-0.00028544557	0.9942419	-2.1005962e-17	0.08880241
1.5600027523351826e-09	0.0012612886	0.001681187	0.9942403	-2.1005886e-17	0.08880241
1.562519516988304e-09	-0.0009230967	0.0019403592	0.9942384	-2.1005805e-17	0.08880375
1.565036274213774e-09	-0.0021951674	8.582687e-05	0.9942364	-2.100572e-17	0.08880308
1.56750369253445e-09	-0.0011611093	-0.001921505	0.99423456	-2.1005636e-17	0.08880308
1.57002047258393e-09	0.0011881441	-0.001963958	0.99423254	-2.1005542e-17	0.08880443
1.572537223928038e-09	0.0023425254	0.00014272233	0.9942304	-2.100545e-17	0.08880241
1.575004672417642e-09	0.0010296423	0.0021662414	0.9942281	-2.1005352e-17	0.08880308
1.5775214540071278e-09	-0.0014720414	0.0019614105	0.9942258	-2.1005246e-17	0.08880308
1.5800382329858838e-09	-0.002475229	-0.00040075838	0.99422336	-2.1005138e-17	0.08880443
1.5825056185330676e-09	-0.0008647095	-0.002412441	0.99422085	-2.1005026e-17	0.08880443
1.5850224511407393e-09	0.0017732182	-0.0019293095	0.9942182	-2.1004903e-17	0.08880443
1.58753924030011e-09	0.0025894814	0.0006884294	0.99421525	-2.100478e-17	0.08880443
1.5900066158070968e-09	0.0006641803	0.0026568756	0.9942124	-2.1004649e-17	0.08880443
1.5925234202931997e-09	-0.0020896725	0.0018643148	0.99420935	-2.1004513e-17	0.08880308
1.5950402315417099e-09	-0.0026813268	-0.0010055512	0.9942062	-2.100437e-17	0.0888051
1.597507669318011e-09	-0.0004262256	-0.0028959322	0.99420273	-2.1004222e-17	0.08880308
1.6000244661187386e-09	0.00241911	-0.0017629962	0.9941992	-2.1004066e-17	0.08880443
1.6025413417175348e-09	0.00274657	0.0013517212	0.9941956	-2.10039e-17	0.08880443
1.6050088034595777e-09	0.00014926861	0.0031256573	0.9941917	-2.1003735e-17	0.08880443
1.6075255919154708e-09	-0.002758717	0.0016220888	0.99418783	-2.1003553e-17	0.08880375
1.6100424422629766e-09	-0.0027810403	-0.0017258114	0.9941835	-2.1003365e-17	0.08880644
1.6125099074193016e-09	0.00016775902	-0.0033418213	0.9941791	-2.1003171e-17	0.08880375
1.6150267134978494e-09	0.0031052285	-0.0014386056	0.9941746	-2.1002966e-17	0.08880443
1.6175435636884235e-09	0.0027804568	0.0021264413	0.99416953	-2.1002751e-17	0.08880577
1.6200110384799458e-09	-0.0005257739	0.0035399636	0.99416465	-2.100253e-17	0.0888051
1.6225278653356745e-09	-0.0034550773	0.0012096383	0.99415934	-2.100229e-17	0.08880443
1.6250447425434305e-09	-0.0027405333	-0.0025518115	0.9941537	-2.1002045e-17	0.08880644
1.627512255036656e-09	0.0009253328	-0.0037154183	0.99414814	-2.1001788e-17	0.08880577
1.6300291661054445e-09	0.0038043968	-0.0009323949	0.9941418	-2.1001517e-17	0.08880443
1.6325460111639665e-09	0.0026570493	0.002999688	0.9941355	-2.1001234e-17	0.0888051
1.6350135439113374e-09	-0.0013664698	0.0038633929	0.9941289	-2.100094e-17	0.08880644
1.6375304440482742e-09	-0.004148872	0.00060483866	0.9941219	-2.1000624e-17	0.08880443
1.6400473169939655e-09	-0.0025260372	-0.0034673538	0.99411446	-2.1000293e-17	0.08880577
1.64251488370454e-09	0.0018487973	-0.0039790724	0.99410677	-2.0999957e-17	0.08880644
1.6450317813131297e-09	0.004484128	-0.00022489825	0.9940988	-2.0999596e-17	0.08880644
1.6475487085839793e-09	0.0023436367	0.003951872	0.99409014	-2.0999219e-17	0.0888051
1.6500163084620017e-09	-0.002371614	0.004057673	0.9940813	-2.0998829e-17	0.08880712
1.6525332019691238e-09	-0.0048056254	-0.0002090376	0.9940719	-2.099841e-17	0.08880644
1.6550008140397988e-09	-0.002199569	-0.004402137	0.9940623	-2.099798e-17	0.08880443
1.6575177028158715e-09	0.0029336107	-0.0040947245	0.99405193	-2.0997523e-17	0.08880779
1.6600347300070067e-09	0.0051088342	0.0006982052	0.994041	-2.0997039e-17	0.08880644
1.6625023528313153e-09	0.0019152574	0.0049163825	0.9940298	-2.0996544e-17	0.08880712
1.665019336292697e-09	-0.003533875	0.0040856134	0.9940178	-2.0996011e-17	0.08880846
1.6675363854233483e-09	-0.00538938	-0.0012434474	0.99400526	-2.0995447e-17	0.08880779
1.670004068873558e-09	-0.0015702095	-0.00543883	0.99399215	-2.0994873e-17	0.0888051
1.6725210965629104e-09	0.004170656	-0.004026563	0.9939782	-2.0994256e-17	0.08880846
1.6750381815371044e-09	0.005643266	0.0018452543	0.9939634	-2.09936e-17	0.08880981
1.6775058621153654e-09	0.0011623991	0.005966311	0.99394834	-2.099293e-17	0.08880779
1.6800229286004753e-09	-0.0048423028	0.003914435	0.993932	-2.0992211e-17	0.08880913
1.6825400602552796e-09	-0.0058671874	-0.0025036563	0.993915	-2.099145e-17	0.08880846
1.6850077961037858e-09	-0.0006900125	-0.00649629	0.9938973	-2.099067e-17	0.08880846
1.6875250483809537e-09	0.005547876	-0.0037463503	0.9938781	-2.0989826e-17	0.08880981
1.6900421780709764e-09	0.006058598	0.0032190748	0.99385804	-2.098894e-17	0.08880981
1.6925101005201099e-09	0.00015133468	0.0070270943	0.9938373	-2.098802e-17	0.08880846
1.6950272992276036e-09	-0.0062863436	0.0035212515	0.9938148	-2.098703e-17	0.08880846
1.6975445100192914e-09	-0.006216424	-0.0039915075	0.99379116	-2.0985986e-17	0.08881048
1.7000125322463993e-09	0.0004533249	-0.00755825	0.9937668	-2.0984902e-17	0.08880981
1.7025298756536568e-09	0.0070582596	-0.00323864	0.9937403	-2.0983737e-17	0.08880779
1.7050472199991412e-09	0.0063411877	0.004821744	0.9937123	-2.0982502e-17	0.08881048
1.7075152652224742e-09	-0.001124091	0.008091404	0.9936832	-2.0981223e-17	0.08881115
1.7100326837585235e-09	-0.0078653	0.0029005727	0.9936518	-2.0979836e-17	0.08880846
1.7125007498945014e-09	-0.006552665	-0.0055699167	0.99361914	-2.09784e-17	0.08881249
1.7150183605256405e-09	0.0018599483	-0.0086310385	0.9935839	-2.0976845e-17	0.08881182
1.7175357759881141e-09	0.008711797	-0.0025111584	0.99354625	-2.0975194e-17	0.08880846
1.7200039915387092e-09	0.006645464	0.006516922	0.9935072	-2.0973474e-17	0.08881182
1.7225216317162465e-09	-0.0026578533	0.009186018	0.9934647	-2.0971608e-17	0.08881316
1.7250391725113823e-09	-0.009605544	0.0020779592	0.99341947	-2.0969622e-17	0.08881115
1.7275076269622799e-09	-0.0067293257	-0.0075284913	0.9933721	-2.0967546e-17	0.08881115
1.7300253871965722e-09	0.003515168	-0.009770806	0.9933205	-2.096529e-17	0.088813834
1.7325431372515316e-09	0.010559603	-0.0016122661	0.99326545	-2.0962876e-17	0.08881182
1.7350116878546058e-09	0.006824157	0.00861013	0.9932076	-2.0960348e-17	0.08881249
1.7375296632565772e-09	-0.00442602	0.0104086045	0.99314433	-2.0957584e-17	0.08881451
1.7400477968569568e-09	-0.011593941	0.0011328866	0.99307626	-2.0954622e-17	0.08881249
1.7425163915118299e-09	-0.0069604	-0.00977055	0.99300474	-2.09515e-17	0.08881316
1.7450345757506194e-09	0.005380941	-0.0111350985	0.992926	-2.0948076e-17	0.08881653
1.7475035633127932e-09	0.012713851	-0.00093748997	0.99284273	-2.0944463e-17	0.088813834
1.7500219528091177e-09	0.0071855	0.011021431	0.9927509	-2.0940481e-17	0.088813834
1.7525403339434976e-09	-0.0063635227	0.012004579	0.9926513	-2.0936171e-17	0.0888172
1.7550096475081683e-09	-0.014019915	0.00056798913	0.99254525	-2.0931592e-17	0.08881653
1.7575284258147735e-09	-0.007575029	-0.012376132	0.9924275	-2.0926513e-17	0.08881316
1.7600472735505834e-09	0.0073433123	-0.013099772	0.9922987	-2.0920974e-17	0.08881787
1.7625171690708227e-09	0.015541505	-0.00034730133	0.99216056	-2.0915045e-17	0.08881854
1.7650364130871579e-09	0.008247531	0.013848124	0.9920056	-2.0908414e-17	0.08881316
1.7675066591973683e-09	-0.007953232	0.014704033	0.9918379	-2.0901268e-17	0.08881854
1.7700262191279972e-09	-0.017365899	0.00041985835	0.9916487	-2.0893224e-17	0.08881854
1.7725461275401638e-09	-0.009403156	-0.015434881	0.9914379	-2.0884304e-17	0.08881451
1.7750168590400557e-09	0.008634737	-0.016717779	0.99120694	-2.0874576e-17	0.088821225
1.7775373229894993e-09	0.019607566	-0.0010487589	0.9909423	-2.086348e-17	0.088821225
1.7800085657016219e-09	0.011720936	0.01682975	0.990649	-2.0851248e-17	0.088813834
1.782529560721794e-09	-0.008816783	0.019589776	0.99030846	-2.083715e-17	0.088821225
1.7850015448625682e-09	-0.02230263	0.0031986737	0.9899256	-2.082142e-17	0.0888219
1.7875232031214405e-09	-0.01517531	-0.018221056	0.989474	-2.080303e-17	0.08881518
1.790045441647178e-09	0.007789123	-0.023786746	0.9889456	-2.0781748e-17	0.08882459
1.7925186737483917e-09	0.02549986	-0.0071255798	0.9883335	-2.0757429e-17	0.08882325
1.7950422474133458e-09	0.021200936	0.018510768	0.98758644	-2.072822e-17	0.0888172
1.7975167700502428e-09	-0.0031148263	0.029844984	0.9866968	-2.069416e-17	0.088826604
1.800041244977611e-09	-0.028116355	0.015665881	0.9855757	-2.06524e-17	0.08882392
1.8025151153181078e-09	-0.03179546	-0.013761684	0.98419297	-2.0602771e-17	0.088820554
1.8050358010849552e-09	-0.009579298	-0.03627922	0.98238385	-2.0541161e-17	0.088827945
1.8075063754783285e-09	0.022596462	-0.033831984	0.9800684	-2.046825e-17	0.0888219
1.8100256186349325e-09	0.043403354	-0.007505183	0.97697455	-2.038197e-17	0.102570064
1.8125435970536885e-09	0.03946243	0.025469149	0.97304744	-2.0290908e-17	0.13557172
1.8150121921099663e-09	0.015991036	0.045933776	0.9685788	-2.020907e-17	0.17140508
1.8175304466993504e-09	-0.013409824	0.04702061	0.96383923	-2.0140488e-17	0.19974743
1.8200487302548073e-09	-0.035417847	0.03257203	0.95930386	-2.0086174e-17	0.22720316
1.8225176121962066e-09	-0.045137867	0.012515942	0.9553166	-2.0042692e-17	0.21916027
1.8250358707052204e-09	-0.045018192	-0.0066704904	0.95192194	-2.0001692e-17	0.24821989
1.827504658552378e-09	-0.039036043	-0.021455798	0.94935155	-1.9958743e-17	0.24487206
1.830022612943828e-09	-0.029879231	-0.032295387	0.94748616	-1.990913e-17	0.21543178
1.8325405281971603e-09	-0.01902763	-0.03948039	0.9462571	-1.985326e-17	0.20293179
1.8350093025595676e-09	-0.0071662487	-0.043398492	0.94542295	-1.979382e-17	0.22701281
1.837527666497192e-09	0.0058923746	-0.044052154	0.94458765	-1.9732628e-17	0.26311144
1.840046164145288e-09	0.01907906	-0.04082024	0.9434157	-1.9678422e-17	0.28501356
1.8425146292911309e-09	0.030803466	-0.033719216	0.9417631	-1.9641162e-17	0.2931953
1.845032579351503e-09	0.04030799	-0.022870045	0.9395687	-1.963099e-17	0.2850061
1.8475012501356573e-09	0.046261996	-0.009216519	0.93703604	-1.9659516e-17	0.26154855
1.8500193071995199e-09	0.04735158	0.0065694093	0.9345321	-1.9696514e-17	0.2736617
1.8525373606844054e-09	0.04262611	0.021369668	0.9328054	-1.9696052e-17	0.28159544
1.8550060503981282e-09	0.033486668	0.03241397	0.93186873	-1.9666538e-17	0.2882071
1.8575241582533012e-09	0.021756196	0.03889873	0.9311705	-1.9627899e-17	0.3184275
1.8600422939884583e-09	0.009919627	0.040620886	0.9304016	-1.9597045e-17	0.36243102
1.862511082682053e-09	-5.62164e-05	0.038621172	0.92957395	-1.9580735e-17	0.39554763
1.8650292519734642e-09	-0.0076560387	0.03423765	0.9287058	-1.9577254e-17	0.42202774
1.8675473978392986e-09	-0.01277064	0.028876796	0.92788875	-1.9583413e-17	0.44469833
1.8700161529317627e-09	-0.016079726	0.023494031	0.92718357	-1.9597968e-17	0.4476135
1.8725342537986785e-09	-0.01841845	0.018311514	0.92648643	-1.9629757e-17	0.4241119
1.875003007933645e-09	-0.020482227	0.013932808	0.9256949	-1.9703409e-17	0.44073954
1.8775211424711992e-09	-0.023504462	0.009864441	0.9249042	-1.9832934e-17	0.4755281
1.880039287056117e-09	-0.02663533	0.004796819	0.92456454	-1.9931924e-17	0.49990565
1.8825080404750745e-09	-0.027936209	-0.0010098988	0.92517006	-1.9981977e-17	0.5162361
1.885026167075671e-09	-0.02683025	-0.00677854	0.92692316	-2.0012555e-17	0.5256988
1.8875442965361084e-09	-0.02343062	-0.01148616	0.929707	-2.0034472e-17	0.52816176
1.890013046866233e-09	-0.01826507	-0.014485653	0.9332795	-2.004986e-17	0.5221004
1.892531181183352e-09	-0.0118039185	-0.01540855	0.9376166	-2.005983e-17	0.5115224
1.8950493093033402e-09	-0.005389709	-0.013932255	0.94244725	-2.0065312e-17	0.49764156
1.89751806105365e-09	-0.00042303614	-0.01065983	0.9474151	-2.0067726e-17	0.48751387
1.9000361945600467e-09	0.0028038328	-0.006509062	0.9525178	-2.0068217e-17	0.48689523
1.902504964938137e-09	0.0043975613	-0.0024261996	0.95746	-2.0068697e-17	0.49023843
1.9050231147372325e-09	0.0046453504	0.0013005222	0.96237457	-2.0073756e-17	0.4784861
1.9075412097188236e-09	0.0035316027	0.0039013026	0.96705407	-2.0089884e-17	0.4779517
1.910009907853283e-09	0.0015826738	0.004534467	0.9712276	-2.0120814e-17	0.47794017
1.912528022192035e-09	-0.00024198148	0.003162214	0.97481376	-2.0166878e-17	0.4932528
1.915046176277168e-09	-0.0012233764	0.0007772512	0.97752655	-2.022124e-17	0.52763367
1.917515015373232e-09	-0.0015127043	-0.0014755824	0.9792748	-2.0275052e-17	0.59208024
1.920033214870952e-09	-0.0012775803	-0.003285236	0.98019445	-2.0325553e-17	0.73723274
1.9225019206139705e-09	-0.00038512508	-0.00423665	0.980452	-2.0367885e-17	1.0075315
1.92504306726578e-09	0.0016751087	-0.004185203	0.98063785	-2.0589953e-17	0.3685584
1.927531758541366e-09	0.0037204076	-0.0023488766	0.9807435	-2.0661481e-17	0.3085491
1.9300074504920187e-09	0.0032751372	0.0002494483	0.98097056	-2.0667242e-17	0.29354674
1.93252775343021e-09	0.001537801	0.0018287608	0.9817204	-2.0661312e-17	0.2944339
1.935046294532931e-09	-0.00033021646	0.0016364352	0.9830388	-2.0653234e-17	0.30299333
1.9375152836234384e-09	-0.0014087955	0.0002566433	0.9848211	-2.0646954e-17	0.31548068
1.9400334739248172e-09	-0.0011178725	-0.0013228743	0.9869684	-2.0642832e-17	0.36366263
1.9425021985832966e-09	0.00033143777	-0.0020746926	0.989195	-2.0641414e-17	0.45505536
1.9450203013609037e-09	0.0019951419	-0.001286999	0.9913558	-2.0643733e-17	0.7025099
1.9475121010214132e-09	0.002400831	0.00081321434	0.99320275	-2.0683274e-17	2.5899951
1.950045805687955e-09	0.00069834525	0.0024743706	0.9939517	-2.0977302e-17	0.08881787
1.9525198394183364e-09	-0.0015251854	0.0019071802	0.99408245	-2.0993808e-17	0.0888172
1.9550399335588745e-09	-0.002404975	-0.00016455847	0.9941398	-2.0999062e-17	0.08881921
1.9575088648338595e-09	-0.0013065782	-0.0020997054	0.9941633	-2.1001088e-17	0.08880981
1.960025785583725e-09	0.0010869983	-0.0023272878	0.99417317	-2.1002053e-17	0.08882526
1.9625422301682117e-09	0.0026400741	-0.00026529536	0.99417853	-2.100261e-17	0.08880644
1.965009520881982e-09	0.0015955501	0.0022162844	0.9941822	-2.1003014e-17	0.08882593
1.9675264877843814e-09	-0.0012485187	0.0025209486	0.99418956	-2.100332e-17	0.08883064
1.9700436630326713e-09	-0.0028879081	7.8478886e-05	0.9941906	-2.100351e-17	0.08881585
1.9725112312789215e-09	-0.00150971	-0.0025291736	0.9941917	-2.1003595e-17	0.08882257
1.975027772784831e-09	0.0015488636	-0.0025558758	0.99419355	-2.100362e-17	0.08881921
1.9775444234578338e-09	0.0030250892	0.0001889966	0.99419254	-2.1003603e-17	0.088813834
1.9800119703529017e-09	0.0013104518	0.002794232	0.9941878	-2.100356e-17	0.08880712
1.982528954040286e-09	-0.0019091354	0.0025113078	0.99418247	-2.1003472e-17	0.08880981
1.9850458044212177e-09	-0.003180532	-0.00052942807	0.99418205	-2.1003338e-17	0.08881182
1.987513156058368e-09	-0.0011030659	-0.0031015	0.9941839	-2.1003183e-17	0.08881653
1.990029877432783e-09	0.0022794488	-0.0024694323	0.99418014	-2.1003009e-17	0.08880577
1.992546733391907e-09	0.0033167778	0.00089424674	0.9941704	-2.1002829e-17	0.08880443
1.9950143456968103e-09	0.0008387411	0.003412649	0.9941626	-2.1002634e-17	0.0888051
1.997531204399685e-09	-0.0026904936	0.0023854189	0.9941606	-2.100242e-17	0.08880981
2e-09	-0.0034652406	-0.0012265879	0.99416023	-2.1002194e-17	0.08881115
