# t (s)	mx ()	my ()	mz ()	E_total (J)	MaxAngle (rad)
0	1.477359e-09	7.571979e-10	0.9795362	-2.072577e-17	0.26627314
2.5169494629886745e-12	2.296285e-09	-6.9135464e-10	0.9720933	-2.0693784e-17	0.24421549
5.044323902523381e-12	5.135777e-09	-1.0864144e-09	0.9652118	-2.062736e-17	0.23364769
7.518683517209696e-12	9.250983e-09	1.8106907e-09	0.9599346	-2.053334e-17	0.22960657
1.004150482337821e-11	1.2345618e-08	8.032882e-09	0.9568596	-2.041437e-17	0.2271542
1.251364312986479e-11	1.14896554e-08	1.6394981e-08	0.95636886	-2.028061e-17	0.22590849
1.503432070132926e-11	6.6830945e-09	2.4888767e-08	0.95820177	-2.0125526e-17	0.22593404
1.7504944961386323e-11	-4.312736e-09	3.3448394e-08	0.96161926	-1.9945545e-17	0.22341542
2.002457480264903e-11	-2.334145e-08	3.6872247e-08	0.96520376	-1.9713952e-17	0.21879782
2.2543916845464373e-11	-4.7637627e-08	2.9892856e-08	0.96513367	-1.9415729e-17	0.21016946
2.50136793467072e-11	-6.837826e-08	8.559629e-09	0.9539546	-1.9128203e-17	0.20542899
2.7532680647428346e-11	-7.413955e-08	-2.4493707e-08	0.92383367	-1.9061545e-17	0.22142728
3.000214234015205e-11	-5.7942103e-08	-5.3201383e-08	0.8832416	-1.924998e-17	0.24946508
3.252088967991931e-11	-2.0674795e-08	-6.709432e-08	0.848106	-1.9536631e-17	0.2277542
3.503964820706288e-11	1.4946428e-08	-7.233915e-08	0.8204974	-1.9771838e-17	0.20536791
3.750903803073048e-11	4.1876337e-08	-6.6221894e-08	0.7987784	-1.9913667e-17	0.20240945
4.002733206445502e-11	5.99174e-08	-4.9884527e-08	0.7818656	-1.999148e-17	0.20680566
4.254535408823409e-11	6.624453e-08	-2.716036e-08	0.7700337	-2.002857e-17	0.21069422
4.5014157161214603e-11	6.18927e-08	-5.366229e-09	0.7628781	-2.0043256e-17	0.21140753
4.753240338019078e-11	5.132485e-08	1.158842e-08	0.75937206	-2.0047817e-17	0.21283753
5.0001206661341776e-11	3.930845e-08	2.034558e-08	0.75912774	-2.0048853e-17	0.21281101
5.2519361718618226e-11	2.8608913e-08	2.4592472e-08	0.76145977	-2.0050107e-17	0.21229139
5.5037519862617535e-11	1.937439e-08	2.4197412e-08	0.76570374	-2.0053321e-17	0.21284401
5.750631050812589e-11	1.3827092e-08	2.2419643e-08	0.7713093	-2.0059009e-17	0.21367508
6.002447662308075e-11	9.514356e-09	2.0608953e-08	0.7781953	-2.0067405e-17	0.21365175
6.25426749062582e-11	5.810671e-09	1.8073985e-08	0.78589404	-2.0078049e-17	0.2149268
6.50114817097878e-11	4.0822843e-09	1.5226263e-08	0.7938504	-2.0090056e-17	0.2158666
6.752966656823896e-11	3.1275567e-09	1.2656316e-08	0.8020539	-2.0103146e-17	0.21611245
7.00478310624353e-11	2.0082205e-09	9.374439e-09	0.8100874	-2.0116283e-17	0.21838196
7.251663674990682e-11	1.5802392e-09	5.5884497e-09	0.81759274	-2.0128507e-17	0.2193732
7.50348084622451e-11	3.0617133e-09	2.296285e-09	0.8246935	-2.0139715e-17	0.22066633
7.750358082345251e-11	5.464994e-09	-5.7612887e-11	0.83098346	-2.0149109e-17	0.22237408
8.002174165726576e-11	7.7695095e-09	-1.5802392e-09	0.8366492	-2.015692e-17	0.2230242
8.253987531842086e-11	9.481435e-09	-1.9752988e-09	0.84156185	-2.0162948e-17	0.22443701
8.500864687216823e-11	1.0641923e-08	-1.5473175e-09	0.8457058	-2.0167201e-17	0.22536632
8.752679062575012e-11	1.1226282e-08	-1.0205711e-09	0.84933674	-2.0170005e-17	0.22515178
9.00449143240554e-11	1.2707757e-08	1.1522577e-09	0.8524641	-2.0171423e-17	0.22667359
9.251366725281867e-11	1.2625452e-08	3.1934e-09	0.855132	-2.0171646e-17	0.22734945
9.503178194711442e-11	1.178595e-08	5.0040905e-09	0.85752785	-2.017086e-17	0.22739783
9.750049669606527e-11	1.14896554e-08	5.8271317e-09	0.85962474	-2.0169249e-17	0.22752337
1.000186103573115e-10	1.139089e-08	6.4197216e-09	0.8615624	-2.0166882e-17	0.22841243
1.0253673033869306e-10	1.0864144e-08	7.637823e-09	0.86334234	-2.0163904e-17	0.22903678
1.0500546699035776e-10	9.876494e-09	8.691315e-09	0.86496884	-2.0160471e-17	0.22930965
1.075235868668482e-10	9.218062e-09	9.250983e-09	0.8665351	-2.0156502e-17	0.22934872
1.1004168657788098e-10	8.362099e-09	1.0106946e-08	0.86803013	-2.0152103e-17	0.22916275
1.1251042705782031e-10	6.8806245e-09	1.0205711e-08	0.8694447	-2.014738e-17	0.22874652
1.1502852831339625e-10	6.5843295e-09	1.0798301e-08	0.8708506	-2.0142149e-17	0.22809978
1.175466409850725e-10	6.3209566e-09	1.1720107e-08	0.8722327	-2.0136484e-17	0.22723067
1.2001537877939754e-10	4.609031e-09	1.2312697e-08	0.87357616	-2.0130484e-17	0.22616725
1.225334922207079e-10	4.2468926e-09	1.2707757e-08	0.874946	-2.0123857e-17	0.22485925
1.2500223948868397e-10	3.4896948e-09	1.1851793e-08	0.87629884	-2.0116808e-17	0.22334601
1.2752035562752774e-10	2.633732e-09	1.297113e-08	0.8776996	-2.010898e-17	0.22273485
1.3003846606887644e-10	1.7119257e-09	1.3958779e-08	0.8791324	-2.0100405e-17	0.22223702
1.3250721095155122e-10	9.547279e-10	1.5078115e-08	0.8805799	-2.0091155e-17	0.2214715
1.3502531906349114e-10	-7.2427625e-10	1.5341488e-08	0.88211304	-2.0080703e-17	0.22036578
1.375434411207566e-10	-2.5020452e-09	1.5934077e-08	0.88371825	-2.0069031e-17	0.21889007
1.4001217421113864e-10	-4.510266e-09	1.6394981e-08	0.88537836	-2.0056159e-17	0.2184312
1.4253029981969253e-10	-6.090505e-09	1.659251e-08	0.88717943	-2.004126e-17	0.21811025
1.4504841700910616e-10	-7.967039e-09	1.698757e-08	0.8891125	-2.002416e-17	0.21728344
1.4751716572434473e-10	-1.06995355e-08	1.738263e-08	0.8911631	-2.0004741e-17	0.21585575
1.500352877954547e-10	-1.3728328e-08	1.7514317e-08	0.8934464	-1.9981522e-17	0.21552238
1.5250404905234636e-10	-1.7185101e-08	1.7448473e-08	0.8959118	-1.9954501e-17	0.21528813
1.5502218891362225e-10	-2.1399071e-08	1.758016e-08	0.89870626	-1.9921315e-17	0.21397142
1.5754032827077128e-10	-2.6732378e-08	1.6526668e-08	0.90183985	-1.9880687e-17	0.21396974
1.600090828562963e-10	-3.374469e-08	1.4946428e-08	0.90530336	-1.9831238e-17	0.2135179
1.6252723347256832e-10	-4.2600615e-08	1.0674844e-08	0.90929943	-1.9767555e-17	0.21325642
1.650453877183132e-10	-5.2411263e-08	4.016441e-09	0.91380906	-1.9685587e-17	0.21279123
1.6751418277084103e-10	-6.301204e-08	-6.847703e-09	0.9187119	-1.958066e-17	0.2134076
1.7003235053456959e-10	-7.4205396e-08	-2.337437e-08	0.9240202	-1.9438685e-17	0.21297602
1.7250115436492118e-10	-8.4641556e-08	-4.872404e-08	0.9289703	-1.9251777e-17	0.21167296
1.7501934782368102e-10	-9.046869e-08	-8.493785e-08	0.93235755	-1.899558e-17	0.211518
1.775375570883903e-10	-8.447695e-08	-1.3115985e-07	0.9310237	-1.8665514e-17	0.20984724
1.8000640205975122e-10	-5.6386554e-08	-1.7988388e-07	0.9200978	-1.831694e-17	0.21330231
1.825246436375838e-10	8.691315e-09	-2.1280553e-07	0.89496934	-1.8093673e-17	0.23349781
1.8504287331378883e-10	8.072388e-08	-2.2873961e-07	0.8612151	-1.8221189e-17	0.25196058
1.8751173862317082e-10	1.5552187e-07	-2.2393306e-07	0.8277252	-1.8644929e-17	0.21389534
1.9003006284949336e-10	2.2255034e-07	-1.463038e-07	0.793917	-1.9071979e-17	0.19973752
1.9254866980694488e-10	2.4148028e-07	-3.2855805e-08	0.7619469	-1.9375202e-17	0.20025386
1.950178861190429e-10	2.1476437e-07	6.340709e-08	0.73440194	-1.9568001e-17	0.20567954
1.9753589332624417e-10	1.5996629e-07	1.2325866e-07	0.7115366	-1.9688852e-17	0.20993736
2.000045959497261e-10	9.836989e-08	1.4419682e-07	0.69466275	-1.9756322e-17	0.21179464
2.0252274230269667e-10	4.296275e-08	1.3629563e-07	0.6827497	-1.9791833e-17	0.21148564
2.050408600633834e-10	1.7119257e-09	1.1325047e-07	0.6757978	-1.9808046e-17	0.21155037
2.0750960735456435e-10	-2.1629523e-08	8.638641e-08	0.67309713	-1.9814824e-17	0.21091783
2.100277404249677e-10	-3.1983383e-08	6.2682815e-08	0.67365324	-1.981861e-17	0.21096623
2.1254590988271363e-10	-3.420559e-08	4.4641755e-08	0.67697614	-1.9822907e-17	0.21143281
2.1501473377989773e-10	-3.2633583e-08	3.1473096e-08	0.6825366	-1.9829557e-17	0.21126404
2.1753295624780646e-10	-3.051837e-08	2.1464915e-08	0.69012654	-1.9839757e-17	0.21129274
2.2000179674506957e-10	-2.8427843e-08	1.3827092e-08	0.6990108	-1.985338e-17	0.21153276
2.2252000568027997e-10	-2.6073947e-08	6.716016e-09	0.7091728	-1.9870835e-17	0.21193352
2.2503821818001363e-10	-2.3456675e-08	1.8436124e-09	0.7201667	-1.989152e-17	0.21137345
2.275070435137704e-10	-1.9571921e-08	-1.5802392e-09	0.7315332	-1.9914441e-17	0.21189186
2.3002524722583787e-10	-1.5522557e-08	-3.1604783e-09	0.7435151	-1.9939908e-17	0.21276301
2.3254344754053592e-10	-1.26748345e-08	-4.016441e-09	0.75567424	-1.9966815e-17	0.21339776
2.350122632098746e-10	-9.3497485e-09	-3.9505976e-09	0.7675623	-1.9993879e-17	0.21394645
2.3753045424858227e-10	-6.9793895e-09	-2.9300267e-09	0.77945197	-2.0021405e-17	0.21457157
2.4004864652850536e-10	-4.5431876e-09	-3.3991603e-09	0.7909005	-2.0048011e-17	0.21524516
2.425174534175596e-10	-2.2139808e-09	-2.0658335e-09	0.8015006	-2.0072393e-17	0.2167827
2.450356246202285e-10	1.2510226e-09	-6.296265e-10	0.8114864	-2.0094791e-17	0.2189628
2.475044060960922e-10	4.707796e-09	2.7407272e-09	0.820311	-2.0113798e-17	0.22073115
2.5002255306076546e-10	6.2551133e-09	6.551408e-09	0.8282257	-2.0129912e-17	0.22144628
2.5254069155931436e-10	6.485565e-09	9.481435e-09	0.8350186	-2.0142758e-17	0.22351037
2.5500943599960987e-10	6.3209566e-09	1.037032e-08	0.840643	-2.0152403e-17	0.22426315
2.575275509657699e-10	5.892975e-09	1.2345618e-08	0.8454395	-2.0159574e-17	0.22560254
2.6004567999016336e-10	4.3456576e-09	1.3234502e-08	0.84943557	-2.0164415e-17	0.22530897
2.6251441032600326e-10	2.6666536e-09	1.4287996e-08	0.85272545	-2.0167226e-17	0.22684856
2.6503250546288485e-10	3.6213813e-10	1.4090466e-08	0.8555794	-2.0168438e-17	0.22747739
2.675012379969265e-10	-1.316866e-09	1.4090466e-08	0.85799843	-2.0168295e-17	0.22740074
2.70019335906964e-10	-2.3703588e-09	1.3102816e-08	0.8601717	-2.0167042e-17	0.22781493
2.725374322282552e-10	-2.8312617e-09	1.2148089e-08	0.8621198	-2.0164898e-17	0.22865345
2.750061405333733e-10	-3.2263217e-09	1.1950559e-08	0.8638646	-2.0162084e-17	0.22916093
2.7752424158769575e-10	-3.3909298e-09	1.1720107e-08	0.8655172	-2.0158613e-17	0.22933666
2.800423326755894e-10	-5.432072e-09	1.158842e-08	0.8670737	-2.0154623e-17	0.22931254
2.8251105257522626e-10	-5.9258967e-09	1.0567849e-08	0.8685306	-2.0150244e-17	0.22904202
2.850291559808993e-10	-6.5843295e-09	9.613121e-09	0.86996585	-2.0145337e-17	0.22853008
2.8754724735472893e-10	-6.617251e-09	8.559629e-09	0.87136626	-2.0139987e-17	0.2277983
2.900159690572721e-10	-6.9793895e-09	8.559629e-09	0.8727188	-2.0134296e-17	0.22686711
2.925340701613896e-10	-7.1769195e-09	8.559629e-09	0.8740898	-2.012801e-17	0.22569764
2.950027924861096e-10	-7.2756845e-09	7.3744495e-09	0.87543637	-2.0121327e-17	0.224332
2.9752090615807185e-10	-8.032882e-09	6.716016e-09	0.87682354	-2.0113919e-17	0.22291315
3.0003899726704294e-10	-8.131647e-09	5.6625233e-09	0.8782355	-2.0105826e-17	0.22257939
3.0250773738612326e-10	-8.592551e-09	5.2016205e-09	0.87965494	-2.0097127e-17	0.22199053
3.05025843328794e-10	-8.526707e-09	4.3456576e-09	0.881151	-2.0087335e-17	0.22109485
3.0754394777088926e-10	-8.493785e-09	4.0822843e-09	0.88270974	-2.007645e-17	0.21985583
3.1001268975502264e-10	-8.888845e-09	3.0287917e-09	0.88431364	-2.0064505e-17	0.21842295
3.125308077194769e-10	-9.1522185e-09	2.2386721e-09	0.88604456	-2.0050764e-17	0.2183616
3.1504891324408435e-10	-1.0074024e-08	9.876494e-10	0.8878925	-2.0035087e-17	0.2178644
3.175176560567448e-10	-1.0139868e-08	1.3168659e-10	0.8898419	-2.0017405e-17	0.21684173
3.2003577527688487e-10	-1.0995831e-08	-1.1193361e-09	0.89200056	-1.9996423e-17	0.21528478
3.2250453807721105e-10	-1.1917637e-08	-2.436202e-09	0.89431846	-1.99722e-17	0.21553658
3.2502266671118436e-10	-1.2082245e-08	-3.9505976e-09	0.89693123	-1.9942717e-17	0.2149388
3.2754079469058716e-10	-1.3135738e-08	-7.1769195e-09	0.8998464	-1.9906963e-17	0.21341352
3.300095462905736e-10	-1.4090466e-08	-9.942338e-09	0.90305644	-1.9863884e-17	0.21402167
3.3252770002848286e-10	-1.458429e-08	-1.4156309e-08	0.90675455	-1.9808985e-17	0.21277206
3.350458462909131e-10	-1.3925857e-08	-1.955546e-08	0.91094106	-1.9739074e-17	0.2134864
3.375146287974062e-10	-1.2312697e-08	-2.6469005e-08	0.9155488	-1.965052e-17	0.21254273
3.400327828314888e-10	-8.131647e-09	-3.4501888e-08	0.9206991	-1.9531845e-17	0.21297348
3.4250157359540616e-10	-1.316866e-09	-4.3456577e-08	0.9259053	-1.9376734e-17	0.2131877
3.4501976128897273e-10	1.0205711e-08	-5.412319e-08	0.9305644	-1.916369e-17	0.21199074
3.4753796471331425e-10	2.8608913e-08	-6.5843295e-08	0.93264633	-1.8878981e-17	0.21086088
3.5000680754304726e-10	5.3859818e-08	-7.111076e-08	0.92844397	-1.8535445e-17	0.20955548
3.5252502746799436e-10	8.47074e-08	-6.162933e-08	0.91226596	-1.8205074e-17	0.21826914
3.550432665517088e-10	1.12987095e-07	-3.23949e-08	0.8825892	-1.8091881e-17	0.24713042
3.575121215760319e-10	1.3590056e-07	-3.2921648e-09	0.84894156	-1.8358428e-17	0.23595095
3.600303709407411e-10	1.3998284e-07	4.069116e-08	0.81487685	-1.8818476e-17	0.20554233
3.625488161710511e-10	1.0528343e-07	8.6369944e-08	0.78150606	-1.9201215e-17	0.19903967
3.6501810826122226e-10	5.356352e-08	1.113081e-07	0.75136316	-1.9455894e-17	0.20256594
3.6753649717673856e-10	4.411501e-09	1.12065294e-07	0.7251002	-1.9621209e-17	0.20777556
3.700051006120326e-10	-2.9892856e-08	9.4155915e-08	0.7047483	-1.9718297e-17	0.21068797
3.725231883868831e-10	-4.7637627e-08	6.6765104e-08	0.68955636	-1.9772816e-17	0.21170162
3.7504133732529205e-10	-5.2378343e-08	3.911092e-08	0.6795687	-1.9799592e-17	0.21179804
3.7751007033066325e-10	-4.852651e-08	1.8041064e-08	0.6743885	-1.9811187e-17	0.21128109
3.800281800324001e-10	-4.0082107e-08	3.2921648e-09	0.67295283	-1.9816384e-17	0.21084067
3.8254631704343825e-10	-3.1045115e-08	-5.79421e-09	0.6746049	-1.9820037e-17	0.21114378
3.850151079084831e-10	-2.3061615e-08	-8.9546885e-09	0.67876303	-1.9824996e-17	0.21150522
3.875333292094694e-10	-1.6543128e-08	-1.0008181e-08	0.68520033	-1.9832977e-17	0.21078625
3.90002154340051e-10	-1.1357969e-08	-1.1061674e-08	0.6932267	-1.9844316e-17	0.21171267
3.92520363278728e-10	-7.226302e-09	-1.1325047e-08	0.70273453	-1.9859564e-17	0.21073498
3.950385628812608e-10	-4.1810493e-09	-1.1193361e-08	0.7132395	-1.9878293e-17	0.2119423
3.97507401337403e-10	-1.9094557e-09	-1.0271554e-08	0.7242609	-1.9899616e-17	0.21217935
4.000255990085442e-10	9.876494e-10	-8.691315e-09	0.73602337	-1.9923848e-17	0.21196128
4.0254379929368113e-10	1.5802392e-09	-6.847703e-09	0.74809754	-1.994994e-17	0.21199699
4.050126285390174e-10	2.0082205e-09	-4.8065605e-09	0.7600298	-1.997666e-17	0.21319728
4.075308142429557e-10	2.5678886e-09	-3.5884598e-09	0.7720911	-2.0004326e-17	0.21428418
4.1004899505408186e-10	3.5226164e-09	-2.534967e-09	0.7838381	-2.0031605e-17	0.21543178
4.125177951357142e-10	3.9505976e-09	-1.3662484e-09	0.79485303	-2.0057148e-17	0.2165953
4.1503597321050104e-10	4.115206e-09	1.0761264e-09	0.80537915	-2.0081181e-17	0.21769944
4.175047568666005e-10	3.6872247e-09	3.3106833e-09	0.81482637	-2.010209e-17	0.21860276
4.2002290149843143e-10	1.5802392e-09	6.3744543e-09	0.82343173	-2.0120275e-17	0.22119157
4.225410489566481e-10	-3.950598e-10	7.38268e-09	0.8309212	-2.0135136e-17	0.22270167
4.2500978700672273e-10	-1.218101e-09	6.288035e-09	0.83718634	-2.0146596e-17	0.22336699
4.275279213640127e-10	-1.876534e-09	5.9588183e-09	0.8425582	-2.0155407e-17	0.22504415
4.3004601602699706e-10	-2.2880546e-09	5.3991505e-09	0.8470339	-2.0161657e-17	0.22558069
4.325147420681949e-10	-2.2057505e-09	5.5966805e-09	0.8507013	-2.0165643e-17	0.22601943
4.350328401686985e-10	-2.633732e-09	4.5431876e-09	0.85385585	-2.0167861e-17	0.22717535
4.3750155453351986e-10	-3.1275567e-09	4.1481276e-09	0.85650104	-2.0168523e-17	0.22751677
4.400196465676839e-10	-2.8312617e-09	3.0617133e-09	0.8588497	-2.0167939e-17	0.22723147
4.425377368565544e-10	-1.7119257e-09	2.897105e-09	0.86093044	-2.0166326e-17	0.22815222
4.450064550963352e-10	-1.316866e-09	3.753068e-09	0.86277354	-2.0163945e-17	0.22888052
4.475245457425741e-10	-1.777769e-09	3.8847547e-09	0.8645019	-2.0160842e-17	0.22926508
4.5004261893166575e-10	-2.1728288e-09	3.7201462e-09	0.8661148	-2.0157166e-17	0.22935843
4.5251133870314845e-10	-2.4691236e-09	2.897105e-09	0.8676125	-2.0153073e-17	0.22924094
4.5502943401996674e-10	-2.534967e-09	2.436202e-09	0.86907774	-2.0148447e-17	0.22887553
4.5754751750087096e-10	-2.633732e-09	1.9094557e-09	0.870498	-2.014337e-17	0.22827972
4.600162301391564e-10	-1.5143958e-09	1.8436124e-09	0.8718617	-2.0137962e-17	0.2274811
4.6253431655462526e-10	-8.888845e-10	1.777769e-09	0.8732367	-2.0131983e-17	0.22645229
4.6500304354076837e-10	-1.2839443e-09	2.7654186e-09	0.8745805	-2.0125635e-17	0.22522625
4.675211427311938e-10	-1.5802392e-09	2.633732e-09	0.87595797	-2.0118606e-17	0.22374447
4.700392367140255e-10	-1.4814742e-09	2.2386721e-09	0.87735313	-2.011095e-17	0.2228166
4.725079703100339e-10	-6.58433e-10	2.0411421e-09	0.8787491	-2.0102745e-17	0.22239542
4.750260850102308e-10	-1.316866e-09	1.9094557e-09	0.8802135	-2.0093547e-17	0.22168984
4.775441747794033e-10	-1.7119257e-09	1.9752988e-09	0.88173145	-2.0083365e-17	0.2206699
4.800128998401569e-10	-1.316866e-09	1.1193361e-09	0.8832858	-2.0072246e-17	0.21932116
4.825310020631058e-10	-4.938247e-10	1.7119257e-09	0.8849548	-2.0059517e-17	0.21844578
4.850491126881553e-10	-2.9629485e-10	1.7119257e-09	0.8867273	-2.004509e-17	0.21823114
4.875178616469378e-10	-4.2798143e-10	1.7119257e-09	0.888587	-2.0028923e-17	0.21755783
4.900359718934249e-10	-7.2427625e-10	1.0534927e-09	0.89063495	-2.0009871e-17	0.2162786
4.925047024263027e-10	-3.292165e-10	6.58433e-10	0.89282167	-1.9988042e-17	0.21544711
4.950228269580463e-10	4.609031e-10	1.0534927e-09	0.8952728	-1.99617e-17	0.21543066
4.975409477433344e-10	7.571979e-10	1.2510226e-09	0.8979932	-1.993005e-17	0.21441476
5.000097020283699e-10	6.255113e-10	1.316866e-09	0.9009748	-1.989228e-17	0.21379928
5.025278344861468e-10	1.1193361e-09	1.8436124e-09	0.9043988	-1.9844639e-17	0.21381558
5.050459801126581e-10	1.3168659e-10	2.633732e-09	0.9082749	-1.9784617e-17	0.21289197
5.075147462488693e-10	-2.6337318e-10	3.094635e-09	0.9125658	-1.9709391e-17	0.21326827
5.100329064146911e-10	-5.2674637e-10	3.0287917e-09	0.91744846	-1.9609605e-17	0.21328373
5.125016869619357e-10	-8.888845e-10	3.1604783e-09	0.9226084	-1.9480365e-17	0.21230723
5.150198720784293e-10	-2.3703588e-09	3.2921648e-09	0.92781216	-1.9303755e-17	0.21253482
5.175380505131044e-10	-4.510266e-09	3.1604783e-09	0.9318111	-1.9065264e-17	0.2118641
5.200068687201707e-10	-7.226302e-09	1.7119257e-09	0.9320962	-1.8758969e-17	0.21031085
5.225250904926885e-10	-9.160448e-09	-1.5802392e-09	0.92402846	-1.8399819e-17	0.21093492
5.250433259053808e-10	-9.3497485e-09	-4.7407176e-09	0.9023498	-1.8123737e-17	0.2256702
5.27512191755921e-10	-8.888845e-09	-1.0008181e-08	0.87032735	-1.814659e-17	0.25505626
5.300304240451245e-10	-6.847703e-09	-1.5209801e-08	0.83606505	-1.8529453e-17	0.22087893
5.325487161725601e-10	-1.316866e-09	-1.7119257e-08	0.8021085	-1.8978083e-17	0.20073123
5.350178745468496e-10	5.432072e-09	-1.5440254e-08	0.7700961	-1.9306854e-17	0.19952351
5.375365944574014e-10	1.0880605e-08	-1.2049323e-08	0.74084127	-1.9527805e-17	0.20453148
5.400053400716213e-10	1.4090466e-08	-7.506136e-09	0.71702576	-1.9662882e-17	0.20837024
5.42523335544012e-10	1.4683056e-08	-3.2921648e-09	0.6983771	-1.9743142e-17	0.2110681
5.45041446990313e-10	1.297113e-08	6.58433e-10	0.6851917	-1.9785396e-17	0.21092467
5.475102008836646e-10	1.0074024e-08	3.4238514e-09	0.6771856	-1.9805002e-17	0.21172203
5.500283037567925e-10	8.263334e-09	3.6872247e-09	0.6734407	-1.98136e-17	0.2110314
5.525464010916763e-10	7.1769195e-09	5.6625233e-09	0.67324466	-1.9817744e-17	0.21088368
5.550151778765592e-10	5.99174e-09	5.79421e-09	0.6758507	-1.982159e-17	0.21132344
5.57533357982407e-10	5.086395e-09	4.7407176e-09	0.680956	-1.9827607e-17	0.21142799
5.600021759277123e-10	4.855943e-09	4.872404e-09	0.687957	-1.9836701e-17	0.21079282
5.625203561453126e-10	3.3909298e-09	4.4773443e-09	0.69667935	-1.984964e-17	0.21175861
5.650385735563408e-10	3.7201462e-09	4.0822843e-09	0.706598	-1.9866248e-17	0.21159123
5.675073978760806e-10	3.571999e-09	4.609031e-09	0.7171912	-1.9885763e-17	0.21131633
5.700255993362448e-10	2.1069855e-09	4.4773443e-09	0.7286508	-1.9908502e-17	0.21227583
5.725437965875857e-10	2.633732e-09	3.4238514e-09	0.74055624	-1.9933516e-17	0.21274523
5.750126090158051e-10	2.8641833e-09	3.8847547e-09	0.752453	-1.9959599e-17	0.21295796
5.775308010561271e-10	2.534967e-09	4.3785793e-09	0.76460665	-1.9987094e-17	0.21316995
5.800489815585938e-10	2.534967e-09	5.037012e-09	0.7765732	-2.0014714e-17	0.21356179
5.825177672082501e-10	2.897105e-09	4.1975103e-09	0.7879266	-2.0041109e-17	0.21527334
5.850359298103793e-10	2.99587e-09	3.571999e-09	0.79892075	-2.00665e-17	0.21703114
5.875047216920131e-10	2.5678886e-09	3.551423e-09	0.80893594	-2.0089147e-17	0.21872944
5.900228593487614e-10	1.9423774e-09	3.1522478e-09	0.81820256	-2.0109341e-17	0.22002685
5.925409971399493e-10	2.1399071e-09	2.3209763e-09	0.82639134	-2.0126272e-17	0.22095373
5.950097474329322e-10	3.2592433e-09	1.9094557e-09	0.8333289	-2.0139664e-17	0.22334439
5.975278629751233e-10	3.9505976e-09	1.7283865e-09	0.8393286	-2.0150245e-17	0.22359346
6.000459656872731e-10	4.0493626e-09	2.3868196e-09	0.8443446	-2.0158046e-17	0.22547993
6.02514678754201e-10	4.016441e-09	2.8312617e-09	0.8484473	-2.0163341e-17	0.225357
6.05032761472336e-10	4.3785793e-09	3.8189114e-09	0.851954	-2.0166683e-17	0.22657835
6.075014682467264e-10	3.6872247e-09	3.6872247e-09	0.8548667	-2.0168261e-17	0.2273875
6.100195444811006e-10	3.1275567e-09	4.4444226e-09	0.85742384	-2.0168438e-17	0.22747236
6.125376287293208e-10	2.6995752e-09	3.6213814e-09	0.85966253	-2.016744e-17	0.22755614
6.150063313941336e-10	2.9629483e-09	3.851833e-09	0.8616229	-2.0165542e-17	0.22844982
6.17524410559888e-10	3.1934e-09	4.2468926e-09	0.8634415	-2.0162847e-17	0.2290675
6.200424759340995e-10	2.8641833e-09	4.971169e-09	0.8651223	-2.0159516e-17	0.22932276
6.22511183597873e-10	2.5678886e-09	5.234542e-09	0.8666697	-2.0155723e-17	0.229344
6.250292539126489e-10	2.0082205e-09	5.5966805e-09	0.8681719	-2.0151379e-17	0.2291318
6.275473374560989e-10	1.9423774e-09	5.695445e-09	0.86961806	-2.0146581e-17	0.22867684
6.300160454249074e-10	1.876534e-09	4.872404e-09	0.87099826	-2.014145e-17	0.22801302
6.325341264110705e-10	1.4485525e-09	5.79421e-09	0.8723819	-2.0135762e-17	0.22711925
6.350028506160532e-10	9.218062e-10	5.99174e-09	0.873727	-2.0129725e-17	0.22602926
6.375209454174514e-10	3.292165e-10	6.4526433e-09	0.875099	-2.012305e-17	0.22469586
6.400390201551064e-10	-6.5843296e-11	5.8600533e-09	0.8764818	-2.0115793e-17	0.22312255
6.425077264020302e-10	-6.255113e-10	5.79421e-09	0.8778587	-2.010804e-17	0.2226933
6.450258213929015e-10	-1.6460824e-10	6.18927e-09	0.8792962	-2.0099377e-17	0.22216372
6.475439090999272e-10	-4.938247e-10	6.7818595e-09	0.88077915	-2.0089828e-17	0.22134422
6.500126252929347e-10	-6.58433e-10	6.913546e-09	0.88229036	-2.0079449e-17	0.22022067
6.525307151679348e-10	-1.8436124e-09	7.242763e-09	0.88390476	-2.0067622e-17	0.21869811
6.550488064416979e-10	-2.5678886e-09	7.045233e-09	0.8856103	-2.0054293e-17	0.21841443
6.575175278656644e-10	-3.555538e-09	7.4402924e-09	0.88739055	-2.0039448e-17	0.21804468
6.600356221479251e-10	-4.3456576e-09	7.5719795e-09	0.88934034	-2.0022069e-17	0.21715346
6.625043568741141e-10	-5.8271317e-09	7.111076e-09	0.89141047	-2.0002308e-17	0.2156444
6.650224625409655e-10	-6.551408e-09	7.1769195e-09	0.89371806	-1.9978644e-17	0.21553715
6.675405697184097e-10	-8.625472e-09	7.703666e-09	0.89626485	-1.9950461e-17	0.21518403
6.700093027232281e-10	-1.0798301e-08	7.143998e-09	0.89904195	-1.9917141e-17	0.21373776
6.725274314324525e-10	-1.3728328e-08	7.308606e-09	0.9022177	-1.9875532e-17	0.2140096
6.750455485176237e-10	-1.7152178e-08	6.1234267e-09	0.90580475	-1.9823655e-17	0.21329838
6.775142965975821e-10	-2.0444343e-08	4.213971e-09	0.9097823	-1.9759328e-17	0.21337044
6.800324295380878e-10	-2.475708e-08	1.316866e-09	0.9143506	-1.9674898e-17	0.21249837
6.825012059158321e-10	-3.035376e-08	-3.6872247e-09	0.9193015	-1.9566623e-17	0.21336032
6.850193184206785e-10	-3.6477186e-08	-1.1851793e-08	0.924619	-1.9419871e-17	0.2131305
6.875374449017152e-10	-4.1744652e-08	-2.475708e-08	0.92956007	-1.9222018e-17	0.21167807
6.900062171260729e-10	-4.416439e-08	-4.213971e-08	0.93252194	-1.8961903e-17	0.21132486
6.925243751682723e-10	-4.055947e-08	-6.5579925e-08	0.93036205	-1.86248e-17	0.2095377
6.950425442789882e-10	-2.5378476e-08	-8.770327e-08	0.9175995	-1.827507e-17	0.21417484
6.975113637037511e-10	6.0246617e-09	-1.021888e-07	0.89137524	-1.8087082e-17	0.23837247
7.000295536722224e-10	4.2008022e-08	-1.1035337e-07	0.8573419	-1.8260555e-17	0.247564
7.025477566714672e-10	8.138232e-08	-1.04625e-07	0.8232201	-1.8706829e-17	0.21005431
7.050166986104472e-10	1.1120933e-07	-6.590914e-08	0.7901808	-1.9112521e-17	0.19897936
7.075353396622647e-10	1.17382136e-07	-1.0534928e-08	0.7585568	-1.9402006e-17	0.2005817
7.100044437251767e-10	1.0126699e-07	3.4633576e-08	0.73154503	-1.9584944e-17	0.20560424
7.125223651581543e-10	7.308606e-08	6.070752e-08	0.7093214	-1.9698788e-17	0.21042702
7.150403937629542e-10	4.3818716e-08	6.702847e-08	0.69278955	-1.9762592e-17	0.21190716
7.17509115509185e-10	1.9226242e-08	6.281451e-08	0.6817277	-1.9794402e-17	0.21163948
7.200271755903027e-10	2.0740638e-09	5.1357773e-08	0.6752982	-1.9809144e-17	0.21146803
7.225452217036332e-10	-7.5719795e-09	4.0296097e-08	0.6729949	-1.9815406e-17	0.21087798
7.250139213347799e-10	-1.1884715e-08	2.9497798e-08	0.6738966	-1.9819016e-17	0.21101403
7.275320184445217e-10	-1.3448494e-08	2.2518408e-08	0.6775056	-1.9823526e-17	0.21146774
7.300007888102577e-10	-1.3934088e-08	1.6855884e-08	0.6833022	-1.9830524e-17	0.21115202
7.325189416877597e-10	-1.36213325e-08	1.158842e-08	0.6910808	-1.9841136e-17	0.21145867
7.350370907475178e-10	-1.178595e-08	7.5719795e-09	0.7002957	-1.9855481e-17	0.21131805
7.375058506584299e-10	-1.0008181e-08	4.4773443e-09	0.71037126	-1.9873008e-17	0.2120035
7.400240201405583e-10	-8.625472e-09	2.897105e-09	0.7214439	-1.9894025e-17	0.21169679
7.425421663615625e-10	-6.2221917e-09	1.4485525e-09	0.7330964	-1.9917697e-17	0.21153304
7.450109461550411e-10	-4.6419526e-09	7.2427625e-10	0.744876	-1.9942876e-17	0.21263681
7.475290816322466e-10	-3.4896948e-09	7.901196e-10	0.75704134	-1.9969894e-17	0.21343462
7.500472222861463e-10	-3.2263217e-09	7.901196e-10	0.76914835	-1.999753e-17	0.21418549
7.525159608321319e-10	-2.0082205e-09	6.4197214e-10	0.78076285	-2.0024451e-17	0.21493714
7.550340800828644e-10	-3.292165e-10	2.6337318e-10	0.7921489	-2.0050904e-17	0.21576667
7.575028144353249e-10	2.0082205e-09	4.053478e-10	0.8026658	-2.0075045e-17	0.21653344
7.600209171395014e-10	1.7448474e-09	3.0905198e-09	0.8125469	-2.0097119e-17	0.21893124
7.625390002798387e-10	2.5020452e-09	3.1440175e-09	0.8214179	-2.011611e-17	0.22097711
7.650076953626486e-10	3.8189114e-09	3.1604783e-09	0.8290426	-2.0131511e-17	0.22188574
7.675257553914414e-10	4.872404e-09	5.2016205e-09	0.8357119	-2.0144002e-17	0.22350849
7.700438136659038e-10	5.4979155e-09	6.4032606e-09	0.8413259	-2.0153493e-17	0.22457811
7.725124786436687e-10	5.464994e-09	7.901195e-09	0.845924	-2.0160226e-17	0.22562198
7.750305093916155e-10	4.5431876e-09	8.888845e-09	0.8498401	-2.0164825e-17	0.22555137
7.775485237886233e-10	3.2263217e-09	9.218062e-09	0.8531271	-2.0167474e-17	0.2269678
7.800171626645971e-10	2.1399071e-09	9.283905e-09	0.8558727	-2.0168481e-17	0.22749959
7.825351735457579e-10	1.7119257e-09	9.250983e-09	0.85829943	-2.0168185e-17	0.22734918
7.850038183355716e-10	8.888845e-10	8.9546885e-09	0.86039954	-2.0166842e-17	0.22792204
7.875218162419401e-10	3.6213813e-10	8.625472e-09	0.86232626	-2.016461e-17	0.22872995
7.900398317433511e-10	-6.5843296e-11	7.901195e-09	0.8640883	-2.016166e-17	0.22920237
7.925084633298577e-10	-6.5843296e-11	8.032882e-09	0.8656954	-2.0158195e-17	0.22934584
7.950264668926932e-10	-4.609031e-10	8.065804e-09	0.8672428	-2.0154145e-17	0.22929391
7.975444785553335e-10	-9.876494e-10	7.967039e-09	0.8687216	-2.0149627e-17	0.22898847
8.000131141058908e-10	-1.7448474e-09	7.4402924e-09	0.8701238	-2.0144761e-17	0.2284606
8.025311259654937e-10	-1.9094557e-09	7.4402924e-09	0.871521	-2.0139361e-17	0.22770272
8.050491495575695e-10	-2.2715938e-09	6.650173e-09	0.87289894	-2.0133502e-17	0.22672689
8.075177982667746e-10	-2.633732e-09	6.716016e-09	0.8742426	-2.012728e-17	0.2255551
8.100358187553095e-10	-2.436202e-09	6.847703e-09	0.87561727	-2.0120394e-17	0.22413337
8.125044659433409e-10	-3.7859897e-09	7.703666e-09	0.8769795	-2.0113052e-17	0.22288887
8.150224827340024e-10	-3.753068e-09	7.111076e-09	0.87839484	-2.010488e-17	0.22252592
8.175405025440598e-10	-4.2798143e-09	6.4526433e-09	0.879848	-2.0095898e-17	0.22189142
8.200091503947185e-10	-4.6748743e-09	6.3209566e-09	0.88132143	-2.0086177e-17	0.2209744
8.225271927904002e-10	-5.3991505e-09	5.8600533e-09	0.88288784	-2.007516e-17	0.21969616
8.25045215157229e-10	-6.2221917e-09	6.18927e-09	0.88453436	-2.0062806e-17	0.21843697
8.275138824724867e-10	-7.3744495e-09	5.530837e-09	0.88624406	-2.004912e-17	0.21833077
8.300319173037342e-10	-8.098725e-09	4.938247e-09	0.88810635	-2.0033203e-17	0.21777752
8.325005800980406e-10	-8.7242364e-09	3.6872247e-09	0.890073	-2.001523e-17	0.2166868
8.350186166382218e-10	-9.283905e-09	2.9629483e-09	0.8922528	-1.9993872e-17	0.21533304
8.375366591524271e-10	-9.876494e-09	2.1728288e-09	0.8946449	-1.9968645e-17	0.21551485
8.400053482286847e-10	-1.1818872e-08	1.6460824e-09	0.89723927	-1.9939084e-17	0.21480379
8.425233912716985e-10	-1.3695406e-08	1.3168659e-10	0.9001916	-1.9902521e-17	0.21355109
8.45041450408595e-10	-1.5539019e-08	-2.1728288e-09	0.903514	-1.9857409e-17	0.21398266
8.475101365196627e-10	-1.7119257e-08	-5.99174e-09	0.90719414	-1.9802049e-17	0.21248113
8.500282193086958e-10	-1.8699497e-08	-1.0847684e-08	0.9114378	-1.9730163e-17	0.21346784
8.525463008944216e-10	-1.9851754e-08	-1.6724197e-08	0.91619873	-1.963685e-17	0.21286856
8.550150258940193e-10	-2.0641874e-08	-2.35719e-08	0.92128944	-1.951646e-17	0.21269046
8.575331425839118e-10	-2.034558e-08	-3.476526e-08	0.92657727	-1.9352438e-17	0.21306145
8.600019009222098e-10	-1.5506096e-08	-4.9250787e-08	0.9309733	-1.9135884e-17	0.21202163
8.625200332145761e-10	-4.9217865e-09	-6.702847e-08	0.9325731	-1.8842721e-17	0.21067998
8.650381978555043e-10	1.4905277e-08	-8.243581e-08	0.9271305	-1.8487988e-17	0.21037364
8.675069952835252e-10	4.4230234e-08	-8.612303e-08	0.9095606	-1.817744e-17	0.2192543
8.700251928851112e-10	7.8287684e-08	-7.334943e-08	0.8788197	-1.8102833e-17	0.25016522
8.725433769003991e-10	1.0824638e-07	-6.031246e-08	0.8444889	-1.8415562e-17	0.22974192
8.750122177396916e-10	1.2668251e-07	-2.5217982e-08	0.8111176	-1.8867037e-17	0.20372817
8.775306635385899e-10	1.1766197e-07	2.6238554e-08	0.7779327	-1.9235607e-17	0.19898419
8.800493416438361e-10	8.615596e-08	6.689679e-08	0.74765146	-1.9482171e-17	0.20275842
8.825181481822913e-10	4.9217864e-08	8.678147e-08	0.72252375	-1.9634955e-17	0.20829503
8.850360607579691e-10	1.5308567e-08	8.651809e-08	0.70245934	-1.9727541e-17	0.21043843
8.875047377012493e-10	-8.8806145e-09	7.308606e-08	0.68820065	-1.9776874e-17	0.21146859
8.900227661845371e-10	-2.3275605e-08	5.4254876e-08	0.678768	-1.9801447e-17	0.21180399
8.925407846687228e-10	-2.8971051e-08	3.516032e-08	0.6740019	-1.9812107e-17	0.21118644
8.950094428817312e-10	-2.8032783e-08	2.0674795e-08	0.6729946	-1.9816792e-17	0.21084352
8.975275174259062e-10	-2.4444324e-08	1.1325047e-08	0.6749548	-1.982049e-17	0.21120092
9.000456133397369e-10	-1.9752989e-08	6.3209566e-09	0.6794843	-1.9825843e-17	0.21149899
9.025143636816481e-10	-1.5884696e-08	2.5020452e-09	0.6860283	-1.9834076e-17	0.21058732
9.050325086323749e-10	-1.2855904e-08	2.6337318e-10	0.6943961	-1.9846091e-17	0.21177848
9.075012623007165e-10	-1.0156328e-08	-2.6337318e-10	0.70385075	-1.9861472e-17	0.21094687
9.100193677106149e-10	-8.6419325e-09	-2.7654186e-09	0.7144488	-1.9880556e-17	0.21181759
9.125375101935706e-10	-6.3209566e-09	-3.2921648e-09	0.7257644	-1.9902634e-17	0.21230413
9.150062640896855e-10	-4.609031e-09	-4.3456576e-09	0.7373442	-1.9926644e-17	0.21228291
9.175243851706882e-10	-2.3374371e-09	-3.094635e-09	0.74943894	-1.9952903e-17	0.21210942
9.200425088051572e-10	-5.925897e-10	-3.358008e-09	0.76160675	-1.9980243e-17	0.21289705
9.225112463950698e-10	-3.950598e-10	-2.4691236e-09	0.77340513	-2.0007368e-17	0.2141838
9.250293377784948e-10	1.4485525e-09	-2.3703588e-09	0.78510463	-2.0034551e-17	0.21548447
9.275474419749196e-10	2.897105e-09	-1.6460824e-09	0.7962638	-2.00604e-17	0.21685946
9.300161580087903e-10	4.3785793e-09	9.6707344e-11	0.8064865	-2.0083669e-17	0.21810639
9.325342381419697e-10	4.4773443e-09	2.69546e-09	0.81600374	-2.0104635e-17	0.21896966
9.35002916343461e-10	3.1934e-09	5.3991505e-09	0.8243114	-2.0122075e-17	0.22119157
9.375209700895693e-10	2.0740638e-09	6.2633436e-09	0.83167666	-2.0136572e-17	0.22295386
9.400389979972254e-10	1.4485525e-09	6.18927e-09	0.83793825	-2.0147895e-17	0.22322273
9.425076536880612e-10	1.4814742e-09	5.695445e-09	0.84309155	-2.0156211e-17	0.22520517
9.450256686911984e-10	1.1028752e-09	6.288035e-09	0.847478	-2.0162203e-17	0.22553112
9.475436668924568e-10	1.1851794e-09	6.650173e-09	0.8511403	-2.016603e-17	0.22623236
9.500122873270328e-10	5.925897e-10	7.4402924e-09	0.85417217	-2.0168007e-17	0.22725342
9.525302743247143e-10	-7.901196e-10	7.967039e-09	0.8568228	-2.0168516e-17	0.22751175
9.550482668529705e-10	-2.534967e-09	7.111076e-09	0.8591324	-2.0167783e-17	0.22725977
9.575168837353876e-10	-2.8312617e-09	5.464994e-09	0.86114544	-2.0166096e-17	0.2282368
9.600348694523494e-10	-1.9423774e-09	4.3456576e-09	0.8630048	-2.0163578e-17	0.22895198
9.62503490882852e-10	-1.2839443e-09	3.555538e-09	0.8646837	-2.0160464e-17	0.2292871
9.650214816946028e-10	-7.571979e-10	3.8189114e-09	0.86628586	-2.0156729e-17	0.2293579
9.675394763702385e-10	-1.0041102e-09	4.938247e-09	0.8678048	-2.0152502e-17	0.22920762
9.700080856222087e-10	-2.3374371e-09	5.2016205e-09	0.8692351	-2.0147911e-17	0.22882114
9.725260836048813e-10	-3.0287917e-09	4.1481276e-09	0.8706514	-2.0142788e-17	0.22820202
9.750440734155083e-10	-3.1275567e-09	3.0617133e-09	0.8720399	-2.0137217e-17	0.22736186
9.775127065337914e-10	-2.4691236e-09	2.633732e-09	0.8733868	-2.0131298e-17	0.22632562
9.800307132220182e-10	-2.3374371e-09	1.8436124e-09	0.8747576	-2.012476e-17	0.22504842
9.82548718008059e-10	-1.3497876e-09	1.4485525e-09	0.8761366	-2.0117655e-17	0.22353779
9.850173509785162e-10	-7.571979e-10	2.0411421e-09	0.87750715	-2.011007e-17	0.22278288
9.875353539599651e-10	-1.1193361e-09	2.897105e-09	0.8789354	-2.0101609e-17	0.22232164
9.900040036273846e-10	-1.5802392e-09	2.5020452e-09	0.8803764	-2.0092483e-17	0.2215952
9.92521999772062e-10	-2.3045155e-09	2.0411421e-09	0.8819011	-2.0082185e-17	0.22053778
9.950400249557896e-10	-1.9752988e-09	1.3827093e-09	0.8834956	-2.0070694e-17	0.21911559
9.975086631633542e-10	-1.6460824e-09	1.9752988e-09	0.8851428	-2.0058033e-17	0.21844247
1.0000266934186e-09	-2.0740638e-09	1.4485525e-09	0.8869278	-2.0043399e-17	0.21818158
1.002544705043867e-09	-2.6995752e-09	1.0534927e-09	0.8888414	-2.0026628e-17	0.21743076
1.0050133677136175e-09	-2.8312617e-09	3.950598e-10	0.89086884	-2.000761e-17	0.21609606
1.0075313996194338e-09	-2.633732e-09	1.975299e-10	0.89312357	-1.998491e-17	0.2154906
1.0100000579871096e-09	-2.3045155e-09	2.6337318e-10	0.89555526	-1.9958536e-17	0.21537517
1.0125181057235771e-09	-2.8312617e-09	5.2674637e-10	0.89830804	-1.9926214e-17	0.21422894
1.0150361612106842e-09	-3.2263217e-09	-5.2674637e-10	0.90139186	-1.9886727e-17	0.21389562
1.0175048321491098e-09	-4.2798143e-09	-1.5802392e-09	0.9047978	-1.983877e-17	0.21369982
1.020022908577061e-09	-4.4773443e-09	-2.1728288e-09	0.9087266	-1.977716e-17	0.21307357
1.0225409760500656e-09	-5.0040905e-09	-3.358008e-09	0.9131652	-1.9698037e-17	0.21307217
1.0250096932446977e-09	-6.0246617e-09	-4.7407176e-09	0.91800714	-1.9596989e-17	0.21337524
1.027527783651826e-09	-7.3744495e-09	-7.637823e-09	0.92329454	-1.9460537e-17	0.21268454
1.0300458998192345e-09	-6.946468e-09	-1.158842e-08	0.9284291	-1.9276984e-17	0.21212159
1.0325146567542966e-09	-5.2016205e-09	-1.7250944e-08	0.9320833	-1.9034895e-17	0.21172741
1.0350328169982991e-09	-1.0864144e-09	-2.2650093e-08	0.931655	-1.871404e-17	0.21011147
1.0375016042383358e-09	5.510261e-09	-2.6469005e-08	0.9223925	-1.8362298e-17	0.21139333
1.0400197868440803e-09	1.5209801e-08	-2.6073947e-08	0.899154	-1.8107885e-17	0.23016347
1.0425379813627311e-09	2.515214e-08	-2.2518408e-08	0.86590505	-1.8179426e-17	0.25502864
1.045006782259263e-09	3.318502e-08	-1.9028713e-08	0.8323645	-1.8580654e-17	0.21755643
1.047525069041095e-09	3.8057426e-08	-6.748938e-09	0.7984631	-1.9020717e-17	0.20000081
1.0500436547149294e-09	3.4468965e-08	8.592551e-09	0.7661118	-1.9340978e-17	0.20020323
1.052512905448921e-09	2.6197402e-08	2.0213893e-08	0.7379462	-1.9546225e-17	0.2052732
1.0550308833136175e-09	1.5703627e-08	2.5810573e-08	0.71431416	-1.9675952e-17	0.20899284
1.0575488151167132e-09	6.7818595e-09	2.515214e-08	0.6963929	-1.9750305e-17	0.21154213
1.0600174859863511e-09	-7.571979e-10	2.0938169e-08	0.6840721	-1.9788402e-17	0.21121742
1.0625354926725423e-09	-4.6419526e-09	1.4880585e-08	0.6764752	-1.9806563e-17	0.21164714
1.06500413016242e-09	-6.2221917e-09	9.3497485e-09	0.67326325	-1.9814169e-17	0.21097618
1.0675221720558025e-09	-4.872404e-09	5.79421e-09	0.6734047	-1.9818124e-17	0.21091641
1.0700402353783163e-09	-3.2263217e-09	4.213971e-09	0.676374	-1.9822205e-17	0.21138225
1.0725089589494773e-09	-1.7448474e-09	3.2921648e-09	0.68164045	-1.9828446e-17	0.21136862
1.0750270788453553e-09	-1.4814742e-09	2.2386721e-09	0.6889929	-1.9838145e-17	0.21105303
1.077545198476373e-09	-1.0699536e-09	1.0534927e-09	0.6978884	-1.9851569e-17	0.21166728
1.080013944537468e-09	-2.4691235e-10	1.4485525e-09	0.70772964	-1.9868251e-17	0.21177337
1.0825320588406245e-09	-6.5843296e-11	6.58433e-10	0.71862346	-1.988852e-17	0.21093406
1.085000798997822e-09	0	1.0534927e-09	0.72992086	-1.9911108e-17	0.21215104
1.0875189182819408e-09	6.255113e-10	1.3168659e-10	0.7418613	-1.9936327e-17	0.21280253
1.0900370382100657e-09	1.6460824e-09	1.1851794e-09	0.7540085	-1.9963078e-17	0.21323135
1.092505762709426e-09	2.6008102e-09	2.2715938e-09	0.7659125	-1.9990088e-17	0.21356599
1.0950238609155415e-09	1.6460824e-09	2.1069855e-09	0.7778463	-2.0017672e-17	0.21400146
1.0975419449198609e-09	1.9752988e-09	2.7818794e-09	0.7893667	-2.0044452e-17	0.21498995
1.1000106549988224e-09	2.3045155e-09	2.757188e-09	0.8000642	-2.0069116e-17	0.21697217
1.1025287117087452e-09	1.7119257e-09	3.2859921e-09	0.8101742	-2.0091891e-17	0.21889666
1.1050467729491403e-09	2.1069855e-09	3.3621235e-09	0.8193084	-2.0111686e-17	0.2204364
1.1075154491562583e-09	2.2386721e-09	3.3497778e-09	0.8272075	-2.0127902e-17	0.22084029
1.1100334869398434e-09	2.6995752e-09	4.213971e-09	0.8341524	-2.014118e-17	0.2234547
1.1125021309269986e-09	1.8106907e-09	4.0987453e-09	0.83991414	-2.0151213e-17	0.2239072
1.115020132699287e-09	1.5802392e-09	2.4032802e-09	0.84483236	-2.0158736e-17	0.2255487
1.1175381351849745e-09	1.9752988e-09	1.7119257e-09	0.8489288	-2.0163874e-17	0.22523826
1.120006757283247e-09	2.7983402e-09	1.7448474e-09	0.852297	-2.0166933e-17	0.22670569
1.1225247384538032e-09	3.555538e-09	2.7983402e-09	0.8552129	-2.016836e-17	0.227438
1.1250427185400494e-09	2.9464875e-09	3.555538e-09	0.85772455	-2.0168372e-17	0.22743908
1.1275113227534812e-09	2.5678886e-09	3.4238514e-09	0.8598879	-2.0167272e-17	0.22767395
1.1300293047452492e-09	2.6995752e-09	2.897105e-09	0.8618632	-2.0165237e-17	0.22855191
1.1325472832360299e-09	2.8641833e-09	2.732497e-09	0.86366206	-2.0162456e-17	0.22911894
1.1350158793719035e-09	2.8641833e-09	3.1275567e-09	0.8652962	-2.0159126e-17	0.22933117
1.1375338655397062e-09	3.2921648e-09	3.917676e-09	0.86686426	-2.0155199e-17	0.22933194
1.1400024963063786e-09	2.732497e-09	3.7859897e-09	0.8683294	-2.0150887e-17	0.22909452
1.1425204785098783e-09	2.8312617e-09	4.1810493e-09	0.8697707	-2.0146038e-17	0.2286153
1.1450384748791379e-09	1.876534e-09	4.609031e-09	0.87117493	-2.0140751e-17	0.22791228
1.147507090165843e-09	1.9423774e-09	4.1481276e-09	0.87252945	-2.0135125e-17	0.2270107
1.1500250821770637e-09	2.3703588e-09	4.609031e-09	0.8739009	-2.0128908e-17	0.22587337
1.1525430733324926e-09	2.3703588e-09	4.8065605e-09	0.8752735	-2.0122163e-17	0.22450985
1.1550117076371864e-09	1.8436124e-09	4.938247e-09	0.87663096	-2.011498e-17	0.22294037
1.1575297071257157e-09	1.8436124e-09	5.135777e-09	0.8780388	-2.0106989e-17	0.22264093
1.1600477134764477e-09	9.876494e-10	6.0575833e-09	0.8794814	-2.0098217e-17	0.22207741
1.1625163516331942e-09	7.901196e-10	5.6625233e-09	0.8809412	-2.0088746e-17	0.22123748
1.1650343552748716e-09	5.925897e-10	6.1234267e-09	0.8824903	-2.0078024e-17	0.22005007
1.167502993566085e-09	1.6460824e-10	6.5843295e-09	0.8840826	-2.0066273e-17	0.21851012
1.1700210086345136e-09	-7.901196e-10	6.9793895e-09	0.88579905	-2.0052764e-17	0.21839544
1.1725390355197626e-09	-1.2510226e-09	7.111076e-09	0.88762933	-2.0037382e-17	0.21796311
1.1750076838155553e-09	-1.316866e-09	8.230412e-09	0.8895579	-2.0020055e-17	0.21702284
1.1775257037714254e-09	-2.8641833e-09	8.032882e-09	0.8916907	-1.9999525e-17	0.21539609
1.180043739239905e-09	-4.4444226e-09	8.296255e-09	0.894026	-1.9975353e-17	0.21554327
1.1825124010852027e-09	-5.695445e-09	7.851813e-09	0.89655316	-1.994713e-17	0.21508603
1.185030438718537e-09	-7.4402924e-09	8.296255e-09	0.8994229	-1.991235e-17	0.21345207
1.187548494821825e-09	-9.316826e-09	8.164569e-09	0.902647	-1.9869605e-17	0.21402897
1.1900171756015182e-09	-1.22797745e-08	7.7695095e-09	0.90621465	-1.9817376e-17	0.21308963
1.1925352418335887e-09	-1.580239e-08	7.045233e-09	0.9103305	-1.9749837e-17	0.21345347
1.1950039416505712e-09	-2.0148049e-08	4.8065605e-09	0.9148685	-1.9664489e-17	0.21216916
1.197522024375386e-09	-2.5020453e-08	9.218062e-10	0.91996586	-1.955037e-17	0.21322544
1.2000401320590158e-09	-3.0057464e-08	-5.3991505e-09	0.9252846	-1.9398054e-17	0.21320799
1.2025088750376668e-09	-3.6049205e-08	-1.4880585e-08	0.93001235	-1.9197168e-17	0.21185814
1.2050270178400022e-09	-4.055947e-08	-2.8444305e-08	0.9326302	-1.8923032e-17	0.2111014
1.2075451727814209e-09	-4.1061526e-08	-4.7012115e-08	0.9294605	-1.8578864e-17	0.20902129
1.210013964285108e-09	-3.092989e-08	-6.795028e-08	0.9153922	-1.8243283e-17	0.2155692
1.2125321526078188e-09	-5.79421e-09	-8.2830866e-08	0.88723695	-1.8085694e-17	0.24213786
1.2150009602612565e-09	1.8699497e-08	-9.349748e-08	0.853685	-1.830128e-17	0.24215303
1.2175191655723433e-09	4.832898e-08	-9.2378144e-08	0.8195905	-1.8755971e-17	0.20845465
1.2200375598485965e-09	7.677328e-08	-6.4773346e-08	0.7860256	-1.915594e-17	0.19844918
1.2225068323835808e-09	9.0534535e-08	-2.4296178e-08	0.7553967	-1.9426171e-17	0.2017109
1.2250252667577286e-09	8.590904e-08	1.2905287e-08	0.728425	-1.9602837e-17	0.20666018
1.2275431491320326e-09	6.818073e-08	3.6872247e-08	0.70692515	-1.970918e-17	0.2106911
1.2300117420739902e-09	4.6254915e-08	4.674874e-08	0.69134605	-1.9767254e-17	0.2118791
1.2325297640937392e-09	2.5711808e-08	4.6880427e-08	0.6806568	-1.9797016e-17	0.21174644
1.2350477867652714e-09	9.613121e-09	4.134959e-08	0.67480046	-1.981025e-17	0.21137117
1.2375164223163883e-09	-3.292165e-10	3.3711768e-08	0.67295337	-1.9815844e-17	0.2108569
1.2400344555622225e-09	-4.98763e-09	2.6073947e-08	0.6742104	-1.981949e-17	0.21107408
1.2425031562932891e-09	-6.1234267e-09	1.9094557e-08	0.6780344	-1.982414e-17	0.21149188
1.2450212659184902e-09	-6.551408e-09	1.5143959e-08	0.6841891	-1.9831657e-17	0.21099754
1.2475393788057079e-09	-6.913546e-09	1.1851793e-08	0.6921725	-1.9842741e-17	0.21160996
1.2500081090105263e-09	-7.4073707e-09	8.9546885e-09	0.7013457	-1.9857228e-17	0.2110957
1.2525262274648186e-09	-7.012311e-09	5.9258967e-09	0.7117282	-1.9875494e-17	0.21201625
1.255044341270464e-09	-6.1563483e-09	4.3456576e-09	0.7228856	-1.9896875e-17	0.21198536
1.2575130828718913e-09	-4.7736393e-09	2.7654186e-09	0.7343625	-1.9920345e-17	0.21145384
1.2600311832581998e-09	-3.654303e-09	1.2510226e-09	0.74640554	-1.994622e-17	0.21239264
1.2625492848025216e-09	-3.0287917e-09	1.6460824e-09	0.7585749	-1.9973361e-17	0.21336792
1.2650180094784635e-09	-2.0246813e-09	2.0082205e-09	0.77042484	-2.0000476e-17	0.21428418
1.2675360919863277e-09	-5.2674637e-10	1.4485525e-09	0.78222746	-2.0027859e-17	0.2152379
1.2700047982083126e-09	7.571979e-10	2.6995752e-09	0.7933245	-2.0053622e-17	0.21617831
1.2725228753713472e-09	1.876534e-09	3.6831094e-09	0.8039614	-2.007798e-17	0.21707071
1.2750409257312207e-09	1.9094557e-09	3.9382524e-09	0.81372267	-2.0099693e-17	0.2188077
1.2775096042267733e-09	2.3703588e-09	2.8641833e-09	0.8222973	-2.0117937e-17	0.22110789
1.2800276419236815e-09	4.0822843e-09	2.7818794e-09	0.82994366	-2.013326e-17	0.22231138
1.282545658996885e-09	5.695445e-09	3.917676e-09	0.8364747	-2.014535e-17	0.22345954
1.2850142941495232e-09	5.563759e-09	5.135777e-09	0.84186524	-2.015434e-17	0.2247991
1.2875323026843077e-09	5.234542e-09	5.613141e-09	0.84645694	-2.0160926e-17	0.22561665
1.290000916028558e-09	5.0040905e-09	6.617251e-09	0.8502167	-2.0165194e-17	0.22576448
1.292518884751582e-09	3.9999803e-09	6.5184866e-09	0.85344535	-2.0167651e-17	0.22706208
1.2950368692916017e-09	4.329197e-09	7.111076e-09	0.85619676	-2.0168515e-17	0.22751412
1.2975054687531794e-09	3.6213814e-09	8.559629e-09	0.8585389	-2.0168088e-17	0.22730157
1.300023450835225e-09	2.436202e-09	8.493785e-09	0.8606528	-2.0166605e-17	0.22803493
1.3025414346482102e-09	1.2510226e-09	7.670744e-09	0.86255604	-2.0164274e-17	0.22881064
1.3050100308381837e-09	1.1522577e-10	6.5843295e-09	0.8642675	-2.0161313e-17	0.22923255
1.3075279993634377e-09	1.6460824e-10	6.0575833e-09	0.8658946	-2.0157712e-17	0.22935423
1.3100459833299797e-09	1.1193361e-09	5.8271317e-09	0.8674321	-2.0153599e-17	0.229269
1.3125145849768887e-09	9.218062e-10	7.045233e-09	0.86887544	-2.014912e-17	0.22894146
1.3150325687264773e-09	0	7.703666e-09	0.8703009	-2.0144106e-17	0.22837768
1.3175011894434218e-09	-2.6337318e-10	7.3744495e-09	0.871668	-2.0138761e-17	0.22760952
1.3200191983629505e-09	-9.218062e-10	7.5719795e-09	0.8730445	-2.0132851e-17	0.2266102
1.3225371950253271e-09	-1.2510226e-09	7.045233e-09	0.8744149	-2.0126443e-17	0.22538874
1.325005814789634e-09	-1.4485525e-09	7.242763e-09	0.8757638	-2.0119628e-17	0.22396787
1.3275238090348618e-09	-2.1069855e-09	6.4526433e-09	0.8771558	-2.0112063e-17	0.22285706
1.3300417868609453e-09	-2.534967e-09	6.2551133e-09	0.87857515	-2.0103793e-17	0.2224619
1.3325104087038563e-09	-2.534967e-09	6.3868e-09	0.88000476	-2.0094895e-17	0.22180744
1.3350284157944197e-09	-3.555538e-09	6.847703e-09	0.8815144	-2.008486e-17	0.22083403
1.3375464369353863e-09	-3.851833e-09	6.716016e-09	0.88309	-2.0073687e-17	0.21950792
1.340015071468767e-09	-4.872404e-09	6.3209566e-09	0.88471437	-2.0061403e-17	0.21844386
1.3425330891135538e-09	-5.9588183e-09	5.464994e-09	0.88647103	-2.0047237e-17	0.21828839
1.3450017283284957e-09	-7.111076e-09	5.7283667e-09	0.8883119	-2.0031381e-17	0.21768756
1.3475197519466486e-09	-8.230412e-09	4.6748743e-09	0.8903366	-2.0012728e-17	0.21650042
1.3500377626851378e-09	-9.020532e-09	4.2798143e-09	0.89254075	-1.9990935e-17	0.21539664
1.3525064200084113e-09	-9.909416e-09	3.4896948e-09	0.8949127	-1.99657e-17	0.21548642
1.3550244619291458e-09	-1.1687185e-08	2.8312617e-09	0.8975919	-1.9934882e-17	0.21463259
1.3575424922198231e-09	-1.3366189e-08	1.4485525e-09	0.9005873	-1.9897378e-17	0.21368773
1.3600111712461228e-09	-1.557194e-08	0	0.90389067	-1.9852014e-17	0.21392594
1.362529222295248e-09	-1.7415552e-08	-3.2921648e-09	0.9076992	-1.9793975e-17	0.21261421
1.3650472894254272e-09	-1.9522538e-08	-6.9793895e-09	0.9120076	-1.9719764e-17	0.21339467
1.3675159939452482e-09	-2.1135698e-08	-1.2707757e-08	0.91673195	-1.9625388e-17	0.21308006
1.370034099160327e-09	-2.3110998e-08	-2.0148049e-08	0.9219597	-1.9498429e-17	0.2122832
1.3725028337219529e-09	-2.3242684e-08	-3.0024545e-08	0.9271139	-1.9331993e-17	0.21288097
1.3750209529679645e-09	-2.077356e-08	-4.4378382e-08	0.93139553	-1.9103291e-17	0.21198396
1.37753909296538e-09	-1.2938208e-08	-6.070752e-08	0.93238825	-1.8800629e-17	0.21048836
1.3800078808213562e-09	3.4403123e-09	-7.730003e-08	0.9259016	-1.8449794e-17	0.21082927
1.3825260624481376e-09	3.159038e-08	-8.388436e-08	0.9062836	-1.8149722e-17	0.22327979
1.3850442502908422e-09	6.465812e-08	-7.7826776e-08	0.8745127	-1.8121769e-17	0.2524013
1.387513058592895e-09	9.455098e-08	-6.821366e-08	0.8408747	-1.846374e-17	0.22622785
1.3900312998608835e-09	1.1535746e-07	-3.578583e-08	0.80686724	-1.892041e-17	0.20268945
1.3925004149399382e-09	1.1153855e-07	1.1325047e-08	0.7745478	-1.9267068e-17	0.1984936
1.3950191161496647e-09	8.750986e-08	5.2674636e-08	0.7446939	-1.9502396e-17	0.2029939
1.3975372381168849e-09	5.4765163e-08	7.479799e-08	0.71968585	-1.964961e-17	0.20851023
1.4000057433207948e-09	2.3637744e-08	7.822184e-08	0.7006678	-1.9734528e-17	0.21028543
1.4025237629357984e-09	-3.292165e-10	6.78186e-08	0.6867391	-1.9781098e-17	0.211123
1.4050417879907765e-09	-1.5736548e-08	5.0435965e-08	0.67792904	-1.9803346e-17	0.21177506
1.4075104046898311e-09	-2.255133e-08	3.4238514e-08	0.6737342	-1.9812784e-17	0.21111618
1.4100284161101041e-09	-2.278178e-08	2.1464915e-08	0.6730863	-1.9817246e-17	0.21085632
1.4125464533758353e-09	-2.0016362e-08	1.3168659e-08	0.6753902	-1.9821031e-17	0.21126518
1.4150151665512716e-09	-1.6526668e-08	7.7695095e-09	0.68009853	-1.9826576e-17	0.2114791
1.4175332670694896e-09	-1.3604871e-08	4.872404e-09	0.6869942	-1.9835377e-17	0.21051888
1.420002000390635e-09	-1.1868254e-08	1.9752988e-09	0.6953641	-1.9847583e-17	0.2117952
1.4225201164072129e-09	-9.308597e-09	-1.0534927e-09	0.70513356	-1.9863684e-17	0.21128337
1.4250382408854829e-09	-6.814781e-09	-2.3703588e-09	0.7158343	-1.9883174e-17	0.2116026
1.4275069668819254e-09	-5.1193165e-09	-2.897105e-09	0.72699565	-1.9905129e-17	0.21233581
1.430025072215796e-09	-3.3250864e-09	-1.7119257e-09	0.7388507	-1.9929858e-17	0.21255657
1.4325431783299598e-09	-2.518506e-09	-2.7654186e-09	0.75096625	-1.995629e-17	0.21259075
1.4350119054878735e-09	-1.1522577e-09	-1.7119257e-09	0.7628906	-1.998317e-17	0.2125594
1.4375300036910554e-09	-1.0864144e-09	-9.876494e-10	0.7748958	-2.0010826e-17	0.2139585
1.4400480969583293e-09	1.3168659e-10	1.6460824e-11	0.78653866	-2.0037883e-17	0.21543457
1.4425167940437323e-09	1.1851794e-09	4.032902e-10	0.79740506	-2.0063028e-17	0.216986
1.4450348528786303e-09	2.5020452e-09	9.17691e-10	0.8077341	-2.0086463e-17	0.2184719
1.4475035360864839e-09	2.3868196e-09	2.1995776e-09	0.8169511	-2.0106671e-17	0.21946466
1.4500215794150217e-09	3.0287917e-09	3.1522478e-09	0.8252971	-2.0124073e-17	0.22112012
1.4525396089103318e-09	3.917676e-09	5.18516e-09	0.83252144	-2.0138162e-17	0.22318098
1.4550082477750971e-09	3.4896948e-09	6.090505e-09	0.83853924	-2.014892e-17	0.22312793
1.4575262467353877e-09	2.3374371e-09	6.18927e-09	0.84368676	-2.0157095e-17	0.22535379
1.4600442459640888e-09	2.3045155e-09	5.5966805e-09	0.84797376	-2.0162795e-17	0.22545381
1.4625128512534192e-09	2.3703588e-09	6.748938e-09	0.8514916	-2.0166323e-17	0.22638936
1.4650308200694695e-09	1.6131608e-09	6.847703e-09	0.8545266	-2.0168146e-17	0.22732829
1.4675487848160173e-09	4.4444226e-10	7.7695095e-09	0.8571293	-2.0168486e-17	0.22749695
1.4700173800652502e-09	-7.901196e-10	6.8806245e-09	0.8593604	-2.0167646e-17	0.22739121
1.472535348218743e-09	-1.4485525e-09	6.0575833e-09	0.8613882	-2.0165821e-17	0.2283453
1.4750039571574023e-09	-1.0205711e-09	4.1481276e-09	0.8631919	-2.0163269e-17	0.22900423
1.477521928357417e-09	0	4.3456576e-09	0.86489	-2.0160023e-17	0.22930625
1.4800399003078602e-09	-3.6213813e-10	5.069934e-09	0.8664803	-2.0156228e-17	0.22935396
1.4825084993466938e-09	-6.255113e-10	5.2016205e-09	0.8679616	-2.0152026e-17	0.22917746
1.4850264724826535e-09	-1.0205711e-09	5.464994e-09	0.8694146	-2.0147294e-17	0.2287565
1.4875444469823301e-09	-1.4156308e-09	6.0246617e-09	0.87082666	-2.0142114e-17	0.22810873
1.490013069828929e-09	-1.876534e-09	4.7407176e-09	0.8721856	-2.0136599e-17	0.22726029
1.4925310679706408e-09	-2.3045155e-09	4.0822843e-09	0.87355846	-2.0130509e-17	0.22617868
1.4950490486371898e-09	-1.3497876e-09	4.016441e-09	0.8749297	-2.0123903e-17	0.22487235
1.4975176875417622e-09	-1.4485525e-09	4.0822843e-09	0.8762833	-2.0116867e-17	0.22336295
1.5000356690317182e-09	-1.4814742e-09	3.094635e-09	0.8776842	-2.0109052e-17	0.22273971
1.5025042884610758e-09	-2.0411421e-09	3.4896948e-09	0.8790885	-2.0100668e-17	0.22225648
1.505022284829917e-09	-2.6666536e-09	3.6213814e-09	0.8805642	-2.0091251e-17	0.221481
1.5075402868443668e-09	-3.1604783e-09	3.4896948e-09	0.8820967	-2.0080814e-17	0.22038159
1.5100089250193073e-09	-3.6213814e-09	3.6213814e-09	0.8836689	-2.0069397e-17	0.21894167
1.512526926604057e-09	-3.456773e-09	2.897105e-09	0.88536024	-2.0056301e-17	0.21843313
1.5150449292161475e-09	-3.8847547e-09	2.6995752e-09	0.88715994	-2.0041425e-17	0.21811658
1.5175135789626521e-09	-4.0822843e-09	2.6995752e-09	0.8890522	-2.0024713e-17	0.21731855
1.5200316051335208e-09	-4.3456576e-09	3.4238514e-09	0.8911401	-2.0004964e-17	0.21587577
1.5225002436209586e-09	-5.629602e-09	2.8312617e-09	0.8933743	-1.9982281e-17	0.21551652
1.5250182697364258e-09	-7.209841e-09	1.7119257e-09	0.8958839	-1.9954814e-17	0.21529594
1.5275363057563182e-09	-8.164569e-09	1.975299e-10	0.8986749	-1.9921702e-17	0.21399388
1.5300049777840722e-09	-8.7571586e-09	-7.901196e-10	0.9017395	-1.9882045e-17	0.213956
1.532523028623497e-09	-9.1522185e-09	-2.3703588e-09	0.9052635	-1.9831837e-17	0.21353449
1.5350410789945065e-09	-1.0403241e-08	-3.6213814e-09	0.90925384	-1.9768326e-17	0.2132443
1.5375097862248458e-09	-1.1654263e-08	-6.5843295e-09	0.9136645	-1.9688407e-17	0.21286123
1.540027861694985e-09	-1.2148089e-08	-1.0403241e-08	0.9186558	-1.958198e-17	0.21340817
1.5425459581619993e-09	-1.2608991e-08	-1.4880585e-08	0.9239624	-1.9440455e-17	0.21295685
1.545014696883934e-09	-1.1818872e-08	-2.2386722e-08	0.9289207	-1.9254159e-17	0.2117175
1.5475328165768912e-09	-8.230412e-09	-3.1341408e-08	0.9323386	-1.8998775e-17	0.21153618
1.5500015851613082e-09	-1.5802392e-09	-4.1217906e-08	0.93118054	-1.8676456e-17	0.20991418
1.5525197482908298e-09	1.1571959e-08	-4.9119098e-08	0.9202923	-1.8320502e-17	0.2131815
1.5550379294588443e-09	3.1110957e-08	-4.8460667e-08	0.89531255	-1.8094566e-17	0.23333366
1.5575067391436264e-09	4.9777533e-08	-4.253477e-08	0.86226714	-1.8211233e-17	0.25290677
1.5600249327840337e-09	6.610667e-08	-3.094635e-08	0.8280993	-1.8639759e-17	0.21422727
1.5625432526579336e-09	7.0781546e-08	-5.7612883e-09	0.79428244	-1.9067936e-17	0.19978617
1.5650124780392309e-09	6.1530564e-08	2.1464915e-08	0.76287603	-1.9367691e-17	0.2003021
1.5675310586738736e-09	4.2847525e-08	4.1283748e-08	0.7346844	-1.9566299e-17	0.20566905
1.570048934730109e-09	2.215627e-08	4.8592355e-08	0.71175766	-1.9687843e-17	0.20987613
1.5725174988776572e-09	5.8600533e-09	4.4773444e-08	0.69482416	-1.9755768e-17	0.21177904
1.5750355261926052e-09	-4.7654085e-09	3.6213812e-08	0.6828543	-1.9791567e-17	0.21146946
1.5775041530311068e-09	-1.0798301e-08	2.6600691e-08	0.67594385	-1.9807728e-17	0.21157534
1.5800221656010029e-09	-1.3004051e-08	1.738263e-08	0.67310846	-1.9814772e-17	0.21092382
1.582540188392899e-09	-1.3201581e-08	9.744808e-09	0.6736307	-1.981857e-17	0.21096197
1.5850088699891857e-09	-1.158842e-08	6.9793895e-09	0.6768358	-1.9822745e-17	0.21142344
1.5875269549270795e-09	-9.300366e-09	4.3456576e-09	0.68246055	-1.9829465e-17	0.21127456
1.5900450705126544e-09	-7.925887e-09	2.5020452e-09	0.69003075	-1.9839621e-17	0.21127485
1.592513808902208e-09	-6.4361823e-09	6.58433e-10	0.6989004	-1.9853198e-17	0.21154809
1.5950319282716211e-09	-4.699565e-09	-6.58433e-10	0.70905083	-1.9870619e-17	0.21192332
1.5975006446431322e-09	-3.275704e-09	-7.901196e-10	0.719814	-1.9890832e-17	0.21127228
1.600018764608886e-09	-1.497935e-09	-1.0534927e-09	0.7313965	-1.9914158e-17	0.21191822
1.6025368784310002e-09	-1.6460824e-10	-9.218062e-10	0.7433746	-1.9939606e-17	0.21277177
1.6050056062708497e-09	9.876495e-11	-6.58433e-10	0.7552936	-1.9965961e-17	0.2133713
1.6075236936714618e-09	8.5596286e-10	-5.2674637e-10	0.76742154	-1.9993556e-17	0.21391977
1.610041782691846e-09	1.0864144e-09	1.3168659e-10	0.77931476	-2.0021085e-17	0.21452874
1.6125104935452775e-09	1.3497876e-09	3.2098607e-10	0.7905501	-2.0047199e-17	0.21508409
1.615028551419089e-09	2.2386721e-09	1.4279765e-09	0.8013773	-2.0072113e-17	0.21680433
1.6175466258455682e-09	1.9423774e-09	2.545255e-09	0.81137353	-2.0094545e-17	0.21896225
1.6200152990018837e-09	1.5143958e-09	2.7818794e-09	0.8202101	-2.0113585e-17	0.22070637
1.6225333276945082e-09	2.6008102e-09	2.855953e-09	0.8281378	-2.0129741e-17	0.22139797
1.6250019647332417e-09	3.8189114e-09	3.2263217e-09	0.83482075	-2.0142397e-17	0.22350311
1.6275199694181174e-09	4.0822843e-09	4.839482e-09	0.84057975	-2.01523e-17	0.22423232
1.6300379665002482e-09	2.3045155e-09	5.18516e-09	0.84538656	-2.01595e-17	0.2255996
1.6325065695420767e-09	1.8436124e-09	5.530837e-09	0.8493194	-2.0164294e-17	0.22523665
1.635024529543741e-09	1.8436124e-09	5.037012e-09	0.8526877	-2.0167201e-17	0.22683716
1.6375425042383416e-09	1.777769e-09	5.267464e-09	0.855547	-2.0168434e-17	0.22747475
1.6400111085064638e-09	1.679004e-09	5.530837e-09	0.85797	-2.0168303e-17	0.22740522
1.6425290728965771e-09	1.4156308e-09	6.18927e-09	0.8601464	-2.0167064e-17	0.22780305
1.6450470625655848e-09	2.3045155e-10	5.6625233e-09	0.8620969	-2.0164926e-17	0.22864503
1.6475156475662686e-09	-9.876495e-11	4.938247e-09	0.8638434	-2.0162122e-17	0.22915725
1.6500336265557822e-09	-1.3168659e-10	4.6748743e-09	0.8654972	-2.0158663e-17	0.22933719
1.6525022438169245e-09	2.6337318e-10	4.4444226e-09	0.8670249	-2.0154755e-17	0.22931857
1.655020208642301e-09	1.975299e-10	4.872404e-09	0.8685122	-2.0150303e-17	0.22904703
1.6575381757068292e-09	-6.5843296e-11	5.267464e-09	0.869948	-2.0145403e-17	0.22854006
1.6600068037054486e-09	-9.876494e-10	5.7283667e-09	0.8713215	-2.0140165e-17	0.22782546
1.6625247804116596e-09	-1.1193361e-09	5.3991505e-09	0.8727013	-2.0134374e-17	0.2268809
1.6650427775487744e-09	-1.5473175e-09	4.938247e-09	0.87407225	-2.0128097e-17	0.22571655
1.6675113907454007e-09	-2.0082205e-09	4.4773443e-09	0.8754187	-2.012142e-17	0.22435237
1.6700293783690833e-09	-1.6131608e-09	4.609031e-09	0.8768056	-2.0114018e-17	0.22291665
1.672547354407349e-09	-1.0864144e-09	3.8189114e-09	0.87821704	-2.0105935e-17	0.22258586
1.6750159757320805e-09	-1.4156308e-09	4.213971e-09	0.879636	-2.0097248e-17	0.22200134
1.6775339830438617e-09	-2.5020452e-09	4.609031e-09	0.88113135	-2.0087467e-17	0.22110896
1.6800026170574198e-09	-2.633732e-09	4.7407176e-09	0.8826577	-2.0076823e-17	0.21990392
1.6825206191310689e-09	-3.0287917e-09	4.213971e-09	0.88429165	-2.0064677e-17	0.21842101
1.685038620286038e-09	-2.8312617e-09	4.1481276e-09	0.8860212	-2.0050952e-17	0.21836655
1.6875072598043638e-09	-2.5678886e-09	4.4773443e-09	0.8878299	-2.0035633e-17	0.21788867
1.6900252696692322e-09	-3.0617133e-09	4.5431876e-09	0.8898147	-2.0017663e-17	0.21685973
1.692543291283434e-09	-4.411501e-09	3.9505976e-09	0.8919707	-1.9996722e-17	0.21527947
1.6950119386831445e-09	-4.4773443e-09	3.8847547e-09	0.8942855	-1.9972554e-17	0.21553853
1.69752997256305e-09	-4.839482e-09	3.4238514e-09	0.89689445	-1.994315e-17	0.21495445
1.7000480012602871e-09	-5.135777e-09	3.6213814e-09	0.89980525	-1.990749e-17	0.21339634
1.7025166733613302e-09	-6.2551133e-09	2.897105e-09	0.90300995	-1.9864536e-17	0.21402334
1.7050347293034236e-09	-8.427942e-09	2.8312617e-09	0.9067017	-1.980981e-17	0.2128062
1.7075034098522095e-09	-1.0403241e-08	1.777769e-09	0.91079426	-1.9741681e-17	0.21348414
1.7100214858502945e-09	-1.3135738e-08	0	0.91548216	-1.9651906e-17	0.21250488
1.712539561670814e-09	-1.5835314e-08	-3.1604783e-09	0.92062736	-1.9533687e-17	0.2130028
1.7150082891998656e-09	-1.8271516e-08	-8.032882e-09	0.925835	-1.9379204e-17	0.21319446
1.7175264069611925e-09	-2.0543109e-08	-1.5275646e-08	0.93051225	-1.9167034e-17	0.21198282
1.7200445475923858e-09	-2.1267384e-08	-2.5283827e-08	0.93264973	-1.8883369e-17	0.21088424
1.7225133264622557e-09	-1.7909377e-08	-3.713562e-08	0.9285691	-1.8540416e-17	0.20945975
1.7250314911213418e-09	-7.711896e-09	-4.8460667e-08	0.91258675	-1.8208667e-17	0.21807803
1.7275002973439038e-09	1.0271554e-08	-5.3991503e-08	0.8837131	-1.808964e-17	0.245785
1.7300184734818162e-09	2.7785871e-08	-5.846885e-08	0.8494098	-1.8352598e-17	0.23652497
1.7325366853978692e-09	4.727549e-08	-5.1851597e-08	0.8153427	-1.881237e-17	0.20586975
1.7350057215217716e-09	6.0444144e-08	-2.8049245e-08	0.7825878	-1.919056e-17	0.19896309
1.737524413949541e-09	6.154702e-08	9.876495e-11	0.7517583	-1.9453036e-17	0.20251231
1.7400426908492735e-09	5.188452e-08	2.2518408e-08	0.7254254	-1.961944e-17	0.20769031
1.7425111802182929e-09	3.6674717e-08	3.4501888e-08	0.7049965	-1.9717273e-17	0.21070164
1.7450291913850468e-09	2.1300307e-08	3.5687066e-08	0.68973035	-1.9772287e-17	0.2117263
1.7475471980284338e-09	8.921766e-09	3.252659e-08	0.67967343	-1.9799349e-17	0.21179748
1.7500158041042547e-09	1.0205711e-09	2.7259125e-08	0.6744339	-1.9811082e-17	0.21129133
1.7525338056714407e-09	-3.4073906e-09	2.0543109e-08	0.6729502	-1.9816331e-17	0.21084352
1.755002491481684e-09	-5.5802194e-09	1.5012272e-08	0.6745048	-1.9819903e-17	0.21112698
1.7575205452381538e-09	-6.0575833e-09	1.1325047e-08	0.67868733	-1.9824905e-17	0.2115055
1.7600386313425687e-09	-5.7448277e-09	8.032882e-09	0.685096	-1.9832838e-17	0.21081105
1.762507373423251e-09	-4.8641735e-09	6.18927e-09	0.69310087	-1.9844126e-17	0.21170332
1.7650254756644498e-09	-4.5267265e-09	4.3456576e-09	0.7025919	-1.9859323e-17	0.21077572
1.767543593776185e-09	-3.8024504e-09	2.897105e-09	0.71308434	-1.9878004e-17	0.21195477
1.7700123364897075e-09	-2.436202e-09	1.316866e-09	0.7240964	-1.989929e-17	0.2121618
1.7725304429073653e-09	-1.316866e-09	1.316866e-09	0.7358525	-1.9923485e-17	0.21191539
1.7750485417735889e-09	9.876495e-11	1.7119257e-09	0.7479231	-1.9949557e-17	0.21204315
1.7775172622859085e-09	-3.292165e-10	1.8436124e-09	0.75985503	-1.9976261e-17	0.2132246
1.7800353639998416e-09	-2.6337318e-10	2.0082205e-09	0.77191883	-2.0003929e-17	0.21429203
1.7825040811981452e-09	1.6460824e-10	2.3374371e-09	0.78344524	-2.003069e-17	0.21539803
1.7850221502987377e-09	8.230412e-10	2.4279716e-09	0.7946948	-2.0056786e-17	0.21655923
1.7875402119615105e-09	1.5802392e-09	2.7736489e-09	0.8052321	-2.0080848e-17	0.21764009
1.790008894288474e-09	2.5226212e-09	3.3271441e-09	0.81469285	-2.0101802e-17	0.21863383
1.7925269363405272e-09	2.8806442e-09	3.1069807e-09	0.82331383	-2.0120032e-17	0.22118859
1.7950449631429553e-09	3.0617133e-09	3.2180911e-09	0.8308195	-2.0134944e-17	0.22266495
1.7975135957603665e-09	4.0493626e-09	3.2592433e-09	0.83709997	-2.0146447e-17	0.22338127
1.800031603819539e-09	4.2468926e-09	3.8189114e-09	0.8424858	-2.0155298e-17	0.22502172
1.8025002008683684e-09	3.917676e-09	5.0040905e-09	0.8468931	-2.016148e-17	0.22559215
1.8050181932511445e-09	3.6213814e-09	5.79421e-09	0.85065037	-2.0165598e-17	0.22599362
1.8075361711008041e-09	2.8312617e-09	5.3991505e-09	0.8538126	-2.0167841e-17	0.22716478
1.810004753623083e-09	2.6008102e-09	5.5966805e-09	0.8564633	-2.0168526e-17	0.2275181
1.812522725346351e-09	1.777769e-09	5.695445e-09	0.8588167	-2.0167957e-17	0.22723888
1.8150406866863409e-09	2.0411421e-09	5.5966805e-09	0.8609007	-2.0166359e-17	0.22813956
1.8175092790364958e-09	2.1399071e-09	6.0575833e-09	0.86274636	-2.0163987e-17	0.22887316
1.8200272482656985e-09	1.7119257e-09	5.5966805e-09	0.86447656	-2.016089e-17	0.22926167
1.8225452102517225e-09	1.316866e-09	5.530837e-09	0.866091	-2.0157225e-17	0.2293579
1.825013813166441e-09	1.5143958e-09	5.99174e-09	0.8675898	-2.0153144e-17	0.22924566
1.8275317946746666e-09	9.218062e-10	5.629602e-09	0.8690557	-2.0148518e-17	0.22888342
1.8300003950859969e-09	7.2427625e-10	6.0575833e-09	0.870449	-2.0143557e-17	0.22830528
1.8325183837678836e-09	4.938247e-10	6.0246617e-09	0.87184054	-2.0138051e-17	0.22749668
1.8350363761037178e-09	5.2674637e-10	5.6625233e-09	0.8732157	-2.0132079e-17	0.22647087
1.837504981099276e-09	1.3497876e-09	5.79421e-09	0.87455934	-2.0125736e-17	0.2252476
1.8400229752016734e-09	1.4814742e-09	6.3868e-09	0.87593645	-2.0118717e-17	0.22377026
1.8425409566809647e-09	5.2674637e-10	6.5843295e-09	0.87733126	-2.0111072e-17	0.22282255
1.8450095880075683e-09	-4.609031e-10	6.650173e-09	0.87872666	-2.010288e-17	0.22240488
1.8475275661985784e-09	-6.255113e-10	6.3209566e-09	0.88019013	-2.0093698e-17	0.22170447
1.85004556522185e-09	-7.2427625e-10	6.5843295e-09	0.88170713	-2.0083528e-17	0.22068922
1.852514189074819e-09	-1.5802392e-09	6.9793895e-09	0.8832602	-2.0072433e-17	0.21934636
1.8550321942810238e-09	-2.5678886e-09	7.637823e-09	0.88492775	-2.0059732e-17	0.21844605
1.857500829193416e-09	-2.6995752e-09	7.3744495e-09	0.8866624	-2.0045635e-17	0.21824712
1.8600188315464428e-09	-3.6213814e-09	6.9793895e-09	0.8885558	-2.0029202e-17	0.21757439
1.8625368483991637e-09	-4.115206e-09	6.9793895e-09	0.89060104	-2.0010194e-17	0.2163047
1.865005493813497e-09	-4.839482e-09	7.835352e-09	0.8927846	-1.9988429e-17	0.21544209
1.8675235092096694e-09	-6.485565e-09	8.164569e-09	0.8952318	-1.996216e-17	0.2154379
1.870041559964292e-09	-8.559629e-09	7.901195e-09	0.89794725	-1.9930604e-17	0.21444221
1.8725102212657277e-09	-1.0995831e-08	7.111076e-09	0.9009232	-1.9892958e-17	0.21378608
1.8750282752704965e-09	-1.3004051e-08	6.716016e-09	0.90434045	-1.984549e-17	0.21383046
1.8775463193847234e-09	-1.619745e-08	5.267464e-09	0.90820867	-1.9785704e-17	0.21286263
1.880015004877756e-09	-1.9456694e-08	3.9505976e-09	0.91249126	-1.9710791e-17	0.21328853
1.8825330818467074e-09	-2.4230333e-08	3.950598e-10	0.9173659	-1.9611446e-17	0.21326432
1.8850017945702357e-09	-3.015623e-08	-5.3991505e-09	0.9225219	-1.9482812e-17	0.21225348
1.8875198963631744e-09	-3.6115047e-08	-1.6065764e-08	0.9277329	-1.9307064e-17	0.21258087
1.8900380209740024e-09	-4.0460705e-08	-2.9892856e-08	0.93176657	-1.9069721e-17	0.21188165
1.892506781518447e-09	-4.1382513e-08	-4.872404e-08	0.93214214	-1.8764599e-17	0.21033512
1.8950249375845636e-09	-3.396691e-08	-7.0847385e-08	0.92425895	-1.8405525e-17	0.21096054
1.8975431071074785e-09	-1.1189245e-08	-8.954689e-08	0.90281767	-1.812644e-17	0.22548047
1.9000119182551893e-09	1.9621302e-08	-9.995013e-08	0.87089044	-1.814289e-17	0.25485942
1.902530110322988e-09	5.096271e-08	-1.0785132e-07	0.83662224	-1.8521778e-17	0.22156972
1.9050483583146194e-09	8.638641e-08	-8.5217685e-08	0.80265915	-1.8971523e-17	0.2009989
1.9075175247384766e-09	1.0581018e-07	-3.9440135e-08	0.77060884	-1.9302364e-17	0.19939175
1.910036181164567e-09	1.0278962e-07	8.625472e-09	0.7412834	-1.9524945e-17	0.20438704
1.9125048006038973e-09	8.4378186e-08	4.1744652e-08	0.7173804	-1.9661137e-17	0.20840828
1.9150226995394187e-09	5.8172553e-08	5.8205476e-08	0.6986388	-1.9742176e-17	0.21099213
1.917540724639653e-09	3.130849e-08	6.0575836e-08	0.6853673	-1.9784918e-17	0.21087512
1.9200093523088005e-09	1.0534928e-08	5.3464756e-08	0.6772828	-1.9804788e-17	0.21173084
1.9225273415853447e-09	-3.2098608e-09	4.1876337e-08	0.67347145	-1.981351e-17	0.2110408
1.925045356007189e-09	-9.728347e-09	3.1078038e-08	0.673223	-1.9817686e-17	0.21088111
1.9275140359297514e-09	-1.1670725e-08	2.35719e-08	0.6757855	-1.9821509e-17	0.21131633
1.9300321013285386e-09	-1.1868254e-08	1.738263e-08	0.68085235	-1.9827485e-17	0.21143594
1.9325008304530657e-09	-1.1835333e-08	1.2905287e-08	0.68782324	-1.9836512e-17	0.21075691
1.9350189511952163e-09	-1.1176899e-08	9.218062e-09	0.69652224	-1.9849398e-17	0.21176684
1.9375370616179484e-09	-1.0715997e-08	5.135777e-09	0.706423	-1.9865939e-17	0.21155888
1.940005808325638e-09	-8.427942e-09	2.5678886e-09	0.7170031	-1.98854e-17	0.21136095
1.9425239164817805e-09	-6.3209566e-09	9.218062e-10	0.728453	-1.9908095e-17	0.21228969
1.9450420265921464e-09	-4.213971e-09	1.975299e-10	0.7403522	-1.9933076e-17	0.21273027
1.9475107534281606e-09	-3.358008e-09	1.3168659e-10	0.7522463	-1.9959137e-17	0.21291341
1.9500288495527862e-09	-3.0287917e-09	4.609031e-10	0.764401	-1.9986624e-17	0.21310006
1.9525469496929093e-09	-2.2057505e-09	5.2674637e-10	0.776372	-2.0014249e-17	0.21361801
1.9550156527309405e-09	-5.2674637e-10	8.724237e-10	0.7877333	-2.0040659e-17	0.21530291
1.9575337157691395e-09	2.3045155e-10	1.5802392e-09	0.79873884	-2.0066086e-17	0.21703362
1.9600023974113865e-09	1.4485525e-09	2.7654186e-09	0.8087682	-2.0088771e-17	0.2186995
1.9625204472517153e-09	1.9752988e-09	3.2180911e-09	0.8180522	-2.0109024e-17	0.21996567
1.9650384831169587e-09	2.8312617e-09	3.1028653e-09	0.8262598	-2.012601e-17	0.22097902
1.96750712679156e-09	3.456773e-09	4.4279616e-09	0.83321595	-2.0139457e-17	0.22332475
1.9700251376136736e-09	4.510266e-09	4.7736393e-09	0.83923334	-2.0150085e-17	0.22354183
1.9725431299112782e-09	4.4444226e-09	6.1563483e-09	0.8442651	-2.0157933e-17	0.22546767
1.9750117394713845e-09	4.3785793e-09	7.341528e-09	0.84838074	-2.0163265e-17	0.22537325
1.9775297208099925e-09	4.016441e-09	7.7695095e-09	0.8518978	-2.0166642e-17	0.22655633
1.9800476886136923e-09	3.3909298e-09	7.637823e-09	0.8548724	-2.0168266e-17	0.22738937
1.9825162750734585e-09	2.3045155e-09	7.604901e-09	0.8573821	-2.0168443e-17	0.2274766
1.9850342447999992e-09	1.8436124e-09	7.341528e-09	0.8596254	-2.0167466e-17	0.22753632
1.9875028453945877e-09	1.2510226e-09	7.670744e-09	0.86158943	-2.0165581e-17	0.2284356
1.9900208221818113e-09	6.9135464e-10	7.341528e-09	0.8634107	-2.0162898e-17	0.22906068
1.9925387840002597e-09	1.3168659e-10	7.2756845e-09	0.8650935	-2.015958e-17	0.22932118
1.9950073797333604e-09	-3.292165e-10	7.0781545e-09	0.8666425	-2.0155796e-17	0.22934662
1.997525336087444e-09	-4.609031e-10	6.716016e-09	0.8681456	-2.0151463e-17	0.22913784
2e-09	-9.876494e-10	6.847703e-09	0.8695681	-2.0146756e-17	0.22869709
