# t (s)	mx ()	my ()	mz ()	E_total (J)	MaxAngle (rad)
0	7.2427625e-10	4.609031e-10	0.97953594	-2.0725771e-17	0.26627246
2.5191125975166786e-12	9.670734e-10	7.901196e-10	0.9734017	-2.0700792e-17	0.24629816
5.046258829502786e-12	1.7448474e-09	1.6460824e-09	0.9680344	-2.0651922e-17	0.23648223
7.520143062796544e-12	1.2839443e-09	3.094635e-09	0.9641424	-2.0585048e-17	0.23236088
1.0042725004871158e-11	-7.571979e-10	4.4444226e-09	0.96217656	-2.050263e-17	0.22994888
1.2514557282625861e-11	-2.5473126e-09	4.938247e-09	0.96246743	-2.0412857e-17	0.22985497
1.5035049721689974e-11	-5.8600533e-09	3.6872247e-09	0.96491367	-2.0313822e-17	0.22975631
1.750556745476238e-11	-7.1769195e-09	2.4691235e-10	0.96902823	-2.0206623e-17	0.22967936
2.0025127929001805e-11	-7.5719795e-09	-3.0287917e-09	0.9741295	-2.0078724e-17	0.23145838
2.2544431779406757e-11	-5.79421e-09	-7.901195e-09	0.9781804	-1.9917856e-17	0.23417512
2.5014172776208005e-11	-1.5308567e-09	-1.2641913e-08	0.976467	-1.9733022e-17	0.2190325
2.7533181468510933e-11	5.6872147e-09	-1.3432032e-08	0.9609381	-1.9641395e-17	0.20680043
3.00026632910419e-11	1.14896554e-08	-1.0798301e-08	0.9304898	-1.97479e-17	0.21954815
3.252144449538661e-11	1.4617212e-08	-7.497905e-09	0.89394444	-1.9917794e-17	0.23220965
3.504021384817123e-11	1.5670704e-08	1.9752988e-09	0.8642702	-2.0043359e-17	0.23110345
3.7509607049459585e-11	1.4057544e-08	9.613121e-09	0.8433678	-2.0125061e-17	0.21266305
4.0027907950137905e-11	1.218101e-08	1.3755076e-08	0.8282148	-2.0171739e-17	0.20840625
4.254597801405876e-11	1.0024642e-08	1.4880585e-08	0.8181735	-2.0189712e-17	0.2105049
4.501478890676623e-11	6.89297e-09	1.45349075e-08	0.81248236	-2.0191353e-17	0.213022
4.753303612801016e-11	3.732492e-09	1.3810632e-08	0.8100439	-2.0186395e-17	0.2151
5.000190077825543e-11	1.4156308e-09	1.2592531e-08	0.8101826	-2.0180672e-17	0.21588774
5.252006744560235e-11	-4.115206e-10	1.1312702e-08	0.8122995	-2.0176532e-17	0.21610105
5.5038215957379e-11	-1.5143958e-09	9.979375e-09	0.81578934	-2.0174747e-17	0.21584155
5.7507000980477114e-11	-1.8436124e-09	8.032882e-09	0.82004327	-2.0175043e-17	0.2176746
6.002516322127105e-11	-8.065804e-10	5.9258967e-09	0.82491374	-2.0176876e-17	0.21821985
6.254334095856331e-11	3.6213813e-10	4.7407176e-09	0.8300716	-2.017965e-17	0.2193973
6.501212746557764e-11	1.0205711e-09	4.8230215e-09	0.8351604	-2.0182757e-17	0.22058083
6.753027897114648e-11	1.7530778e-09	5.3991505e-09	0.84016925	-2.0185866e-17	0.2209744
7.00484374624474e-11	1.7119257e-09	5.9258967e-09	0.84486777	-2.018854e-17	0.22257021
7.25171985960459e-11	1.5802392e-09	6.9793895e-09	0.8491303	-2.0190514e-17	0.22230677
7.503533851135384e-11	1.7613082e-09	6.9793895e-09	0.85313034	-2.0191674e-17	0.22372405
7.750410731234906e-11	1.3827093e-09	6.716016e-09	0.8567328	-2.0191861e-17	0.22432666
8.002224124928182e-11	1.1357969e-09	6.2551133e-09	0.8601128	-2.0191022e-17	0.223828
8.254036109113903e-11	1.4485525e-09	6.3868e-09	0.86323583	-2.0189135e-17	0.22509356
8.500910434369559e-11	1.6131608e-09	6.5843295e-09	0.86609465	-2.0186279e-17	0.22551166
8.752723920196907e-11	1.679004e-09	7.4402924e-09	0.86885315	-2.0182347e-17	0.22518462
9.004536212536028e-11	9.876494e-10	8.888845e-09	0.87149894	-2.0177369e-17	0.2240615
9.25141140366604e-11	-3.950598e-10	9.020532e-09	0.8740229	-2.0171456e-17	0.22223836
9.50322247387895e-11	-1.9423774e-09	7.835352e-09	0.8765613	-2.0164316e-17	0.22045057
9.750095996974772e-11	-2.0411421e-09	7.1769195e-09	0.8790471	-2.0156127e-17	0.21991813
1.0001909213628718e-10	-2.0411421e-09	8.362099e-09	0.8816139	-2.0146407e-17	0.21857995
1.0253721344715859e-10	-2.9629483e-09	8.098725e-09	0.88424754	-2.01351e-17	0.21685779
1.0500596958860826e-10	-4.2798143e-09	7.5719795e-09	0.8869311	-2.0122189e-17	0.21680792
1.075240924966061e-10	-5.1028555e-09	7.506136e-09	0.8898133	-2.0106779e-17	0.21572463
1.1004222197474242e-10	-5.234542e-09	7.835352e-09	0.89288926	-2.0088574e-17	0.2146256
1.1251098856992647e-10	-6.1563483e-09	7.7695095e-09	0.8961466	-2.0067337e-17	0.21466589
1.1502911700543784e-10	-8.921766e-09	8.065804e-09	0.8997798	-2.004128e-17	0.21297602
1.1754726174585797e-10	-1.2444383e-08	7.3744495e-09	0.90380394	-2.0009509e-17	0.21385603
1.2001601805819012e-10	-1.4880585e-08	5.6625233e-09	0.9082149	-1.9971131e-17	0.21273647
1.2253418699657677e-10	-1.7514317e-08	3.49381e-09	0.91328424	-1.992229e-17	0.21355896
1.2500296733847584e-10	-2.0279735e-08	-1.3168659e-10	0.91889846	-1.9861804e-17	0.21404131
1.2752111524984879e-10	-2.2979311e-08	-5.0040905e-09	0.92532754	-1.978289e-17	0.21427718
1.3003929491933163e-10	-2.5744729e-08	-1.198348e-08	0.93238634	-1.9680322e-17	0.21457802
1.3250810176244964e-10	-2.7324969e-08	-2.2584251e-08	0.93955386	-1.9547773e-17	0.21443632
1.3502629401606058e-10	-2.4625393e-08	-3.63455e-08	0.9460984	-1.936604e-17	0.21290495
1.3754449593789578e-10	-1.6460824e-08	-5.2279578e-08	0.9494497	-1.9122177e-17	0.20899716
1.4001333231634408e-10	-3.1069805e-10	-6.729185e-08	0.9448271	-1.8842288e-17	0.20655936
1.425315645918867e-10	2.6715918e-08	-7.203257e-08	0.92526656	-1.865097e-17	0.21394812
1.4500040766477174e-10	5.7053217e-08	-5.7942103e-08	0.89117306	-1.8727286e-17	0.24065836
1.4751862316750067e-10	7.611485e-08	-3.7868126e-08	0.85432976	-1.9055947e-17	0.23487817
1.5003685834418907e-10	8.322593e-08	-1.1127518e-08	0.82236165	-1.9410031e-17	0.20711632
1.5250594647046202e-10	7.486383e-08	2.1464915e-08	0.79502743	-1.9654255e-17	0.20114216
1.5502450285006423e-10	5.4337182e-08	4.7193183e-08	0.7717124	-1.9805247e-17	0.20391782
1.5754243723299482e-10	2.8905207e-08	5.8040868e-08	0.75355566	-1.9890107e-17	0.20878331
1.6001108577504642e-10	6.8312422e-09	5.593388e-08	0.74082536	-1.9933342e-17	0.21155037
1.6252923419347805e-10	-8.098725e-09	4.5036817e-08	0.7325192	-1.9953722e-17	0.21152908
1.6504738856313464e-10	-1.5654244e-08	3.2197374e-08	0.72838575	-1.9961852e-17	0.21219745
1.675161299241617e-10	-1.9028713e-08	1.9884675e-08	0.72782373	-1.9965147e-17	0.21200407
1.700342466762978e-10	-1.7283865e-08	1.177772e-08	0.73001957	-1.9968011e-17	0.21170473
1.7250301587612886e-10	-1.4666594e-08	6.9793895e-09	0.73430836	-1.997256e-17	0.2110166
1.7502117626149856e-10	-1.2115167e-08	4.5267265e-09	0.7405076	-1.9980076e-17	0.21235248
1.7753937908915086e-10	-1.0008181e-08	2.633732e-09	0.74820024	-1.9990844e-17	0.21154924
1.8000820211048738e-10	-8.691315e-09	1.5143958e-09	0.75680256	-2.0004448e-17	0.2130062
1.8252639539325447e-10	-7.473214e-09	-1.3168659e-10	0.76629364	-2.0020995e-17	0.21315587
1.8504457611499012e-10	-5.1028555e-09	-1.1193361e-09	0.776218	-2.003961e-17	0.21301323
1.8751339205541076e-10	-3.3250864e-09	-1.2510226e-09	0.78613466	-2.0059123e-17	0.21464323
1.900315808163085e-10	-1.679004e-09	-1.3827093e-09	0.7962097	-2.0079483e-17	0.21584155
1.925003746078705e-10	-6.9135464e-10	-2.078179e-10	0.80581856	-2.0099048e-17	0.2166294
1.950185665038293e-10	1.0864144e-09	1.975299e-10	0.8151213	-2.011779e-17	0.21707626
1.9753673167394474e-10	2.0082205e-09	1.716041e-09	0.82373196	-2.0134638e-17	0.21944384
2.000055069914134e-10	2.9300267e-09	3.9505976e-09	0.8313768	-2.0148857e-17	0.22078803
2.025236507025889e-10	2.7983402e-09	4.872404e-09	0.8383047	-2.0160794e-17	0.22099507
2.050417981427516e-10	2.9629483e-09	6.847703e-09	0.8443663	-2.0170128e-17	0.22298674
2.0751055922052975e-10	1.5802392e-09	6.8806245e-09	0.84953547	-2.0176872e-17	0.2226126
2.1002868464219823e-10	-2.3045155e-10	5.530837e-09	0.85412294	-2.0181472e-17	0.22422643
2.1254679636614286e-10	1.8106906e-10	5.432072e-09	0.8581393	-2.0183975e-17	0.22439443
2.1501552072722522e-10	1.3827093e-09	5.9258967e-09	0.8616369	-2.0184598e-17	0.22455831
2.1753362075711396e-10	8.230412e-10	8.197491e-09	0.8648607	-2.0183564e-17	0.22544047
2.2000234214949722e-10	-6.9135464e-10	9.020532e-09	0.86777055	-2.0181083e-17	0.22544287
2.2252044431483215e-10	-1.958838e-09	8.329177e-09	0.8705561	-2.0177183e-17	0.22458133
2.2503853851192357e-10	-2.6666536e-09	6.716016e-09	0.8732182	-2.017199e-17	0.22291988
2.275072648346025e-10	-2.9629483e-09	6.3868e-09	0.87575763	-2.016566e-17	0.22056992
2.3002537264128394e-10	-2.9629483e-09	6.847703e-09	0.87831986	-2.015791e-17	0.2201437
2.3254348465000545e-10	-3.1604783e-09	6.913546e-09	0.88089395	-2.0148743e-17	0.21902892
2.3501221728609823e-10	-3.3909298e-09	7.242763e-09	0.88346666	-2.0138222e-17	0.21709563
2.375303093322979e-10	-5.135777e-09	6.4526433e-09	0.8861797	-2.0125686e-17	0.2169082
2.4004842032254456e-10	-5.8271317e-09	5.464994e-09	0.88902426	-2.0110974e-17	0.2161219
2.425171661856503e-10	-7.2756845e-09	5.267464e-09	0.8919859	-2.0093977e-17	0.21436462
2.4503527814499813e-10	-8.362099e-09	4.213971e-09	0.8952361	-2.0073377e-17	0.21479988
2.475040101277509e-10	-8.7571586e-09	2.8312617e-09	0.89870787	-2.0049152e-17	0.21366833
2.5002214019614003e-10	-9.942338e-09	2.1728288e-09	0.90261346	-2.0019172e-17	0.21382204
2.525402611352816e-10	-1.1259204e-08	7.2427625e-10	0.90697247	-1.998228e-17	0.21292046
2.5500901503111847e-10	-1.3530798e-08	-9.876494e-10	0.91177833	-1.9937308e-17	0.21374646
2.57527147924107e-10	-1.6460824e-08	-3.6625334e-09	0.91731584	-1.987955e-17	0.21360818
2.600452955214707e-10	-1.797522e-08	-9.1522185e-09	0.92355776	-1.980575e-17	0.21339269
2.625140696324927e-10	-1.7876456e-08	-1.6460824e-08	0.9303294	-1.9712333e-17	0.21349934
2.650322324891646e-10	-1.5703627e-08	-2.475708e-08	0.93763435	-1.9587324e-17	0.21388523
2.67501022572693e-10	-1.0403241e-08	-3.4238514e-08	0.9444196	-1.9423451e-17	0.21319841
2.700192123243843e-10	-6.255113e-10	-4.451007e-08	0.94905293	-1.9198061e-17	0.20986927
2.7253740326536906e-10	1.476536e-08	-5.2411263e-08	0.9472276	-1.8916855e-17	0.20640877
2.750062349972899e-10	3.5045094e-08	-5.247711e-08	0.93263394	-1.8683358e-17	0.2105089
2.7752444406585174e-10	5.6822767e-08	-3.555538e-08	0.9012427	-1.8676843e-17	0.23212962
2.8004264709842496e-10	6.795028e-08	-1.3168659e-08	0.86359066	-1.8956397e-17	0.24628618
2.825114683881372e-10	7.005727e-08	7.901195e-09	0.83101964	-1.931823e-17	0.21273252
2.850298461353661e-10	5.708614e-08	3.252659e-08	0.8019988	-1.9599034e-17	0.20079759
2.875484425883551e-10	3.499571e-08	4.9448317e-08	0.77739376	-1.9772972e-17	0.20261718
2.9001714024045404e-10	1.1621342e-08	5.4452407e-08	0.75817734	-1.9871069e-17	0.20729479
2.925350866569201e-10	-7.1193065e-09	4.7884537e-08	0.743785	-1.9924521e-17	0.21079025
2.9500383096194727e-10	-1.7497856e-08	3.6082128e-08	0.7344351	-1.9949591e-17	0.21131349
2.975219607241643e-10	-2.2008122e-08	2.2913467e-08	0.72916204	-1.9960278e-17	0.21218613
3.000400623920663e-10	-2.0526647e-08	1.1851793e-08	0.727677	-1.9964434e-17	0.21206355
3.025088025858075e-10	-1.7695386e-08	5.135777e-09	0.72915024	-1.9967081e-17	0.21182129
3.050269089284372e-10	-1.4008162e-08	5.7612887e-11	0.73296154	-1.997108e-17	0.21112072
3.0754507546223434e-10	-1.0666614e-08	-1.8436124e-09	0.73870385	-1.9977772e-17	0.21214509
3.1001387309568826e-10	-7.4402924e-09	-2.633732e-09	0.74588287	-1.9987451e-17	0.21207856
3.1253205019260775e-10	-4.954708e-09	-3.6213814e-09	0.75439614	-2.0000491e-17	0.21286687
3.1500085284849214e-10	-3.0287917e-09	-4.2468926e-09	0.76353794	-2.0016047e-17	0.2123013
3.175190281464357e-10	-1.0534927e-09	-3.8189114e-09	0.7733651	-2.0034144e-17	0.21358652
3.20037192000957e-10	7.901196e-10	-2.633732e-09	0.78344977	-2.0053775e-17	0.21462952
3.2250598833854584e-10	1.4814742e-09	-1.316866e-09	0.7933613	-2.0073697e-17	0.21524042
3.250241469745091e-10	1.876534e-09	-7.8806195e-10	0.80326134	-2.0093848e-17	0.21554245
3.275423041299043e-10	2.633732e-09	5.2674637e-10	0.81271756	-2.0112986e-17	0.21751086
3.300110751881139e-10	2.1728288e-09	2.1399071e-09	0.8213614	-2.0130069e-17	0.21926525
3.3252921166806077e-10	2.4691236e-09	2.633732e-09	0.8293933	-2.0145253e-17	0.2200315
3.350473401627289e-10	3.0617133e-09	3.9505976e-09	0.8365553	-2.0157889e-17	0.22131379
3.3751609270780013e-10	2.8641833e-09	4.6254915e-09	0.8427267	-2.0167732e-17	0.22260612
3.4003420727408244e-10	1.7119257e-09	5.3991505e-09	0.8482089	-2.0175274e-17	0.2229428
3.425029235156587e-10	-3.292165e-10	6.3538783e-09	0.8528812	-2.0180385e-17	0.22386907
3.450210175797302e-10	-1.6460824e-09	5.0040905e-09	0.8570474	-2.0183463e-17	0.2245053
3.4753910824506926e-10	-7.7365875e-10	4.411501e-09	0.8607286	-2.0184597e-17	0.22415912
3.50007814211132e-10	-2.1399071e-10	4.2798143e-09	0.86397314	-2.018402e-17	0.22530365
3.525259051278974e-10	-7.2427625e-10	4.3456576e-09	0.86700433	-2.0181888e-17	0.22552738
3.5504398290976264e-10	-1.0205711e-09	4.4444226e-09	0.86983246	-2.0178348e-17	0.22489078
3.57512702645216e-10	-1.777769e-09	4.312736e-09	0.8724702	-2.0173597e-17	0.22347139
3.6003078070038314e-10	-1.9094557e-09	3.9505976e-09	0.87507576	-2.0167492e-17	0.22127469
3.6254886920373954e-10	-2.3703588e-09	4.4773443e-09	0.8776414	-2.0160094e-17	0.22030278
3.6501758204994073e-10	-3.094635e-09	4.2798143e-09	0.8801578	-2.0151501e-17	0.21943016
3.6753566218442663e-10	-3.7859897e-09	3.1604783e-09	0.88276434	-2.0141226e-17	0.21770468
3.7000437656313836e-10	-4.7407176e-09	2.1728288e-09	0.88539606	-2.012946e-17	0.21694253
3.72522469407901e-10	-4.2798143e-09	1.4485525e-09	0.8881986	-2.0115408e-17	0.2164577
3.750405613919525e-10	-4.609031e-09	1.9094557e-09	0.8911656	-2.0098854e-17	0.2148323
3.7750928750636324e-10	-4.707796e-09	1.8436124e-09	0.894284	-2.0079626e-17	0.21481806
3.800273902983579e-10	-4.938247e-09	8.5596286e-10	0.8977378	-2.0056152e-17	0.21415465
3.825454900953255e-10	-6.0575833e-09	1.316866e-09	0.90153795	-2.0027718e-17	0.21361156
3.8501423029509836e-10	-6.814781e-09	7.901196e-10	0.90568006	-1.9993596e-17	0.21348807
3.8753234624819637e-10	-7.637823e-09	-1.316866e-09	0.9104219	-1.9950471e-17	0.21359749
3.900010851139443e-10	-8.493785e-09	-3.555538e-09	0.91566956	-1.9897423e-17	0.21270402
3.925192156833119e-10	-9.250983e-09	-5.6625233e-09	0.92170846	-1.9828682e-17	0.2136838
3.9503736139605876e-10	-9.942338e-09	-8.7571586e-09	0.9284436	-1.9740037e-17	0.21427886
3.975061256639375e-10	-9.218062e-09	-1.3728328e-08	0.9355459	-1.9626599e-17	0.21427268
4.000242820409936e-10	-6.4526433e-09	-1.8534887e-08	0.9426986	-1.9472677e-17	0.21298674
4.025424552566814e-10	-1.7448474e-09	-2.3901118e-08	0.9482299	-1.9264249e-17	0.21055311
4.0501126039371234e-10	6.3538783e-09	-2.976117e-08	0.94877005	-1.8999576e-17	0.20690578
4.0752945655488597e-10	1.7942298e-08	-3.160478e-08	0.9381946	-1.8731604e-17	0.20780908
4.1004765646631034e-10	3.1407254e-08	-2.3835273e-08	0.910877	-1.86483e-17	0.22354881
4.1251647043749994e-10	3.9374292e-08	-9.5472785e-09	0.8739977	-1.8855976e-17	0.2474224
4.1503466006921417e-10	4.213971e-08	2.633732e-09	0.8393873	-1.922503e-17	0.21950106
4.175035899634144e-10	3.674056e-08	1.6263295e-08	0.8098431	-1.9531071e-17	0.20261748
4.200221469463151e-10	2.4559549e-08	2.7720029e-08	0.7839053	-1.9732496e-17	0.2018138
4.225404085178224e-10	1.1427927e-08	3.2296136e-08	0.7628747	-1.9849944e-17	0.20569502
4.250089387227357e-10	-4.3621184e-10	2.9497798e-08	0.74735564	-1.9912868e-17	0.20917289
4.275269791994815e-10	-7.464984e-09	2.317684e-08	0.7365353	-1.9944676e-17	0.21167807
4.3004511570239735e-10	-1.0995831e-08	1.4946428e-08	0.7301655	-1.9958361e-17	0.21208109
4.325138406831444e-10	-1.0929988e-08	8.510246e-09	0.72775614	-1.9963567e-17	0.21212924
4.3503190499647363e-10	-8.658394e-09	4.0822843e-09	0.7285089	-1.9966323e-17	0.21189952
4.375006297878114e-10	-5.7612883e-09	1.5802392e-09	0.7316656	-1.996971e-17	0.21141975
4.4001874582355036e-10	-4.1645887e-09	8.806541e-10	0.7368906	-1.9975548e-17	0.21178527
4.4253689883764285e-10	-2.897105e-09	3.950598e-10	0.74381065	-1.9984521e-17	0.21234146
4.450056971733994e-10	-2.534967e-09	-3.292165e-10	0.7518729	-1.9996468e-17	0.21242572
4.4752384786797755e-10	-8.230412e-10	-1.0864144e-09	0.76100606	-2.0011597e-17	0.2125741
4.500419985611788e-10	1.1193361e-09	-8.5596286e-10	0.77072436	-2.0029166e-17	0.21372989
4.5251077317582176e-10	1.8106907e-09	-6.58433e-10	0.7805651	-2.0048072e-17	0.21416894
4.5502892885215607e-10	2.633732e-09	3.7036854e-10	0.7906907	-2.0068288e-17	0.21425615
4.5754707648577193e-10	2.5678886e-09	9.876494e-10	0.8006699	-2.0088571e-17	0.21580675
4.6001584123195933e-10	2.99587e-09	1.6810617e-09	0.81008226	-2.0107687e-17	0.21753988
4.6253396365089436e-10	2.633732e-09	1.7695386e-09	0.81909347	-2.0125643e-17	0.2187201
4.6500272032395264e-10	2.6008102e-09	3.497925e-09	0.8271922	-2.0141183e-17	0.21896225
4.675208406067723e-10	1.777769e-09	3.4238514e-09	0.8346057	-2.0154555e-17	0.22137055
4.700389326303901e-10	4.2798143e-10	3.4073906e-09	0.8411381	-2.0165312e-17	0.22201651
4.725076554120302e-10	3.2921648e-11	2.9300267e-09	0.8467258	-2.017337e-17	0.22311985
4.750257360005505e-10	1.0864144e-09	3.4238514e-09	0.8516794	-2.0179213e-17	0.2234383
4.775438249336973e-10	2.0082205e-09	4.5431876e-09	0.8559944	-2.0182845e-17	0.22450101
4.800125359255628e-10	1.0699536e-09	5.530837e-09	0.8597226	-2.0184463e-17	0.22402045
4.825306000856776e-10	-5.7612887e-10	5.1028555e-09	0.86312544	-2.018433e-17	0.22509837
4.850486492775718e-10	-1.679004e-09	3.9505976e-09	0.866223	-2.0182595e-17	0.22554657
4.875173423342573e-10	-1.7448474e-09	3.2263217e-09	0.8690434	-2.0179493e-17	0.22515818
4.900354130789403e-10	-5.925897e-10	2.2386721e-09	0.87176657	-2.0175005e-17	0.2239284
4.925040976821465e-10	5.5966803e-10	2.5678886e-09	0.87433934	-2.0169363e-17	0.22197591
4.95022172184676e-10	1.2839443e-09	4.1481276e-09	0.876912	-2.0162337e-17	0.22041322
4.975402361388737e-10	9.218062e-10	5.0040905e-09	0.8794746	-2.0153964e-17	0.2197443
5.000089306572612e-10	-6.58433e-10	5.8600533e-09	0.8820154	-2.0144321e-17	0.21828647
5.025269943749285e-10	-2.8312617e-09	5.8600533e-09	0.8846742	-2.0132825e-17	0.21690516
5.050450765991845e-10	-3.917676e-09	4.6748743e-09	0.8874409	-2.0119359e-17	0.21668845
5.075137832544893e-10	-3.3909298e-09	3.094635e-09	0.8903006	-2.0103857e-17	0.2154248
5.100318614600138e-10	-2.7654186e-09	3.8847547e-09	0.89341646	-2.0085165e-17	0.21472883
5.125005702709886e-10	-2.4691236e-09	3.753068e-09	0.89672154	-2.0063292e-17	0.2145209
5.150186593219867e-10	-3.456773e-09	5.3991505e-09	0.900415	-2.0036402e-17	0.21321587
5.175367578012679e-10	-5.234542e-09	5.5966805e-09	0.90451324	-2.000354e-17	0.2137816
5.20005478975609e-10	-8.032882e-09	5.5596434e-09	0.9090118	-1.9963756e-17	0.21313415
5.225235824422745e-10	-1.0074024e-08	4.411501e-09	0.9141857	-1.9913013e-17	0.21326713
5.250416904510232e-10	-1.2839443e-08	2.897105e-09	0.92003596	-1.984862e-17	0.21407358
5.275104369740933e-10	-1.5506096e-08	-4.609031e-10	0.92645866	-1.9767709e-17	0.21451278
5.300285633674416e-10	-1.8106906e-08	-4.872404e-09	0.93359697	-1.9660429e-17	0.21474701
5.325467105723324e-10	-1.9851754e-08	-1.1325047e-08	0.94087124	-1.9518122e-17	0.21422082
5.350155060206031e-10	-1.9390852e-08	-1.9621302e-08	0.94697005	-1.9330167e-17	0.21225291
5.375336684745648e-10	-1.6394981e-08	-3.055129e-08	0.94939345	-1.9075873e-17	0.20829359
5.400024777843647e-10	-7.748933e-09	-4.134959e-08	0.9427826	-1.8798402e-17	0.2059467
5.425206661680364e-10	9.415592e-09	-4.655121e-08	0.92033035	-1.8642674e-17	0.2178975
5.450388556614228e-10	3.055129e-08	-3.9703508e-08	0.8840528	-1.8774437e-17	0.2445515
5.475076528788403e-10	4.3390735e-08	-2.9497798e-08	0.8487233	-1.9118923e-17	0.22899976
5.500258871099489e-10	4.8987413e-08	-1.27736e-08	0.817462	-1.9459172e-17	0.20522259
5.525444116955372e-10	4.6024464e-08	7.713954e-09	0.7903372	-1.9688675e-17	0.20086242
5.550134700579114e-10	3.557184e-08	2.3440213e-08	0.7683395	-1.982307e-17	0.20504029
5.575313228404085e-10	2.1740634e-08	3.1769392e-08	0.7510578	-1.9899653e-17	0.2091083
5.600493218667147e-10	9.18514e-09	3.1275565e-08	0.7389491	-1.9938507e-17	0.21174955
5.62518055144164e-10	8.724237e-10	2.6732378e-08	0.7315568	-1.995566e-17	0.211802
5.650361373929706e-10	-4.3456576e-09	2.0148049e-08	0.728067	-1.9962585e-17	0.21218047
5.67504809029258e-10	-6.4197216e-09	1.4222152e-08	0.7280124	-1.996557e-17	0.2119681
5.700228815390116e-10	-6.8806245e-09	1.0271554e-08	0.7306045	-1.9968613e-17	0.2116145
5.725409822366282e-10	-6.4526433e-09	6.9793895e-09	0.7353243	-1.9973709e-17	0.2113544
5.750097213790406e-10	-5.563759e-09	4.6748743e-09	0.74168605	-1.998163e-17	0.21240537
5.775278798122397e-10	-4.839482e-09	2.1399071e-09	0.7495871	-1.9992932e-17	0.21177705
5.800460287139468e-10	-3.9012154e-09	1.3827093e-09	0.75851196	-2.0007319e-17	0.2129357
5.825147981311861e-10	-2.534967e-09	9.876494e-10	0.76791036	-2.0023948e-17	0.2134802
5.850329338124912e-10	-1.0534927e-09	8.230412e-10	0.77788234	-2.004283e-17	0.21334259
5.875016876452874e-10	-1.6460824e-11	1.2098705e-09	0.7878082	-2.006248e-17	0.2144453
5.900198161861688e-10	9.547279e-10	2.1728288e-09	0.7978535	-2.0082832e-17	0.2159698
5.92537945669266e-10	3.292165e-10	2.2119233e-09	0.80758166	-2.0102626e-17	0.21714653
5.950066898120646e-10	-1.3168659e-10	2.633732e-09	0.8165954	-2.0120718e-17	0.21771269
5.97524785283113e-10	8.5596286e-10	2.2139808e-09	0.8250772	-2.01372e-17	0.21936335
6.000428892052975e-10	9.547279e-10	3.2016303e-09	0.83272314	-2.015126e-17	0.22113098
6.025116058996442e-10	8.5596286e-10	3.3909298e-09	0.8393638	-2.0162511e-17	0.22114457
6.050296817913086e-10	2.6666536e-09	3.4238514e-09	0.8452879	-2.0171426e-17	0.22309911
6.07547767880756e-10	2.4032802e-09	4.4773443e-09	0.85043114	-2.0177888e-17	0.22285166
6.10016450119098e-10	5.925897e-10	5.79421e-09	0.85482174	-2.0182024e-17	0.22436926
6.125345044293274e-10	2.3045155e-10	5.135777e-09	0.8587553	-2.0184201e-17	0.2242795
6.15003182615903e-10	2.9629485e-10	4.4773443e-09	0.86219007	-2.0184539e-17	0.22478598
6.175212344651751e-10	1.1193361e-09	5.333307e-09	0.86536556	-2.0183242e-17	0.2254922
6.200392704061371e-10	8.230412e-10	5.9258967e-09	0.8682966	-2.0180462e-17	0.22534794
6.225079471396691e-10	4.2798143e-10	6.1234267e-09	0.8710023	-2.0176416e-17	0.22435935
6.250260008572839e-10	-7.2427625e-10	6.3868e-09	0.8736491	-2.0171014e-17	0.22257534
6.275440422556127e-10	-2.2386721e-09	6.1234267e-09	0.8762313	-2.016433e-17	0.22045821
6.300127129259359e-10	-2.3045155e-09	4.8065605e-09	0.8787423	-2.0156494e-17	0.22001728
6.325307687373354e-10	-1.316866e-09	4.1481276e-09	0.8813221	-2.0147084e-17	0.21876405
6.350488092673101e-10	-1.4485525e-09	4.2798143e-09	0.8839591	-2.0136058e-17	0.21680404
6.375174730799126e-10	-1.4485525e-09	5.069934e-09	0.88663816	-2.0123423e-17	0.21685253
6.400355379452275e-10	-2.1728288e-09	5.5966805e-09	0.8895087	-2.0108309e-17	0.21588217
6.425042449838537e-10	-2.8312617e-09	5.530837e-09	0.8925039	-2.0090829e-17	0.21452874
6.450223072069579e-10	-4.1481276e-09	5.135777e-09	0.8957979	-2.0069614e-17	0.21472996
6.475403759724853e-10	-4.213971e-09	4.016441e-09	0.8993978	-2.0044067e-17	0.21324149
6.50009081862342e-10	-4.872404e-09	3.094635e-09	0.9032977	-2.0013622e-17	0.21386866
6.525271615115727e-10	-6.5843295e-09	2.1069855e-09	0.90774024	-1.9975401e-17	0.21246248
6.550452503920178e-10	-7.242763e-09	1.975299e-10	0.91274804	-1.992767e-17	0.21366946
6.575139580367337e-10	-8.395021e-09	-1.7119257e-09	0.9182943	-1.9868632e-17	0.21392791
6.600320638405809e-10	-8.493785e-09	-4.3456576e-09	0.92465305	-1.9791699e-17	0.21401043
6.625008008402005e-10	-9.415592e-09	-8.032882e-09	0.93151677	-1.9694088e-17	0.21423765
6.650189424798941e-10	-1.017279e-08	-1.3695406e-08	0.93883216	-1.9563075e-17	0.21434751
6.675370930806519e-10	-9.514356e-09	-2.1596602e-08	0.9455309	-1.9386799e-17	0.21313895
6.700058694064262e-10	-4.6419526e-09	-3.1078038e-08	0.94935197	-1.9154689e-17	0.20942506
6.725240435175392e-10	6.5184866e-09	-4.134959e-08	0.94585323	-1.8869967e-17	0.20663403
6.750422286394539e-10	2.4246795e-08	-4.2073868e-08	0.9280222	-1.8659843e-17	0.2134121
6.775110417778581e-10	3.9242604e-08	-2.8180931e-08	0.8950089	-1.8705732e-17	0.2362343
6.80029215135701e-10	4.7637627e-08	-1.4588405e-08	0.85778546	-1.9017943e-17	0.2399822
6.825474139217138e-10	4.8987413e-08	1.5802392e-09	0.82537323	-1.9378749e-17	0.20835641
6.850164630911073e-10	4.0098566e-08	1.9275625e-08	0.79762626	-1.9634225e-17	0.20092784
6.875350112817979e-10	2.814801e-08	3.0057464e-08	0.77381825	-1.9793602e-17	0.20295575
6.900035580396548e-10	1.601021e-08	3.5423692e-08	0.7554494	-1.988251e-17	0.20831116
6.925214722575963e-10	4.0493626e-09	3.5226165e-08	0.7419049	-1.9930209e-17	0.21133368
6.95039545164215e-10	-5.168699e-09	2.976117e-08	0.7331545	-1.9952384e-17	0.21131065
6.975082339662641e-10	-1.0320937e-08	2.0456689e-08	0.7286753	-1.9961238e-17	0.21220227
7.000262806908688e-10	-1.2148089e-08	1.2510227e-08	0.72774327	-1.9964881e-17	0.21202785
7.025443149016433e-10	-1.0551388e-08	6.9793895e-09	0.7296911	-1.9967662e-17	0.21175182
7.050130108370304e-10	-8.823002e-09	3.9505976e-09	0.73378134	-1.9971971e-17	0.2108962
7.075311010099947e-10	-6.2551133e-09	1.2510226e-09	0.73980993	-1.9979171e-17	0.21228912
7.100492373267468e-10	-4.510266e-09	1.3168659e-10	0.7473704	-1.9989612e-17	0.21176827
7.125179772967693e-10	-2.7818794e-09	3.292165e-10	0.75588244	-2.000292e-17	0.21298392
7.150361000835842e-10	-1.4814742e-09	6.5843296e-11	0.7653149	-2.0019227e-17	0.21289338
7.175048438517871e-10	9.876495e-11	-1.2839443e-09	0.7750101	-2.0037287e-17	0.21330965
7.200229562528581e-10	1.3827093e-09	-1.5308567e-09	0.7851146	-2.0057085e-17	0.21468519
7.225410922689526e-10	2.0411421e-09	-3.950598e-10	0.7952041	-2.0077437e-17	0.2156837
7.250098163987454e-10	1.9094557e-09	1.617276e-09	0.8048505	-2.0097083e-17	0.21626472
7.27527927697135e-10	9.547279e-10	3.0411373e-09	0.814213	-2.0115982e-17	0.21728759
7.300460156281823e-10	7.2427625e-10	3.3086256e-09	0.82290006	-2.0133042e-17	0.21942797
7.325147357270726e-10	1.9094557e-09	3.473234e-09	0.83062965	-2.0147507e-17	0.2205367
7.350327946224566e-10	1.4814742e-09	3.7201462e-09	0.8376463	-2.015971e-17	0.22114728
7.37501478526284e-10	2.2715938e-09	3.736607e-09	0.8436803	-2.016914e-17	0.22285625
7.400195348400225e-10	2.8312617e-09	4.2798143e-09	0.84903634	-2.0176282e-17	0.222757
7.425375663537061e-10	2.9629485e-10	6.9793895e-09	0.8536881	-2.0181106e-17	0.22411649
7.45006236971142e-10	-8.5596286e-10	6.3209566e-09	0.85768133	-2.0183778e-17	0.22445603
7.475242638589698e-10	-1.0534927e-09	4.2798143e-09	0.86129373	-2.0184613e-17	0.2244038
7.500423060000008e-10	4.2798143e-10	4.0822843e-09	0.8645482	-2.0183741e-17	0.22540234
7.525109509789718e-10	8.230412e-10	4.839482e-09	0.8674801	-2.0181402e-17	0.22548392
7.550289756406139e-10	1.3827093e-09	4.1481276e-09	0.8702813	-2.0177635e-17	0.22470522
7.575469873449754e-10	8.5596286e-10	5.135777e-09	0.8729533	-2.0172571e-17	0.22312388
7.600156435703633e-10	2.3045155e-10	6.2551133e-09	0.8754977	-2.016637e-17	0.22084574
7.62533690718348e-10	-1.0534927e-09	5.79421e-09	0.8780609	-2.0158752e-17	0.2202122
7.650023453261112e-10	-9.218062e-10	4.6748743e-09	0.88058126	-2.0149928e-17	0.21920797
7.675203739645625e-10	-8.888845e-10	4.2798143e-09	0.88319784	-2.0139383e-17	0.21733679
7.700384007102564e-10	-1.1193361e-09	4.7407176e-09	0.8858999	-2.0127048e-17	0.21692924
7.725070679807133e-10	-1.5802392e-09	5.3991505e-09	0.888672	-2.0112883e-17	0.21627694
7.750251042076046e-10	-2.436202e-09	5.267464e-09	0.8916705	-2.0095867e-17	0.21443968
7.77543163374859e-10	-3.3909298e-09	4.609031e-09	0.89489466	-2.0075637e-17	0.21482
7.800118412941208e-10	-4.938247e-09	4.0822843e-09	0.8983341	-2.0051874e-17	0.21387063
7.825298920113922e-10	-5.99174e-09	3.358008e-09	0.90219843	-2.0022496e-17	0.21376023
7.850479612025063e-10	-7.473214e-09	2.5102758e-09	0.9065073	-1.9986393e-17	0.21315445
7.875166611422485e-10	-8.79008e-09	1.1563729e-09	0.9112541	-1.9942435e-17	0.21372455
7.900347453964315e-10	-1.05020055e-08	-5.925897e-10	0.9167229	-1.9886059e-17	0.21333443
7.925034684208797e-10	-1.158842e-08	-2.8312617e-09	0.9227646	-1.9815705e-17	0.21316206
7.950215657945082e-10	-1.4156309e-08	-6.1234267e-09	0.92960364	-1.9723172e-17	0.21374196
7.975396861504574e-10	-1.5670704e-08	-1.198348e-08	0.93689156	-1.9601697e-17	0.2134014
8.0000842873959e-10	-1.537441e-08	-1.9884675e-08	0.94377565	-1.9442771e-17	0.21302791
8.025265843446659e-10	-1.1423812e-08	-2.9892856e-08	0.9487837	-1.9223949e-17	0.21003515
8.050447431832612e-10	-2.296285e-09	-4.0032724e-08	0.94789225	-1.8946256e-17	0.20621178
8.075135335972177e-10	1.31069315e-08	-4.5431875e-08	0.9349138	-1.8699978e-17	0.20977798
8.100317031751988e-10	3.3020413e-08	-3.897923e-08	0.9050067	-1.866325e-17	0.22883876
8.125005027527516e-10	4.674874e-08	-2.5283827e-08	0.8679637	-1.8912444e-17	0.2484985
8.150186756005521e-10	5.3991503e-08	-1.0534928e-08	0.83419085	-1.928331e-17	0.21449625
8.175370277906787e-10	5.010675e-08	1.0600771e-08	0.80475676	-1.9575848e-17	0.20170912
8.200062309217363e-10	3.7859895e-08	2.6831144e-08	0.780115	-1.9756522e-17	0.20250607
8.225243082379695e-10	2.2337339e-08	3.6444266e-08	0.7599331	-1.9863384e-17	0.2064361
8.250421565702807e-10	7.835352e-09	3.614797e-08	0.7450127	-1.992064e-17	0.21031855
8.275108307676546e-10	-2.0905246e-09	3.0403143e-08	0.73520416	-1.9947843e-17	0.21147881
8.300288642589143e-10	-7.851813e-09	2.278178e-08	0.72951436	-1.9959603e-17	0.21215811
8.325468856520315e-10	-1.018925e-08	1.5028732e-08	0.72767633	-1.9964141e-17	0.21208847
8.350155309990567e-10	-9.5802e-09	9.481435e-09	0.72888434	-1.996678e-17	0.21185417
8.375335802016886e-10	-7.687205e-09	5.79421e-09	0.7324801	-1.9970567e-17	0.21123989
8.400022922737484e-10	-5.8765144e-09	3.4238514e-09	0.73791444	-1.997679e-17	0.21200803
8.425203972903568e-10	-4.8065605e-09	2.2880546e-09	0.74507666	-1.9986297e-17	0.21220368
8.450385007625364e-10	-3.6213814e-09	2.6008102e-09	0.7534857	-1.9999027e-17	0.21274184
8.475072432591204e-10	-2.5020452e-09	1.679004e-09	0.7625608	-2.0014318e-17	0.21219066
8.500253466912576e-10	-2.1728288e-09	5.925897e-10	0.77234787	-2.0032217e-17	0.2136852
8.525434504560487e-10	-7.901196e-10	-2.6337318e-10	0.7824169	-2.0051725e-17	0.21451698
8.550121769911327e-10	2.3045155e-10	-9.876495e-11	0.7923361	-2.007162e-17	0.21491058
8.575302798266983e-10	8.888845e-10	7.2427625e-10	0.8022684	-2.0091825e-17	0.21549645
8.600483648653489e-10	9.547279e-10	1.6934073e-09	0.81177956	-2.0111102e-17	0.21757494
8.625170770418193e-10	1.3827093e-09	1.4485525e-09	0.8204954	-2.0128385e-17	0.21909942
8.650351348344111e-10	1.9752988e-09	3.555538e-09	0.8286127	-2.0143817e-17	0.21965377
8.675038242377456e-10	1.2839443e-09	4.4444226e-09	0.8357311	-2.0156489e-17	0.22137651
8.700218747736519e-10	1.4814742e-09	6.485565e-09	0.8421221	-2.0166819e-17	0.2224065
8.725399042719698e-10	6.255113e-10	5.909436e-09	0.84768397	-2.0174614e-17	0.22302958
8.750085610780336e-10	6.9135464e-10	3.6872247e-09	0.85242337	-2.0179951e-17	0.22372109
8.775265819630138e-10	2.0411421e-09	3.4896948e-09	0.8566458	-2.0183243e-17	0.22451761
8.800445990402119e-10	2.732497e-09	4.5431876e-09	0.8603711	-2.0184567e-17	0.22400032
8.825132438801242e-10	2.0740638e-09	6.650173e-09	0.8636488	-2.018415e-17	0.22523479
8.850312521170831e-10	1.6460824e-11	7.473214e-09	0.86670476	-2.0182173e-17	0.2255439
8.875492553580667e-10	-9.547279e-10	7.308606e-09	0.8695504	-2.0178768e-17	0.2249942
8.900179074334702e-10	-2.3703588e-09	6.3209566e-09	0.8721995	-2.0174151e-17	0.22365366
8.925359076673656e-10	-2.1069855e-09	4.4773443e-09	0.8748114	-2.016818e-17	0.22153418
8.950045539481991e-10	-1.4485525e-09	5.0040905e-09	0.87732905	-2.0161067e-17	0.2203595
8.975225631077712e-10	-9.876494e-10	5.6625233e-09	0.8798938	-2.0152464e-17	0.2195591
9.00040587899796e-10	-1.6131608e-09	6.5843295e-09	0.8824944	-2.0142356e-17	0.21792287
9.025092373869229e-10	-3.358008e-09	6.4526433e-09	0.8851162	-2.0130777e-17	0.21693505
9.050272580206275e-10	-4.115206e-09	6.913546e-09	0.8879046	-2.0116953e-17	0.21655703
9.075452900666551e-10	-5.629602e-09	5.79421e-09	0.89085233	-2.0100682e-17	0.21505812
9.100139322371632e-10	-5.4979155e-09	5.267464e-09	0.8939464	-2.0081795e-17	0.21479625
9.125319651312034e-10	-5.99174e-09	4.2798143e-09	0.8973688	-2.005877e-17	0.21430407
9.150006436516691e-10	-7.703666e-09	4.0493626e-09	0.9010521	-2.0031507e-17	0.21346249
9.175187063365302e-10	-8.921766e-09	3.6872247e-09	0.9052245	-1.9997512e-17	0.21362758
9.200367643024389e-10	-1.1160439e-08	2.7818794e-09	0.9099083	-1.9955357e-17	0.21346472
9.225054554780973e-10	-1.2806521e-08	1.1193361e-09	0.9150896	-1.9903574e-17	0.2128347
9.250235320258061e-10	-1.5111036e-08	-1.7119257e-09	0.9210552	-1.983656e-17	0.21389955
9.275416317635663e-10	-1.6888805e-08	-6.18927e-09	0.92772275	-1.9750256e-17	0.21446265
9.300103551792154e-10	-1.7250944e-08	-1.1851793e-08	0.9347907	-1.964e-17	0.21455982
9.325284716280195e-10	-1.6493747e-08	-1.9226242e-08	0.94200134	-1.9490706e-17	0.21359102
9.35046608147697e-10	-1.3234502e-08	-2.9497798e-08	0.947815	-1.9288646e-17	0.21122794
9.375153792439881e-10	-5.333307e-09	-3.9505977e-08	0.9490963	-1.9029351e-17	0.20748933
9.400335411949674e-10	8.888845e-09	-4.6880427e-08	0.9400114	-1.8754175e-17	0.20771633
9.425023344585577e-10	2.916858e-08	-4.556356e-08	0.9150728	-1.8642737e-17	0.22164835
9.450205015518596e-10	4.8197293e-08	-3.1473096e-08	0.87785995	-1.8822692e-17	0.24788366
9.47538663722193e-10	5.8732223e-08	-1.6526668e-08	0.84271264	-1.918729e-17	0.22248054
9.500075670685193e-10	5.7876257e-08	5.6625233e-09	0.8127604	-1.9504216e-17	0.20267642
9.525261273351665e-10	4.5431875e-08	2.6798222e-08	0.7863561	-1.9716255e-17	0.20104697
9.550443864344958e-10	2.7695338e-08	3.9440135e-08	0.76479703	-1.9840776e-17	0.20563313
9.575128383681532e-10	1.0650154e-08	4.1876337e-08	0.7487471	-1.9908035e-17	0.20909482
9.600308256611875e-10	-3.094635e-09	3.555538e-08	0.7374335	-1.9942448e-17	0.21174727
9.62548840295076e-10	-9.97526e-09	2.583012e-08	0.73063004	-1.9957473e-17	0.21200407
9.650174801315695e-10	-1.2493766e-08	1.7242714e-08	0.7278486	-1.9963212e-17	0.21215132
9.675354922746254e-10	-1.1703646e-08	1.0403241e-08	0.7283057	-1.9966047e-17	0.21192671
9.70004141913272e-10	-9.5472785e-09	5.6625233e-09	0.73123664	-1.9969262e-17	0.21150324
9.725221894800613e-10	-7.703666e-09	3.6872247e-09	0.7362681	-1.9974809e-17	0.2116284
9.75040267389105e-10	-5.9588183e-09	2.5678886e-09	0.7430297	-1.9983444e-17	0.21238925
9.775090027106195e-10	-4.872404e-09	1.777769e-09	0.75097716	-1.9995068e-17	0.21220085
9.80027110717185e-10	-4.1810493e-09	7.2427625e-10	0.76003224	-2.0009916e-17	0.21275117
9.825452104998833e-10	-3.2921648e-09	-6.58433e-10	0.7697032	-2.0027262e-17	0.2136866
9.85013927096027e-10	-2.3374371e-09	-1.8106907e-09	0.77952164	-2.0046026e-17	0.21389309
9.87532007384678e-10	-6.5843296e-11	-1.5390871e-09	0.78964853	-2.0066184e-17	0.21404354
9.900007261176225e-10	3.6213813e-10	-2.8189162e-10	0.7994603	-2.0086104e-17	0.21593642
9.925187978084417e-10	1.6460824e-09	6.172809e-10	0.8091148	-2.010573e-17	0.217436
9.950368785748049e-10	2.436202e-09	1.0246863e-09	0.8181959	-2.0123882e-17	0.21840645
9.975055738957017e-10	2.1069855e-09	2.3621283e-09	0.82637674	-2.0139654e-17	0.219157
1.0000236148245952e-09	1.9752988e-09	3.2098608e-09	0.8338807	-2.0153294e-17	0.22131161
1.0025416544133901e-09	2.2715938e-09	3.9505976e-09	0.8405033	-2.0164326e-17	0.22172235
1.0050103151813369e-09	2.436202e-09	4.839482e-09	0.8461725	-2.0172636e-17	0.2231344
1.007528334734135e-09	1.679004e-09	4.7407176e-09	0.851199	-2.0178715e-17	0.22323
1.0100463587921705e-09	1.6460824e-09	4.8065605e-09	0.85557425	-2.0182567e-17	0.22446916
1.0125149899716822e-09	1.4814742e-09	4.2798143e-09	0.85934937	-2.0184375e-17	0.22413205
1.0150329895525003e-09	9.547279e-10	5.6625233e-09	0.86278903	-2.0184421e-17	0.22499634
1.0175016080033779e-09	6.5843296e-11	5.9258967e-09	0.8658552	-2.0182891e-17	0.22553323
1.0200195963918186e-09	-1.1193361e-09	5.333307e-09	0.86875373	-2.0179882e-17	0.22524093
1.0225375928420535e-09	-1.679004e-09	5.0040905e-09	0.87149006	-2.0175529e-17	0.22409262
1.0250062269023965e-09	-1.218101e-09	4.609031e-09	0.8740707	-2.0170015e-17	0.22221565
1.0275242224791318e-09	-9.876494e-10	4.609031e-09	0.87664664	-2.0163125e-17	0.22043748
1.030042215984963e-09	-9.876494e-10	4.872404e-09	0.8792084	-2.0154896e-17	0.21985173
1.0325108588823054e-09	-2.3045155e-09	5.530837e-09	0.8817444	-2.0145415e-17	0.21848042
1.0350288421137522e-09	-2.9300267e-09	5.6625233e-09	0.8843942	-2.0134102e-17	0.2168733
1.0375468575252097e-09	-2.99587e-09	5.5966805e-09	0.8871477	-2.0120859e-17	0.21675833
1.0400155108221736e-09	-3.6213814e-09	5.629602e-09	0.8899898	-2.010562e-17	0.21561544
1.0425335253032392e-09	-4.4773443e-09	5.99174e-09	0.8930822	-2.0087252e-17	0.21466924
1.045002183073052e-09	-5.530837e-09	5.530837e-09	0.89635825	-2.0065799e-17	0.21461831
1.047520217123258e-09	-6.9793895e-09	5.7283667e-09	0.9000144	-2.0039445e-17	0.21303326
1.0500382550783282e-09	-8.7571586e-09	4.559648e-09	0.90406644	-2.0007277e-17	0.2138389
1.0525069315425153e-09	-9.415592e-09	3.9505976e-09	0.90850997	-1.996839e-17	0.21289621
1.0550249841788743e-09	-1.1720107e-08	2.7654186e-09	0.9136182	-1.9918852e-17	0.21346839
1.0575430624805666e-09	-1.438676e-08	2.6337318e-10	0.91939515	-1.9856072e-17	0.2140848
1.060011762277334e-09	-1.659251e-08	-3.555538e-09	0.9257473	-1.9777286e-17	0.21439375
1.062529855999204e-09	-1.817275e-08	-9.086375e-09	0.93283683	-1.9672999e-17	0.21468128
1.0650479601649787e-09	-1.856781e-08	-1.5670704e-08	0.9401357	-1.953494e-17	0.2144086
1.067516707737486e-09	-1.6822963e-08	-2.475708e-08	0.94643337	-1.935286e-17	0.21269949
1.070034848807448e-09	-1.178595e-08	-3.555538e-08	0.9494555	-1.910506e-17	0.20874766
1.0725036402434046e-09	-9.0534535e-10	-4.5826933e-08	0.9441156	-1.8825585e-17	0.20636602
1.0750217979280625e-09	1.7843533e-08	-4.9645845e-08	0.92347956	-1.8646911e-17	0.21579117
1.0775399655079023e-09	3.888047e-08	-3.990104e-08	0.88804543	-1.8746852e-17	0.24267125
1.080008738993235e-09	5.2016205e-08	-2.7785871e-08	0.85222536	-1.9079412e-17	0.2328413
1.0825269643791902e-09	5.8205476e-08	-7.637823e-09	0.8205241	-1.9428704e-17	0.20652826
1.0850454573357418e-09	5.2575874e-08	1.6394981e-08	0.79294926	-1.9669761e-17	0.20112486
1.08751453170806e-09	3.7662367e-08	3.3382552e-08	0.77043974	-1.9812077e-17	0.20440407
1.090032346889048e-09	2.0127473e-08	4.111914e-08	0.75260884	-1.9893775e-17	0.20894775
1.092500895121769e-09	5.8024408e-09	3.8633555e-08	0.74018306	-1.9935142e-17	0.21164289
1.0950189147510069e-09	-4.1975103e-09	3.0814665e-08	0.73214746	-1.9954473e-17	0.21164261
1.0975369316812763e-09	-9.366209e-09	2.1678906e-08	0.728255	-1.9962133e-17	0.21219406
1.1000055541828967e-09	-1.0748918e-08	1.4617212e-08	0.72788393	-1.9965301e-17	0.21199217
1.1025235554715255e-09	-1.0041103e-08	8.559629e-09	0.7302284	-1.9968226e-17	0.21167438
1.1050415927275743e-09	-8.773619e-09	6.0575833e-09	0.7347439	-1.9973048e-17	0.21116823
1.107510290345884e-09	-7.0781545e-09	4.411501e-09	0.7409382	-1.9980639e-17	0.21237935
1.1100283865379261e-09	-5.3003855e-09	3.4073906e-09	0.748709	-1.9991605e-17	0.21146746
1.11254647740246e-09	-4.971169e-09	1.9423774e-09	0.7575451	-2.0005686e-17	0.21299323
1.115015194660036e-09	-4.0493626e-09	1.679004e-09	0.766889	-2.0022079e-17	0.21329106
1.1175332875387873e-09	-2.5678886e-09	1.6460824e-09	0.77683145	-2.0040795e-17	0.21291849
1.1200019889366482e-09	-1.4156308e-09	9.053453e-11	0.78675187	-2.0060357e-17	0.21458893
1.1225200775628713e-09	1.3168659e-10	2.5102756e-10	0.79681647	-2.008072e-17	0.2159086
1.1250381453187962e-09	1.1851794e-09	1.0925872e-09	0.80658835	-2.0100613e-17	0.21687995
1.1275068362221015e-09	1.1851794e-09	1.6872345e-09	0.81566614	-2.0118877e-17	0.21723533
1.1300248924455933e-09	2.1728288e-09	2.7654186e-09	0.82422954	-2.0135586e-17	0.2194299
1.1325429277925276e-09	2.4032802e-09	3.2921648e-09	0.8319659	-2.0149913e-17	0.22095536
1.1350115899333866e-09	2.7654186e-09	3.1934e-09	0.8386966	-2.0161434e-17	0.22089009
1.1375296173573534e-09	3.6872247e-09	4.213971e-09	0.8447074	-2.0170612e-17	0.22303848
1.1400476199113847e-09	3.358008e-09	6.0575833e-09	0.84992737	-2.0177319e-17	0.22257696
1.1425162454944286e-09	2.633732e-09	7.111076e-09	0.854381	-2.0181678e-17	0.22428566
1.145034242811888e-09	1.2510226e-09	6.716016e-09	0.85836655	-2.0184066e-17	0.2243572
1.1475028601848146e-09	9.876494e-10	6.650173e-09	0.86184055	-2.018458e-17	0.22464609
1.1500208366497917e-09	3.950598e-10	6.9793895e-09	0.86504626	-2.0183452e-17	0.2254586
1.1525388308475044e-09	0	7.3744495e-09	0.8679992	-2.0180818e-17	0.22540714
1.1550074413353477e-09	-2.3045155e-10	7.111076e-09	0.8707197	-2.0176907e-17	0.22450344
1.157525428987427e-09	-9.218062e-10	6.617251e-09	0.8733759	-2.0171636e-17	0.22279717
1.1600434237634571e-09	-1.777769e-09	5.3991505e-09	0.8759627	-2.0165092e-17	0.22046094
1.1625120377183939e-09	-1.6131608e-09	5.333307e-09	0.8784741	-2.0157394e-17	0.22010085
1.1650300399546364e-09	-1.8106907e-09	6.7818595e-09	0.88105	-2.0148141e-17	0.21893564
1.1675480195771174e-09	-2.7654186e-09	7.242763e-09	0.88367903	-2.0137297e-17	0.21690072
1.1700166605663692e-09	-4.0822843e-09	6.814781e-09	0.88634634	-2.012487e-17	0.21689159
1.1725346753724186e-09	-4.872404e-09	5.9258967e-09	0.88920015	-2.0110011e-17	0.21603905
1.1750033146299965e-09	-5.432072e-09	5.2016205e-09	0.8921737	-2.009284e-17	0.21442877
1.1775213347378771e-09	-6.090505e-09	5.069934e-09	0.8954396	-2.007202e-17	0.21478002
1.1800393574786853e-09	-7.242763e-09	4.5267265e-09	0.899004	-2.0046982e-17	0.21349372
1.1825080108708391e-09	-8.065804e-09	4.4773443e-09	0.90286064	-2.0017175e-17	0.21384649
1.1850260558472514e-09	-9.448513e-09	2.7654186e-09	0.90724975	-1.997981e-17	0.21276583
1.1875441047753557e-09	-1.139089e-08	1.8929949e-09	0.91219354	-1.9933205e-17	0.21373297
1.1900127869531107e-09	-1.3728328e-08	-1.2510226e-09	0.91766876	-1.9875636e-17	0.21374282
1.1925308602190181e-09	-1.580239e-08	-4.4773443e-09	0.9239531	-1.980072e-17	0.2136422
1.1950489400808707e-09	-1.7613083e-08	-1.0008181e-08	0.93090016	-1.9703644e-17	0.21389309
1.1975176608396805e-09	-1.7152178e-08	-1.774477e-08	0.9380699	-1.9578667e-17	0.21409968
1.2000357841461512e-09	-1.3958779e-08	-2.6337318e-08	0.94490784	-1.9407929e-17	0.2132336
1.202504536610901e-09	-7.999961e-09	-3.63455e-08	0.9491819	-1.9182537e-17	0.20973131
1.205022682829123e-09	3.9464827e-09	-4.674874e-08	0.9467733	-1.8899722e-17	0.2065178
1.2075408421474405e-09	2.19752e-08	-4.9777533e-08	0.9307249	-1.8672155e-17	0.21121542
1.2100096335658952e-09	4.3226123e-08	-3.8913388e-08	0.89900047	-1.868634e-17	0.23432817
1.2125277896081596e-09	5.688861e-08	-2.2650093e-08	0.861471	-1.8978491e-17	0.24436212
1.215045967194659e-09	6.18927e-08	-2.3703588e-09	0.82857555	-1.9344709e-17	0.21101375
1.2175149887782137e-09	5.4254876e-08	2.0938169e-08	0.8004018	-1.961211e-17	0.20040753
1.2200335541757286e-09	3.6197353e-08	3.7662367e-08	0.7760834	-1.9780664e-17	0.2025538
1.2225021148813156e-09	1.6539014e-08	4.3851635e-08	0.75717384	-1.987535e-17	0.20771402
1.2250199690156094e-09	3.7859896e-10	4.1810495e-08	0.74309003	-1.9926659e-17	0.21101688
1.2275379722703334e-09	-9.39913e-09	3.3090373e-08	0.7338676	-1.9950849e-17	0.21116766
1.2300065953617532e-09	-1.4271535e-08	2.317684e-08	0.7289744	-1.9960646e-17	0.21219519
1.232524569788967e-09	-1.4156309e-08	1.4090466e-08	0.72769177	-1.9964596e-17	0.21205193
1.2350425744564928e-09	-1.26748345e-08	7.637823e-09	0.72937274	-1.9967324e-17	0.21179436
1.2375112205317056e-09	-1.0008181e-08	4.3456576e-09	0.73325104	-1.9971392e-17	0.21104534
1.2400292692620622e-09	-8.131647e-09	2.5020452e-09	0.7390974	-1.9978266e-17	0.21220368
1.2425473422875524e-09	-6.7818595e-09	1.3827093e-09	0.74651515	-1.998836e-17	0.21195902
1.2450160631103463e-09	-5.464994e-09	8.5596286e-10	0.7549286	-2.0001358e-17	0.2129216
1.247534137016749e-09	-4.411501e-09	-1.975299e-10	0.7642964	-2.0017397e-17	0.2125741
1.2500028359921018e-09	-2.2715938e-09	-1.3827093e-09	0.7739557	-2.0035269e-17	0.21350382
1.2525209152781668e-09	-6.9135464e-10	-1.7119257e-09	0.784048	-2.0054961e-17	0.21466756
1.2550389999765793e-09	1.316866e-09	-1.1851794e-09	0.79415	-2.0075298e-17	0.2154552
1.2575076931282399e-09	1.7098681e-09	6.5843296e-11	0.80383325	-2.0095011e-17	0.21582039
1.2600257517019755e-09	2.9629483e-09	1.4156308e-09	0.8132562	-2.0114068e-17	0.217449
1.2625437988890667e-09	2.7983402e-09	3.0287917e-09	0.82202184	-2.013135e-17	0.21935622
1.2650124569780962e-09	2.0082205e-09	3.8189114e-09	0.8298391	-2.014607e-17	0.2202275
1.2675304980679625e-09	2.9629483e-09	3.9505976e-09	0.8369489	-2.0158549e-17	0.221266
1.270048516607617e-09	2.436202e-09	4.3456576e-09	0.8431848	-2.0168412e-17	0.22273594
1.2725171406563072e-09	2.0740638e-09	5.5966805e-09	0.8485071	-2.0175643e-17	0.22288375
1.275035139644306e-09	2.732497e-09	6.9793895e-09	0.8532275	-2.01807e-17	0.2239794
1.2775037573827645e-09	1.3497876e-09	7.111076e-09	0.85727555	-2.0183582e-17	0.22449325
1.2800217376914237e-09	-3.6213813e-10	7.111076e-09	0.86093146	-2.0184607e-17	0.22424491
1.2825397075046252e-09	-7.078154e-10	6.3868e-09	0.8642191	-2.0183907e-17	0.22535113
1.2850083218542238e-09	-1.5143958e-09	5.9258967e-09	0.86717474	-2.0181718e-17	0.22551592
1.287526306795425e-09	-2.436202e-09	5.464994e-09	0.86999285	-2.0178097e-17	0.22482689
1.290044289778698e-09	-2.353898e-09	5.267464e-09	0.87267584	-2.0173168e-17	0.22332662
1.2925129008444656e-09	-2.534967e-09	5.8600533e-09	0.8752261	-2.0167095e-17	0.22112527
1.2950308863357802e-09	-2.633732e-09	5.8600533e-09	0.87779075	-2.015962e-17	0.22027415
1.297548878712107e-09	-2.3045155e-09	5.6625233e-09	0.88035893	-2.0150758e-17	0.21932882
1.3000175055547325e-09	-2.99587e-09	5.8600533e-09	0.8829183	-2.0140576e-17	0.21757771
1.3025354935382805e-09	-4.115206e-09	6.3209566e-09	0.8856094	-2.0128448e-17	0.21694143
1.3050041230767571e-09	-4.938247e-09	5.8600533e-09	0.8883663	-2.0114518e-17	0.21639773
1.3075221334016436e-09	-5.892975e-09	4.510266e-09	0.89134437	-2.0097802e-17	0.21469778
1.3100401546928022e-09	-6.650173e-09	4.2798143e-09	0.89454174	-2.007795e-17	0.21482617
1.3125088013653183e-09	-7.5719795e-09	3.2263217e-09	0.89794827	-2.005465e-17	0.21405981
1.3150268244213162e-09	-9.119296e-09	2.6995752e-09	0.90177095	-2.0025884e-17	0.21367115
1.3175448636867418e-09	-1.0139868e-08	1.316866e-09	0.90602833	-1.9990578e-17	0.21336117
1.320013533112045e-09	-1.237854e-08	7.633707e-10	0.9107149	-1.9947657e-17	0.21365456
1.3225315750693995e-09	-1.4222152e-08	-1.777769e-09	0.91611254	-1.9892673e-17	0.21299154
1.3250002730010754e-09	-1.6296216e-08	-5.5966805e-09	0.9220804	-1.982415e-17	0.21352492
1.3275183490931727e-09	-1.7514317e-08	-1.1456733e-08	0.92885274	-1.9734155e-17	0.21412435
1.3300364338351639e-09	-1.6790041e-08	-1.8633653e-08	0.9361157	-1.9616224e-17	0.21395627
1.3325051785557416e-09	-1.3695406e-08	-2.7522498e-08	0.9430848	-1.9462266e-17	0.21269329
1.3350233052341884e-09	-6.090505e-09	-3.7398994e-08	0.9484415	-1.9250194e-17	0.21015489
1.3375414424051444e-09	5.868284e-09	-4.6090307e-08	0.94844717	-1.8977032e-17	0.20640731
1.340010214177494e-09	2.2748859e-08	-5.017259e-08	0.9370896	-1.8719784e-17	0.20788851
1.3425283752578134e-09	4.4674678e-08	-4.0164412e-08	0.9088331	-1.8652604e-17	0.22606756
1.3450465270345576e-09	5.985156e-08	-2.0674795e-08	0.87112355	-1.8882227e-17	0.24858575
1.3475153015776953e-09	6.650173e-08	-1.2510226e-09	0.8375381	-1.924589e-17	0.21758212
1.3500336345870602e-09	5.846885e-08	2.3205647e-08	0.8076762	-1.9550468e-17	0.20235577
1.3525028226745876e-09	4.0263178e-08	4.069116e-08	0.7825505	-1.9741231e-17	0.20213263
1.3550209188386631e-09	1.769127e-08	4.829606e-08	0.76181966	-1.9854848e-17	0.20565298
1.3575387286115947e-09	-4.691335e-10	4.5020354e-08	0.74634564	-1.9916276e-17	0.20970699
1.3600073349772513e-09	-1.0962909e-08	3.5349622e-08	0.7360522	-1.9945846e-17	0.21161933
1.3625253597994522e-09	-1.5407332e-08	2.3703587e-08	0.7299239	-1.9958821e-17	0.21211451
1.3650433307693597e-09	-1.616453e-08	1.4222152e-08	0.72770953	-1.9963815e-17	0.21211253
1.3675119270150614e-09	-1.4041083e-08	7.506136e-09	0.72863376	-1.9966482e-17	0.21188506
1.3700299464655735e-09	-1.1423812e-08	3.4238514e-09	0.7320008	-1.997006e-17	0.21134986
1.3725479980895078e-09	-8.905306e-09	9.464974e-10	0.7373683	-1.9976124e-17	0.21189612
1.3750166904749012e-09	-6.551408e-09	-6.5843296e-11	0.7442521	-1.9985134e-17	0.21230215
1.3775347676672604e-09	-5.1028555e-09	-6.58433e-10	0.7525484	-1.9997533e-17	0.21257353
1.3800034894383843e-09	-3.835372e-09	-1.316866e-09	0.76155084	-2.001255e-17	0.21245342
1.3825215580696982e-09	-2.4691236e-09	-1.4485525e-09	0.771294	-2.0030233e-17	0.21372989
1.385039624886759e-09	-7.901196e-10	-2.2715938e-09	0.7813439	-2.0049607e-17	0.21433884
1.387508316609145e-09	8.5596286e-10	-1.5802392e-09	0.7912687	-2.0069456e-17	0.21450382
1.390026387576967e-09	2.1728288e-09	-4.9588234e-10	0.80123186	-2.0089714e-17	0.21571599
1.392544448115473e-09	2.2715938e-09	8.39502e-10	0.8107982	-2.010913e-17	0.21757853
1.39501312118798e-09	3.094635e-09	2.2180962e-09	0.8195873	-2.0126611e-17	0.21886921
1.3975311482690141e-09	2.9300267e-09	3.5884598e-09	0.82779247	-2.0142301e-17	0.21921128
1.400049174204165e-09	2.6008102e-09	5.0040905e-09	0.83513796	-2.0155477e-17	0.22138655
1.4025178222681622e-09	1.8436124e-09	5.3991505e-09	0.841485	-2.016585e-17	0.22216372
1.4050358356692306e-09	1.4814742e-09	5.9588183e-09	0.8471309	-2.0173903e-17	0.22309236
1.4075044563273859e-09	1.218101e-09	5.2016205e-09	0.85194147	-2.0179478e-17	0.22354425
1.4100224396349784e-09	3.950598e-10	5.9258967e-09	0.8562237	-2.018299e-17	0.22451226
1.4125404211914405e-09	2.7983402e-10	6.2551133e-09	0.8599961	-2.0184514e-17	0.22393082
1.4150090058937532e-09	-3.1275565e-10	6.485565e-09	0.8633091	-2.0184274e-17	0.2251499
1.417526981308376e-09	-1.0205711e-09	6.650173e-09	0.8663918	-2.0182451e-17	0.22554949
1.4200449610727974e-09	-1.1522577e-09	5.8600533e-09	0.8692564	-2.0179195e-17	0.22509384
1.422513570298483e-09	-1.5143958e-09	5.0040905e-09	0.87191767	-2.0174712e-17	0.22383551
1.4250315422614994e-09	-1.9752988e-09	4.609031e-09	0.87453705	-2.0168872e-17	0.22179444
1.4275001557732278e-09	-2.0740638e-09	4.4773443e-09	0.87705714	-2.0161899e-17	0.22039688
1.4300181412135056e-09	-1.9094557e-09	4.609031e-09	0.8796205	-2.0153445e-17	0.21968386
1.4325361299108506e-09	-3.0617133e-09	4.938247e-09	0.8822154	-2.0143509e-17	0.21813917
1.4350047451333918e-09	-2.7654186e-09	4.7407176e-09	0.8848277	-2.013212e-17	0.21691872
1.4375227386943874e-09	-3.555538e-09	4.4773443e-09	0.88760173	-2.011853e-17	0.21664633
1.4400407458370131e-09	-3.9505976e-09	4.5431876e-09	0.8905302	-2.010254e-17	0.21527809
1.4425093802494342e-09	-4.707796e-09	4.7407176e-09	0.89359975	-2.0084002e-17	0.21475737
1.4450273999591548e-09	-5.333307e-09	4.213971e-09	0.8969905	-2.0061421e-17	0.21443857
1.4475454198475555e-09	-6.7818595e-09	3.9505976e-09	0.9007118	-2.0034132e-17	0.21333864
1.4500140747265964e-09	-7.637823e-09	2.633732e-09	0.9047586	-2.0001472e-17	0.21373692
1.4525321209741322e-09	-9.744808e-09	1.467071e-09	0.9093833	-1.9960293e-17	0.21328627
1.4550007951315209e-09	-1.0864144e-08	-8.230412e-12	0.91449726	-1.9909779e-17	0.21313387
1.4575188526597258e-09	-1.2246853e-08	-2.5678886e-09	0.9203873	-1.9844493e-17	0.21403597
1.4600369267669433e-09	-1.3827092e-08	-6.0575833e-09	0.92698336	-1.9760531e-17	0.21453294
1.4625056434888902e-09	-1.4617212e-08	-1.0534928e-08	0.93401027	-1.9653456e-17	0.2147227
1.4650237375442485e-09	-1.4551369e-08	-1.7250944e-08	0.9412661	-1.9508775e-17	0.21404916
1.4675418510567355e-09	-1.1061674e-08	-2.5810573e-08	0.947338	-1.9313135e-17	0.21185842
1.4700106206506272e-09	-3.753068e-09	-3.4896946e-08	0.94931936	-1.9059863e-17	0.2080291
1.4725287656173245e-09	8.78185e-09	-4.2271395e-08	0.9416966	-1.8779387e-17	0.20687386
1.475046915397759e-09	2.6724148e-08	-4.036194e-08	0.9179242	-1.8641673e-17	0.2186841
1.477515688427889e-09	4.2600615e-08	-2.7785871e-08	0.8818999	-1.8790473e-17	0.24637565
1.4800338347158479e-09	5.2411263e-08	-1.3958779e-08	0.84620124	-1.9147578e-17	0.22564729
1.482502714369252e-09	5.3003856e-08	5.135777e-09	0.8158227	-1.9475122e-17	0.20436472
1.4850212413015363e-09	4.2205553e-08	2.4296178e-08	0.7889452	-1.9698489e-17	0.20061162
1.4875395461611154e-09	2.576119e-08	3.5423692e-08	0.7668436	-1.9830672e-17	0.20536527
1.4900079669148378e-09	1.0399126e-08	3.7333148e-08	0.7502432	-1.9902657e-17	0.20913815
1.4925258999773352e-09	-1.0041102e-09	3.1341408e-08	0.73841166	-1.993993e-17	0.2117657
1.4950439237827473e-09	-8.148108e-09	2.3388774e-08	0.73115486	-1.9956454e-17	0.21189839
1.4975125155433833e-09	-1.1045213e-08	1.5934077e-08	0.72798145	-1.996281e-17	0.21217112
1.5e-09	-1.0403241e-08	9.59666e-09	0.728105	-1.9965736e-17	0.21195364
