# t (s)	mx ()	my ()	mz ()	E_total (J)	MaxAngle (rad)
0	8.106956e-10	6.58433e-10	0.9795362	-2.0725771e-17	0.26627335
2.5148968061216643e-12	1.0123407e-09	7.078154e-10	0.97073144	-2.0685891e-17	0.24076287
5.0424985583965835e-12	1.4320917e-09	8.5596286e-10	0.9621977	-2.0598756e-17	0.23052269
7.517430774298809e-12	2.1399071e-09	2.2057505e-09	0.95535344	-2.0472419e-17	0.22750461
1.0040573527644686e-11	1.0864144e-09	4.0822843e-09	0.9509232	-2.031051e-17	0.22533005
1.251292247076458e-11	-6.5843296e-11	5.7283667e-09	0.9492701	-2.0125663e-17	0.22494665
1.503376975467493e-11	-2.897105e-09	7.637823e-09	0.9498587	-1.9905443e-17	0.222141
1.750458393885018e-11	-6.716016e-09	9.218062e-09	0.95158356	-1.9641455e-17	0.22041187
2.0024401555472994e-11	-1.3892936e-08	7.835352e-09	0.9520486	-1.9297604e-17	0.21556473
2.2543835273552475e-11	-2.1135698e-08	2.2386721e-09	0.94579405	-1.8881656e-17	0.2106053
2.501369302566111e-11	-2.5119219e-08	-7.901195e-09	0.9248902	-1.8540234e-17	0.21631165
2.7532797870247105e-11	-2.1399071e-08	-1.8897026e-08	0.8871431	-1.8485399e-17	0.25150302
3.0002341296306714e-11	-1.2905287e-08	-2.6707687e-08	0.8495603	-1.8792988e-17	0.24090205
3.25212090773705e-11	-1.8436124e-09	-3.1670627e-08	0.81615555	-1.92096e-17	0.20642506
3.5040122162809335e-11	1.2444383e-08	-2.9621253e-08	0.78611124	-1.9511586e-17	0.19881678
3.7509600761852586e-11	2.2929928e-08	-2.2386722e-08	0.7607496	-1.9693835e-17	0.20222908
4.0027858766506553e-11	2.8213853e-08	-1.2049323e-08	0.73994845	-1.980216e-17	0.20838638
4.254593881926177e-11	2.7390811e-08	-3.0287917e-09	0.7245986	-1.986078e-17	0.21141635
4.501471455130665e-11	2.337437e-08	3.5884598e-09	0.7144605	-1.9888987e-17	0.21196921
4.753290893989215e-11	1.7909377e-08	8.9546885e-09	0.70860386	-1.9901464e-17	0.21206495
5.000165613057126e-11	1.3250964e-08	9.744808e-09	0.70674014	-1.9906412e-17	0.21153247
5.2519773655482224e-11	9.810651e-09	1.0008181e-08	0.7079346	-1.9909447e-17	0.21159606
5.503790808826039e-11	7.226302e-09	9.020532e-09	0.7115868	-1.9913525e-17	0.21185899
5.750670014175768e-11	6.008201e-09	8.559629e-09	0.7171911	-1.9920079e-17	0.21120349
6.002488344394336e-11	4.1481276e-09	8.658394e-09	0.72461504	-1.9930019e-17	0.21224385
6.254308778744018e-11	2.814801e-09	8.864154e-09	0.7333379	-1.9943336e-17	0.21148989
6.501191181256595e-11	1.316866e-09	7.967039e-09	0.74276936	-1.9959377e-17	0.21289565
6.75301030286812e-11	6.9135464e-10	7.242763e-09	0.752986	-1.9978261e-17	0.21323729
7.004829718464761e-11	7.571979e-10	5.9258967e-09	0.763561	-1.9999014e-17	0.21309613
7.251711586224309e-11	6.9135464e-10	5.9588183e-09	0.77404857	-2.0020401e-17	0.21435285
7.503532311170172e-11	1.2510226e-09	4.938247e-09	0.7846232	-2.004242e-17	0.21592169
7.750412978284032e-11	1.2510226e-09	4.7407176e-09	0.79462755	-2.0063365e-17	0.21723837
8.002232843794772e-11	1.1193361e-09	4.2798143e-09	0.80422807	-2.0083257e-17	0.21821022
8.254049397893512e-11	2.1728288e-09	3.5946326e-09	0.81301653	-2.0100977e-17	0.2198766
8.500929136030573e-11	2.0082205e-09	3.1604783e-09	0.8206991	-2.0115817e-17	0.22223079
8.752744359822097e-11	2.5678886e-09	2.1234463e-09	0.8275017	-2.0128242e-17	0.22288834
9.004560660000938e-11	3.456773e-09	1.1851794e-09	0.8332562	-2.0138043e-17	0.22516967
9.251438336434857e-11	4.1481276e-09	9.218062e-10	0.83794403	-2.0145372e-17	0.22512962
9.503251403969643e-11	5.563759e-09	9.876494e-10	0.8418683	-2.015083e-17	0.22715895
9.750125956527342e-11	5.5802194e-09	2.4032802e-09	0.84501046	-2.0154507e-17	0.22789066
1.0001938005465245e-10	6.0246617e-09	2.897105e-09	0.84763503	-2.0156846e-17	0.22779857
1.0253751091086512e-10	6.0411227e-09	3.1604783e-09	0.8497991	-2.0158034e-17	0.22863214
1.0500623477772744e-10	5.464994e-09	3.753068e-09	0.85157394	-2.0158329e-17	0.22954318
1.0752434179022406e-10	5.2510027e-09	3.3909298e-09	0.8531115	-2.0157956e-17	0.23009866
1.1004245653313642e-10	5.267464e-09	3.2921648e-09	0.8544357	-2.015708e-17	0.23045616
1.1251118633464957e-10	5.037012e-09	3.7859897e-09	0.8555727	-2.0155872e-17	0.23063615
1.1502929139192044e-10	4.5761093e-09	4.3456576e-09	0.85660297	-2.0154385e-17	0.23068646
1.1754741287747283e-10	4.2798143e-09	3.6213814e-09	0.8575288	-2.0152724e-17	0.23064189
1.2001614474648223e-10	4.7736393e-09	3.2263217e-09	0.85835445	-2.0150982e-17	0.23107482
1.2253423875019504e-10	5.135777e-09	3.2263217e-09	0.85912794	-2.0149124e-17	0.23156878
1.2500298477012125e-10	4.971169e-09	4.609031e-09	0.85983	-2.0147256e-17	0.23196556
1.2752108644203008e-10	4.2633537e-09	5.069934e-09	0.86049765	-2.0145324e-17	0.23229693
1.3003917767495793e-10	3.2263217e-09	4.8065605e-09	0.86112326	-2.0143378e-17	0.23256294
1.3250792429049418e-10	3.4238514e-09	4.7407176e-09	0.8617016	-2.0141466e-17	0.23281288
1.3502602900836236e-10	3.4238514e-09	4.938247e-09	0.86226004	-2.0139515e-17	0.23303652
1.3754413111163597e-10	3.2263217e-09	4.2798143e-09	0.8627908	-2.013757e-17	0.23322022
1.4001285685475172e-10	3.1604783e-09	5.037012e-09	0.86328745	-2.0135669e-17	0.23336229
1.425309628569378e-10	3.0617133e-09	4.938247e-09	0.8637723	-2.0133737e-17	0.23347515
1.450490666312581e-10	2.7983402e-09	5.9258967e-09	0.8642377	-2.0131813e-17	0.2335586
1.4751779186078872e-10	1.3827093e-09	5.530837e-09	0.8646772	-2.0129941e-17	0.23361397
1.500359012127802e-10	1.218101e-09	5.333307e-09	0.86511004	-2.0128032e-17	0.23364872
1.52504639095039e-10	1.1851794e-09	5.135777e-09	0.86552083	-2.0126168e-17	0.23366006
1.5502273214026207e-10	1.777769e-09	5.069934e-09	0.8659275	-2.0124269e-17	0.23365077
1.5754083330022545e-10	1.3497876e-09	5.0040905e-09	0.8663229	-2.0122371e-17	0.23363534
1.6000955152001022e-10	1.5473175e-09	5.5966805e-09	0.8667008	-2.0120512e-17	0.23361602
1.6252766303373833e-10	1.3497876e-09	5.464994e-09	0.8670774	-2.0118614e-17	0.233581
1.6504577056252722e-10	1.3827093e-09	5.267464e-09	0.86744606	-2.011671e-17	0.23352769
1.6751449490225097e-10	1.9423774e-09	4.6419526e-09	0.86780065	-2.0114837e-17	0.23346277
1.7003259959138142e-10	2.3374371e-09	4.872404e-09	0.8681562	-2.0112921e-17	0.23338109
1.7250132801719555e-10	1.8436124e-09	5.563759e-09	0.8684994	-2.0111027e-17	0.23328699
1.7501942446881416e-10	1.4156308e-09	5.530837e-09	0.86884505	-2.0109083e-17	0.23317972
1.7753752381268809e-10	1.3497876e-09	5.2016205e-09	0.8691868	-2.010712e-17	0.23305638
1.8000624801030575e-10	1.2510226e-09	5.267464e-09	0.8695186	-2.0105177e-17	0.23292498
1.825243552938386e-10	1.2510226e-09	5.464994e-09	0.8698545	-2.010317e-17	0.23277879
1.8504246104937137e-10	8.230412e-10	5.9258967e-09	0.8701885	-2.0101142e-17	0.23261647
1.875111739063655e-10	4.609031e-10	5.5966805e-09	0.8705146	-2.0099117e-17	0.23244731
1.9002927832810912e-10	1.3168659e-10	5.3991505e-09	0.8708465	-2.0097025e-17	0.23225912
1.9254738953540732e-10	-1.3168659e-10	5.5966805e-09	0.87117845	-2.0094887e-17	0.23205887
1.9501611215034108e-10	-6.58433e-10	5.5966805e-09	0.87150425	-2.0092755e-17	0.23184884
1.9753420574674085e-10	-9.218062e-10	5.530837e-09	0.8718378	-2.009053e-17	0.23161814
2.0000293395577477e-10	-8.5596286e-10	5.464994e-09	0.8721663	-2.0088303e-17	0.23137757
2.025210479028132e-10	-7.2427625e-10	5.7283667e-09	0.8725038	-2.008597e-17	0.23111907
2.0503914600497038e-10	-1.0864144e-09	5.5966805e-09	0.87284446	-2.008358e-17	0.23083995
2.0750787006810063e-10	-1.1193361e-09	5.135777e-09	0.873182	-2.0081164e-17	0.23055112
2.1002596947651574e-10	-1.0205711e-09	5.5966805e-09	0.87353045	-2.0078628e-17	0.2302366
2.1254408085902738e-10	-8.5596286e-10	5.333307e-09	0.87388414	-2.0076006e-17	0.22990258
2.150128034054353e-10	-1.2510226e-09	5.267464e-09	0.8742366	-2.007335e-17	0.22955392
2.1753090685623928e-10	-1.0205711e-09	5.7283667e-09	0.8746027	-2.0070538e-17	0.22917378
2.2004900134373394e-10	-1.7448474e-09	5.9258967e-09	0.8749763	-2.0067617e-17	0.22877094
2.2251773122810442e-10	-2.0740638e-09	6.0575833e-09	0.87535095	-2.006463e-17	0.22834794
2.2503582315356117e-10	-2.0740638e-09	5.6625233e-09	0.8757425	-2.006146e-17	0.2278851
2.2750456550390156e-10	-2.534967e-09	5.464994e-09	0.8761365	-2.0058198e-17	0.2274031
2.3002265569760237e-10	-2.7654186e-09	5.0040905e-09	0.87655014	-2.005471e-17	0.22687507
2.3254076521027464e-10	-3.0287917e-09	4.213971e-09	0.87697697	-2.0051042e-17	0.22630809
2.3500949295053717e-10	-3.0287917e-09	4.2798143e-09	0.8774095	-2.0047252e-17	0.22571176
2.3752759400833374e-10	-2.897105e-09	4.0822843e-09	0.8778665	-2.0043162e-17	0.22545381
2.400457077901201e-10	-2.633732e-09	5.069934e-09	0.8783415	-2.0038818e-17	0.22527695
2.42514445747286e-10	-3.0287917e-09	4.872404e-09	0.87882644	-2.0034288e-17	0.22506607
2.45032536865582e-10	-3.3909298e-09	4.8065605e-09	0.87934273	-2.0029356e-17	0.22480953
2.475012667342457e-10	-4.4773443e-09	4.7407176e-09	0.8798727	-2.0024172e-17	0.2245077
2.5001938164617463e-10	-5.366229e-09	4.3456576e-09	0.88044035	-2.0018487e-17	0.22414249
2.525374889355578e-10	-5.6625233e-09	4.016441e-09	0.8810383	-2.0012346e-17	0.22371277
2.5500621775801354e-10	-5.4979155e-09	3.1604783e-09	0.8816575	-2.0005815e-17	0.22321627
2.5752432444137985e-10	-5.7612883e-09	2.8312617e-09	0.88232696	-1.9998562e-17	0.22262286
2.600424309676314e-10	-5.8600533e-09	1.777769e-09	0.88303924	-1.999062e-17	0.22192447
2.625111681199779e-10	-6.5184866e-09	1.4485525e-09	0.8837846	-1.9982053e-17	0.22112337
2.650292780655694e-10	-7.143998e-09	1.0534927e-09	0.8845992	-1.9972387e-17	0.22023049
2.675473993440955e-10	-7.1769195e-09	-1.975299e-10	0.88547605	-1.996162e-17	0.2201306
2.700161284330974e-10	-6.7818595e-09	-3.292165e-10	0.88640475	-1.9949796e-17	0.2199318
2.7253423745111393e-10	-6.4526433e-09	-1.6131608e-09	0.8874326	-1.9936191e-17	0.21957168
2.750029833421033e-10	-6.0575833e-09	-1.9752988e-09	0.888531	-1.9921034e-17	0.21902509
2.775210960563677e-10	-6.650173e-09	-2.1728288e-09	0.88975835	-1.9903312e-17	0.2182127
2.800392200619715e-10	-7.111076e-09	-2.1728288e-09	0.89111114	-1.9882783e-17	0.2170721
2.825079696948795e-10	-8.032882e-09	-4.0822843e-09	0.8925788	-1.9859271e-17	0.21643908
2.850260804069234e-10	-8.9546885e-09	-5.8600533e-09	0.8942439	-1.9830934e-17	0.21639551
2.8754421138846806e-10	-8.329177e-09	-8.131647e-09	0.8961068	-1.9796996e-17	0.21588524
2.900129772843496e-10	-7.3744495e-09	-1.0123407e-08	0.8981558	-1.9756684e-17	0.21472521
2.925311071514137e-10	-6.650173e-09	-1.2641913e-08	0.9005058	-1.9706152e-17	0.21415718
2.950492593166956e-10	-5.79421e-09	-1.5407332e-08	0.9031483	-1.9642952e-17	0.2141754
2.975180402303002e-10	-5.234542e-09	-1.896287e-08	0.9060367	-1.9564383e-17	0.21290128
3.0003619882385237e-10	-2.897105e-09	-2.4098647e-08	0.9092573	-1.9461101e-17	0.21316713
3.0250499098602575e-10	8.230412e-10	-2.9629483e-08	0.9125564	-1.9328663e-17	0.21251729
3.0502314705297077e-10	6.5843295e-09	-3.63455e-08	0.9157124	-1.9149905e-17	0.21214792
3.0754133003339265e-10	1.580239e-08	-4.411501e-08	0.91783774	-1.8912163e-17	0.21204004
3.1001016643884667e-10	2.8839365e-08	-5.1357773e-08	0.91730636	-1.8609031e-17	0.2118315
3.1252837136564607e-10	4.7349562e-08	-5.629602e-08	0.9112731	-1.8233812e-17	0.21428362
3.1504659549343396e-10	6.929596e-08	-5.2806325e-08	0.89646006	-1.7851203e-17	0.22729814
3.175154480342509e-10	9.346456e-08	-4.4641755e-08	0.8733196	-1.7625768e-17	0.25573224
3.200337024235858e-10	1.3010636e-07	-3.516032e-08	0.84467775	-1.7778863e-17	0.2331209
3.225025868657678e-10	1.5644368e-07	2.897105e-09	0.81278944	-1.8231074e-17	0.20294333
3.250209928675866e-10	1.4149724e-07	6.136595e-08	0.7770732	-1.8704423e-17	0.19601059
3.275396639119198e-10	9.4732044e-08	1.055468e-07	0.7410605	-1.9068088e-17	0.20028113
3.3000895137178315e-10	4.2600615e-08	1.227319e-07	0.708603	-1.9318525e-17	0.20647565
3.3252710846122226e-10	-1.6460824e-09	1.1680601e-07	0.68061066	-1.948686e-17	0.20984066
3.3504521084207365e-10	-3.1999843e-08	9.4155915e-08	0.6586669	-1.9588704e-17	0.2118862
3.3751397139460843e-10	-4.816437e-08	6.610667e-08	0.6429364	-1.9643932e-17	0.21180993
3.4003208585091046e-10	-5.2147893e-08	3.897923e-08	0.63251555	-1.9672046e-17	0.21049006
3.425008313724276e-10	-4.7654087e-08	1.817275e-08	0.627052	-1.9684427e-17	0.21115515
3.450189891615958e-10	-3.919322e-08	4.3456576e-09	0.6253915	-1.9690105e-17	0.21113439
3.4753717295581187e-10	-3.11768e-08	-3.1604783e-09	0.62706393	-1.9694108e-17	0.21115884
3.5000601200395213e-10	-2.3818814e-08	-6.847703e-09	0.631485	-1.9699425e-17	0.2108549
3.5252425306554593e-10	-1.8115138e-08	-9.613121e-09	0.63832664	-1.9707906e-17	0.21072471
3.55042467390902e-10	-1.2592531e-08	-9.744808e-09	0.64701486	-1.97202e-17	0.21132429
3.5751131969930483e-10	-8.362099e-09	-1.1325047e-08	0.65692353	-1.973609e-17	0.21105103
3.600295528856294e-10	-3.3003953e-09	-1.0403241e-08	0.6681427	-1.9756041e-17	0.21096566
3.6254778298304225e-10	2.8806443e-11	-9.481435e-09	0.68023664	-1.9779397e-17	0.21169396
3.650166403029349e-10	1.8600731e-09	-6.716016e-09	0.6927261	-1.980514e-17	0.21170898
3.675348613711354e-10	3.0864045e-09	-5.267464e-09	0.7059062	-1.9833776e-17	0.21140328
3.700036940037705e-10	3.1440175e-09	-3.4238514e-09	0.71907985	-1.9863644e-17	0.21121229
3.725218933632526e-10	1.8024603e-09	-2.3868196e-09	0.7326064	-1.989538e-17	0.21208337
3.750401155866976e-10	2.3374371e-09	-3.555538e-09	0.7460638	-1.992777e-17	0.21291086
3.7750891756746124e-10	3.3250864e-09	-4.0822843e-09	0.75903445	-1.995952e-17	0.21382512
3.8002711446136263e-10	4.938247e-09	-3.1604783e-09	0.77186924	-1.9991185e-17	0.21486948
3.8254529346362453e-10	5.9588183e-09	-5.2674637e-10	0.78412044	-2.002133e-17	0.21612886
3.850140775566133e-10	4.938247e-09	2.5843494e-09	0.79537535	-2.0048628e-17	0.21751639
3.875322397941239e-10	3.456773e-09	4.411501e-09	0.80589265	-2.0073448e-17	0.21890874
3.9000100841582675e-10	1.316866e-09	4.6748743e-09	0.8150988	-2.0094318e-17	0.22001293
3.9251914434133326e-10	-1.3168659e-10	4.312736e-09	0.82325286	-2.011187e-17	0.22286622
3.950372566564099e-10	6.5843296e-11	4.609031e-09	0.8301309	-2.012579e-17	0.22435962
3.975060029176651e-10	-2.9629485e-10	4.4773443e-09	0.83569527	-2.0136283e-17	0.22558628
4.0002408835989213e-10	-2.6337318e-10	4.493805e-09	0.8402994	-2.0144235e-17	0.22657862
4.025421779090289e-10	0	4.609031e-09	0.8439935	-2.0149868e-17	0.22789699
4.050108720465976e-10	1.975299e-10	4.3456576e-09	0.8469045	-2.0153546e-17	0.22801118
4.0752894876791315e-10	-1.975299e-10	4.4773443e-09	0.8493097	-2.0155776e-17	0.22840796
4.100470264239089e-10	-3.292165e-10	3.9505976e-09	0.85127944	-2.0156812e-17	0.22947192
4.125157141166132e-10	-3.6213813e-10	3.2921648e-09	0.8528907	-2.0156947e-17	0.23007174
4.150337833013508e-10	-9.876495e-11	3.555538e-09	0.85428673	-2.0156424e-17	0.23045407
4.1750247357322167e-10	-9.547279e-10	2.99587e-09	0.85547024	-2.0155448e-17	0.23064162
4.2002052951384377e-10	-3.292165e-10	1.9752988e-09	0.8565317	-2.0154123e-17	0.23069428
4.2253860560820503e-10	4.115206e-10	1.9094557e-09	0.857478	-2.015257e-17	0.23064475
4.250073075380381e-10	1.1522577e-09	2.1728288e-09	0.8583169	-2.0150894e-17	0.23106934
4.2752537066876076e-10	1.316866e-09	2.2386721e-09	0.8590994	-2.0149086e-17	0.23156542
4.3004344785794757e-10	8.888845e-10	2.897105e-09	0.8598208	-2.014721e-17	0.23197022
4.325121340042574e-10	1.1193361e-09	2.2057505e-09	0.8604789	-2.0145334e-17	0.23229356
4.350302181442492e-10	1.218101e-09	2.1728288e-09	0.86110723	-2.0143398e-17	0.23256138
4.3754828623466774e-10	1.6954649e-09	1.5143958e-09	0.8616987	-2.0141456e-17	0.23281342
4.4001698417571277e-10	2.436202e-09	2.1069855e-09	0.86224735	-2.0139548e-17	0.23303394
4.425350555903046e-10	2.633732e-09	2.633732e-09	0.86277914	-2.0137604e-17	0.23321609
4.4500375979384e-10	2.7983402e-09	2.7654186e-09	0.8632765	-2.0135705e-17	0.23335919
4.475218351359688e-10	2.8312617e-09	2.8312617e-09	0.86376196	-2.0133778e-17	0.23347333
4.5003991164923895e-10	3.1604783e-09	3.8189114e-09	0.86422795	-2.0131856e-17	0.23355654
4.5250860568099093e-10	2.6995752e-09	3.6213814e-09	0.8646678	-2.012998e-17	0.23361397
4.550266856104744e-10	2.534967e-09	3.753068e-09	0.86510104	-2.012807e-17	0.23364769
4.5754475918804557e-10	2.2715938e-09	3.6872247e-09	0.8655202	-2.012617e-17	0.23366006
4.600134584795955e-10	2.0082205e-09	4.609031e-09	0.86591893	-2.012431e-17	0.23365232
4.625315281630552e-10	2.0740638e-09	4.872404e-09	0.86631465	-2.0122412e-17	0.23363739
4.650002354049752e-10	2.0740638e-09	4.7407176e-09	0.86669266	-2.012055e-17	0.23361783
4.675182969276354e-10	1.9752988e-09	4.2798143e-09	0.8670695	-2.0118654e-17	0.233581
4.700363785903986e-10	2.5678886e-09	4.411501e-09	0.8674384	-2.0116753e-17	0.23352976
4.725050692189869e-10	2.3045155e-09	4.213971e-09	0.867793	-2.0114879e-17	0.23346356
4.750231454225742e-10	1.679004e-09	4.7407176e-09	0.8681487	-2.011296e-17	0.23338264
4.775412220338777e-10	1.7119257e-09	5.2016205e-09	0.86849886	-2.0111029e-17	0.23328803
4.800099189870251e-10	1.316866e-09	4.8065605e-09	0.8688378	-2.0109125e-17	0.23318127
4.825279919692432e-10	6.9135464e-10	5.333307e-09	0.8691795	-2.0107163e-17	0.23306078
4.850460752300208e-10	4.609031e-10	5.135777e-09	0.86951804	-2.0105179e-17	0.23292524
4.875147706158163e-10	3.950598e-10	4.938247e-09	0.86984736	-2.0103214e-17	0.2327806
4.900328328786858e-10	9.218062e-10	5.069934e-09	0.8701813	-2.0101184e-17	0.23262164
4.925015382202416e-10	3.950598e-10	5.3991505e-09	0.8705074	-2.0099162e-17	0.23245066
4.950196119402376e-10	3.2921648e-11	5.0040905e-09	0.8708394	-2.0097068e-17	0.23226404
4.975376887754555e-10	2.9629485e-10	4.872404e-09	0.8711713	-2.0094932e-17	0.23206353
5.000063781055745e-10	9.876495e-11	4.7407176e-09	0.87149715	-2.0092801e-17	0.23185274
5.025244463937204e-10	-1.3168659e-10	4.872404e-09	0.8718307	-2.0090581e-17	0.23162463
5.050425175773194e-10	-1.6460824e-10	5.3991505e-09	0.8721658	-2.0088305e-17	0.23137887
5.075112094061718e-10	-1.7119257e-09	5.2016205e-09	0.8724967	-2.0086021e-17	0.23112322
5.100292900152927e-10	-2.1728288e-09	4.872404e-09	0.8728372	-2.0083631e-17	0.23084673
5.125473628699239e-10	-2.0411421e-09	4.2798143e-09	0.87318134	-2.008117e-17	0.23055087
5.150160476327758e-10	-9.218062e-10	4.016441e-09	0.8735229	-2.0078684e-17	0.2302434
5.17534118140209e-10	-1.975299e-10	4.213971e-09	0.8738765	-2.0076064e-17	0.22991015
5.200028306354092e-10	3.6213813e-10	4.8065605e-09	0.87422884	-2.007341e-17	0.22956099
5.225208913233829e-10	1.3168659e-10	4.5431876e-09	0.8745948	-2.00706e-17	0.2291835
5.250389694845838e-10	-1.6460824e-10	5.267464e-09	0.8749682	-2.006768e-17	0.22877884
5.275076657234385e-10	-6.5843296e-11	5.464994e-09	0.8753426	-2.0064698e-17	0.22835584
5.300257304916464e-10	-2.6337318e-10	5.2016205e-09	0.875734	-2.0061525e-17	0.22789699
5.325438123881157e-10	-3.950598e-10	5.2016205e-09	0.8761358	-2.0058203e-17	0.22740337
5.350125037599713e-10	-2.3045155e-10	5.333307e-09	0.87654126	-2.0054789e-17	0.22688673
5.37530593539961e-10	-1.316866e-09	5.333307e-09	0.87696767	-2.0051124e-17	0.22632217
5.400486477573412e-10	-1.8436124e-09	5.5966805e-09	0.87740856	-2.0047257e-17	0.22571203
5.425173606093442e-10	-1.2510226e-09	5.530837e-09	0.8778566	-2.0043251e-17	0.225457
5.450354317035347e-10	-1.316866e-09	5.8600533e-09	0.87833107	-2.0038912e-17	0.22528201
5.475041298082902e-10	-1.7119257e-09	6.5184866e-09	0.8788155	-2.003439e-17	0.22507301
5.50022215375607e-10	-2.2386721e-09	6.3209566e-09	0.87933135	-2.0029466e-17	0.2248146
5.525402806471931e-10	-2.7654186e-09	6.18927e-09	0.8798716	-2.0024183e-17	0.22450852
5.550089934424501e-10	-3.358008e-09	6.716016e-09	0.8804277	-2.0018615e-17	0.22415161
5.575270715098404e-10	-3.851833e-09	6.847703e-09	0.881025	-2.0012485e-17	0.2237219
5.600451415361717e-10	-4.5431876e-09	5.9258967e-09	0.8816561	-2.000583e-17	0.22321843
5.625138565203876e-10	-4.4773443e-09	4.938247e-09	0.88231206	-1.9998727e-17	0.22263663
5.650319331449158e-10	-4.4773443e-09	5.3991505e-09	0.8830233	-1.99908e-17	0.22194207
5.675006320852243e-10	-5.333307e-09	5.464994e-09	0.8837676	-1.998225e-17	0.22114293
5.700187127824328e-10	-6.3538783e-09	5.2016205e-09	0.88458097	-1.9972607e-17	0.22023131
5.725367927796413e-10	-6.9793895e-09	5.9258967e-09	0.8854563	-1.9961863e-17	0.22013305
5.750055110741659e-10	-7.5719795e-09	5.267464e-09	0.8863834	-1.9950073e-17	0.219937
5.775235938347769e-10	-8.7242364e-09	4.4773443e-09	0.8874093	-1.9936505e-17	0.21958181
5.800416744767554e-10	-9.876494e-09	4.5431876e-09	0.8885285	-1.9921072e-17	0.21902591
5.825103933797073e-10	-1.0798301e-08	4.016441e-09	0.8897306	-1.9903724e-17	0.2182339
5.85028485480776e-10	-1.2312697e-08	3.094635e-09	0.89108026	-1.9883265e-17	0.2171006
5.875465904410276e-10	-1.2905287e-08	2.2386721e-09	0.89257544	-1.9859324e-17	0.21643881
5.90015294529263e-10	-1.4057544e-08	1.2510226e-09	0.89420575	-1.9831607e-17	0.21639967
5.925334031639634e-10	-1.5604861e-08	-3.292165e-10	0.8960639	-1.9797805e-17	0.21590388
5.950021432278295e-10	-1.8073985e-08	-2.3703588e-09	0.89810765	-1.9757672e-17	0.21476015
5.975202587804237e-10	-1.995052e-08	-5.8847447e-09	0.9004516	-1.9707375e-17	0.21414624
6.000383747030141e-10	-2.2024583e-08	-9.44234e-09	0.90308744	-1.964449e-17	0.21418661
6.025071306953412e-10	-2.5250904e-08	-1.4222152e-08	0.9059693	-1.956635e-17	0.21294698
6.050252641136428e-10	-2.8049245e-08	-2.1629523e-08	0.9091847	-1.946366e-17	0.21315952
6.075434067040015e-10	-3.0814665e-08	-3.2197374e-08	0.91254896	-1.9329007e-17	0.21252154
6.100121933728187e-10	-3.2263216e-08	-4.648537e-08	0.91565037	-1.915438e-17	0.21213348
6.125303611535901e-10	-3.0057464e-08	-6.544824e-08	0.9178121	-1.8918092e-17	0.21205136
6.150485386698535e-10	-2.1728289e-08	-8.83617e-08	0.91731244	-1.8609809e-17	0.2118312
6.175173689323249e-10	-5.464994e-09	-1.11143486e-07	0.91148907	-1.824245e-17	0.21414371
6.200355835132065e-10	2.2322935e-08	-1.3036973e-07	0.8968887	-1.785875e-17	0.22686288
6.225044350032235e-10	5.8765142e-08	-1.4748899e-07	0.8739014	-1.7627374e-17	0.25512123
6.250226672082194e-10	1.1022168e-07	-1.7448474e-07	0.8453442	-1.7771074e-17	0.23411039
6.275409271669582e-10	1.8185919e-07	-1.5940662e-07	0.81286716	-1.8229936e-17	0.20300749
6.300099316685005e-10	2.2524992e-07	-8.072388e-08	0.7778702	-1.8695132e-17	0.19611797
6.325286084239313e-10	2.2090427e-07	1.9456694e-08	0.7418268	-1.9061381e-17	0.2000311
6.350473375050604e-10	1.785341e-07	9.866618e-08	0.70867205	-1.9318062e-17	0.20645821
6.375161218981666e-10	1.2141504e-07	1.3866598e-07	0.6811581	-1.9483971e-17	0.20965888
6.400341399161813e-10	6.18927e-08	1.4617213e-07	0.6590826	-1.9587038e-17	0.2118675
6.425028770424185e-10	1.3958779e-08	1.3010636e-07	0.6432263	-1.9643051e-17	0.21180059
6.45020933840882e-10	-1.8897026e-08	1.031106e-07	0.6326876	-1.9671635e-17	0.21044955
6.475390317489584e-10	-3.530024e-08	7.506136e-08	0.6270601	-1.968441e-17	0.21115571
6.500077857199204e-10	-4.0213795e-08	5.1226085e-08	0.62539047	-1.9690015e-17	0.21113494
6.525259450519893e-10	-3.8477175e-08	3.3711768e-08	0.6269948	-1.9694016e-17	0.21115884
6.550441108768275e-10	-3.5349622e-08	2.1069855e-08	0.63147146	-1.9699412e-17	0.21085832
6.575129139250177e-10	-3.1094498e-08	1.237854e-08	0.6381547	-1.9707679e-17	0.21069025
6.600310919510108e-10	-2.6950485e-08	5.530837e-09	0.6468071	-1.9719883e-17	0.21133736
6.625492845130864e-10	-2.2217998e-08	7.901196e-10	0.6568977	-1.9736048e-17	0.21104734
6.650181134269275e-10	-1.6790041e-08	-3.4238514e-09	0.66788536	-1.975556e-17	0.21101318
6.675362970847673e-10	-1.23991155e-08	-6.716016e-09	0.67996234	-1.9778848e-17	0.21170047
6.700051114228175e-10	-8.246873e-09	-7.111076e-09	0.6924397	-1.9804535e-17	0.21167324
6.725233114792948e-10	-6.650173e-09	-6.4526433e-09	0.7056118	-1.983312e-17	0.21133083
6.750415003831366e-10	-4.839482e-09	-4.872404e-09	0.71904653	-1.986357e-17	0.21122168
6.775102974778071e-10	-3.473234e-09	-5.1028555e-09	0.7323078	-1.9894666e-17	0.21214196
6.80028471615588e-10	-1.4814742e-09	-4.411501e-09	0.74576825	-1.9927054e-17	0.2129484
6.825466199804246e-10	-1.5802392e-09	-3.1604783e-09	0.75900173	-1.995944e-17	0.21382794
6.850153831508605e-10	8.888845e-10	-5.2016205e-09	0.77159065	-1.9990495e-17	0.2148639
6.875335263581886e-10	2.8641833e-09	-2.5514277e-09	0.78385675	-2.0020684e-17	0.21609855
6.900022911695204e-10	2.534967e-09	8.230412e-11	0.7951305	-2.004804e-17	0.21745232
6.925204041831058e-10	2.0411421e-09	1.6193336e-09	0.8056712	-2.0072935e-17	0.21881238
6.950385118380936e-10	3.892985e-09	1.716041e-09	0.8150761	-2.0094267e-17	0.22001812
6.975072451658644e-10	6.0575833e-09	3.0287917e-09	0.8230857	-2.011152e-17	0.22285166
7.000253335314111e-10	7.802431e-09	5.711906e-09	0.82999176	-2.0125518e-17	0.2242953
7.02543405017943e-10	8.592551e-09	8.164569e-09	0.83568186	-2.0136258e-17	0.22558787
7.050120968261687e-10	7.555518e-09	1.0320937e-08	0.8402076	-2.0144085e-17	0.22653297
7.075301327548775e-10	3.9835193e-09	1.2131627e-08	0.8439198	-2.0149764e-17	0.22788273
7.100481740095075e-10	1.9752988e-09	1.1325047e-08	0.8468974	-2.0153534e-17	0.22801277
7.125168319283362e-10	7.901196e-10	8.9546885e-09	0.8492612	-2.015574e-17	0.22837795
7.150348673163884e-10	1.1851794e-09	7.637823e-09	0.8512394	-2.0156797e-17	0.22945304
7.175035171779289e-10	1.6460824e-09	7.242763e-09	0.8528569	-2.015695e-17	0.23006259
7.200215426322681e-10	2.5678886e-09	7.1769195e-09	0.8542578	-2.0156441e-17	0.23044807
7.225395599441859e-10	2.9300267e-09	7.901195e-09	0.85546714	-2.0155453e-17	0.23064214
7.250082196460804e-10	2.6008102e-09	7.736587e-09	0.8565094	-2.0154158e-17	0.2306935
7.275262613456678e-10	8.888845e-10	7.2756845e-09	0.8574579	-2.0152605e-17	0.23064813
7.300442965336712e-10	-1.218101e-09	6.847703e-09	0.8583147	-2.0150897e-17	0.23106831
7.325129454155475e-10	-2.2715938e-09	6.3209566e-09	0.8590825	-2.0149124e-17	0.23155607
7.350309846774982e-10	-1.218101e-09	4.0493626e-09	0.8598052	-2.014725e-17	0.23196217
7.375490175616764e-10	9.547279e-10	2.7654186e-09	0.860477	-2.0145337e-17	0.23229356
7.400176809231891e-10	2.4032802e-09	2.8312617e-09	0.8610936	-2.0143441e-17	0.23255621
7.425357131786805e-10	3.1275567e-09	4.213971e-09	0.8616858	-2.0141497e-17	0.23280773
7.450043803713721e-10	1.0534927e-09	5.530837e-09	0.8622351	-2.013959e-17	0.23302929
7.475224294054752e-10	-4.9382474e-11	4.5431876e-09	0.86276746	-2.0137646e-17	0.23321377
7.500404499601211e-10	-5.5966803e-10	3.358008e-09	0.86327505	-2.013571e-17	0.23335919
7.525091218616146e-10	2.6337318e-10	2.633732e-09	0.8637512	-2.013382e-17	0.23347102
7.550271755521462e-10	1.0864144e-09	1.5473175e-09	0.86421764	-2.0131899e-17	0.23355603
7.57545203983514e-10	2.2715938e-09	1.9094557e-09	0.86466646	-2.0129984e-17	0.23361345
7.600138645315082e-10	2.2715938e-09	1.9094557e-09	0.8650913	-2.0128113e-17	0.23364744
7.625318999692284e-10	2.5020452e-09	3.0617133e-09	0.8655108	-2.0126213e-17	0.23366006
7.650005757595248e-10	1.876534e-09	3.6872247e-09	0.8659099	-2.012435e-17	0.23365232
7.675186132791606e-10	1.6460824e-09	3.0287917e-09	0.8663058	-2.0122454e-17	0.23363689
7.700366568436509e-10	2.0082205e-09	2.1069855e-09	0.8666915	-2.0120556e-17	0.23361808
7.725053291358615e-10	2.633732e-09	2.897105e-09	0.8670611	-2.0118697e-17	0.23358306
7.75023373443914e-10	3.2263217e-09	2.8641833e-09	0.86743003	-2.0116793e-17	0.23353077
7.775414006648892e-10	2.9300267e-09	3.456773e-09	0.8677919	-2.0114887e-17	0.23346432
7.800100605381234e-10	2.732497e-09	3.4238514e-09	0.86814076	-2.0113004e-17	0.23338598
7.825281130310267e-10	2.436202e-09	3.3250864e-09	0.868491	-2.0111075e-17	0.23329036
7.85046152118298e-10	2.7654186e-09	2.9629483e-09	0.8688367	-2.0109131e-17	0.2331823
7.875148111991309e-10	2.897105e-09	2.897105e-09	0.8691718	-2.0107209e-17	0.23306336
7.900328604206262e-10	2.8312617e-09	3.6872247e-09	0.86951035	-2.0105225e-17	0.23293015
7.925015204631366e-10	3.094635e-09	4.609031e-09	0.86983967	-2.0103258e-17	0.23278576
7.950195616042857e-10	2.7654186e-09	4.213971e-09	0.8701737	-2.0101228e-17	0.23262449
7.975376004384974e-10	1.9752988e-09	4.609031e-09	0.87050647	-2.0099169e-17	0.23245223
8.000062697305633e-10	1.7119257e-09	4.7407176e-09	0.87083185	-2.0097114e-17	0.2322687
8.025243081365767e-10	1.9094557e-09	5.333307e-09	0.8711637	-2.0094983e-17	0.2320682
8.050423440738751e-10	9.218062e-10	4.4773443e-09	0.8714962	-2.0092808e-17	0.23185404
8.075110320943498e-10	1.4485525e-09	4.4773443e-09	0.871823	-2.009063e-17	0.2316293
8.100290658926337e-10	1.3827093e-09	4.213971e-09	0.8721581	-2.0088359e-17	0.23138614
8.12547111071955e-10	1.1193361e-09	4.2798143e-09	0.8724956	-2.0086031e-17	0.23112558
8.150157603435728e-10	1.6131608e-09	4.1481276e-09	0.8728294	-2.0083686e-17	0.23085272
8.175337990707765e-10	2.0740638e-09	4.609031e-09	0.8731734	-2.0081227e-17	0.23055947
8.200024780300727e-10	2.1728288e-09	5.0040905e-09	0.87351495	-2.0078742e-17	0.23025124
8.225205199799879e-10	2.5020452e-09	5.3991505e-09	0.87386835	-2.0076128e-17	0.22991827
8.250385583490756e-10	1.7119257e-09	6.3209566e-09	0.87422764	-2.0073417e-17	0.22956283
8.27507222391847e-10	1.1193361e-09	5.79421e-09	0.8745862	-2.0070667e-17	0.22919188
8.300252685785557e-10	1.2510226e-09	5.464994e-09	0.8749596	-2.0067746e-17	0.22878882
8.3254330523611e-10	1.6460824e-09	6.0575833e-09	0.8753413	-2.0064708e-17	0.228359
8.350119693158487e-10	1.4156308e-09	6.650173e-09	0.8757248	-2.0061601e-17	0.22790779
8.375300062681859e-10	1.218101e-09	7.506136e-09	0.87612647	-2.0058283e-17	0.22741792
8.400480648387135e-10	6.5843296e-11	6.9793895e-09	0.8765398	-2.0054799e-17	0.22688885
8.425167176651609e-10	-3.292165e-10	7.1769195e-09	0.8769577	-2.005121e-17	0.22633465
8.450347658978704e-10	-7.2427625e-10	6.913546e-09	0.87739825	-2.004735e-17	0.22572772
8.475034249455112e-10	-1.8106907e-09	6.650173e-09	0.8778459	-2.0043346e-17	0.22546074
8.500214734422771e-10	-9.876494e-10	6.5184866e-09	0.87831986	-2.0039016e-17	0.22528656
8.525395114823769e-10	-1.0534927e-09	7.111076e-09	0.8788137	-2.0034409e-17	0.22507355
8.550082033458921e-10	-1.777769e-09	7.506136e-09	0.8793192	-2.0029581e-17	0.22482263
8.575262338272817e-10	-2.6666536e-09	7.4402924e-09	0.87985885	-2.0024309e-17	0.22451602
8.600442918738973e-10	-3.555538e-09	6.716016e-09	0.88042563	-2.0018634e-17	0.2241535
8.625129650172944e-10	-3.555538e-09	6.4526433e-09	0.88101083	-2.0012629e-17	0.22373374
8.650310005944019e-10	-3.3909298e-09	6.650173e-09	0.88164115	-2.000599e-17	0.22323
8.675490525382007e-10	-3.9505976e-09	6.7818595e-09	0.8823097	-1.9998752e-17	0.22263932
8.700177263918391e-10	-4.9053255e-09	6.716016e-09	0.8830064	-1.9990992e-17	0.22195967
8.725357854398259e-10	-6.2551133e-09	5.99174e-09	0.88376486	-1.9982285e-17	0.22114594
8.750044617072705e-10	-7.703666e-09	5.3003855e-09	0.8845615	-1.9972842e-17	0.22023404
8.775225093818018e-10	-7.967039e-09	4.938247e-09	0.8854354	-1.9962128e-17	0.22013661
8.800405523858744e-10	-8.263334e-09	4.609031e-09	0.8863799	-1.995012e-17	0.21993835
8.825092519290434e-10	-8.9546885e-09	3.6213814e-09	0.8873845	-1.9936838e-17	0.21959193
8.850273062819791e-10	-9.415592e-09	3.4238514e-09	0.88850135	-1.992145e-17	0.21904236
8.875453646027889e-10	-1.0864144e-08	2.897105e-09	0.8897259	-1.9903792e-17	0.21823719
8.900140676176019e-10	-1.2246853e-08	1.777769e-09	0.89104736	-1.9883777e-17	0.21713132
8.925321276204693e-10	-1.3695406e-08	3.950598e-10	0.8925389	-1.9859928e-17	0.21643826
8.950008167892158e-10	-1.4946428e-08	-9.218062e-10	0.89416486	-1.9832322e-17	0.21640578
8.975188942612307e-10	-1.6460824e-08	-3.2921648e-09	0.89601827	-1.9798666e-17	0.21592224
9.000369720766894e-10	-1.9259165e-08	-5.3991505e-09	0.89809966	-1.9757836e-17	0.21476547
9.025056870209507e-10	-2.1695367e-08	-9.086375e-09	0.90039384	-1.9708675e-17	0.21413304
9.050237940682585e-10	-2.4230333e-08	-1.4553426e-08	0.90302265	-1.9646129e-17	0.21419896
9.075418936537166e-10	-2.6732378e-08	-2.0279735e-08	0.90595794	-1.9566681e-17	0.21295431
9.100106329133229e-10	-2.9102738e-08	-2.9497798e-08	0.90910727	-1.9466376e-17	0.21314965
9.125287583603575e-10	-3.0979272e-08	-4.2040945e-08	0.9124709	-1.9332589e-17	0.21256053
9.150468863495058e-10	-3.0320837e-08	-5.8600534e-08	0.91563976	-1.9155137e-17	0.21213093
9.175156573680085e-10	-2.6139789e-08	-7.86169e-08	0.9177834	-1.8924384e-17	0.21206412
9.200338216345367e-10	-1.5127497e-08	-1.0304476e-07	0.91737354	-1.861785e-17	0.21182695
9.225026296815361e-10	4.4444226e-09	-1.286578e-07	0.91171503	-1.8251667e-17	0.21398883
9.250208358909693e-10	3.7312574e-08	-1.4893754e-07	0.8973416	-1.7866883e-17	0.22637078
9.275390442187647e-10	8.250165e-08	-1.6632016e-07	0.87400085	-1.7627672e-17	0.25501138
9.300078960563775e-10	1.4610627e-07	-1.9318423e-07	0.846054	-1.776294e-17	0.23512775
9.325261283776577e-10	2.297931e-07	-1.6855884e-07	0.8136708	-1.8218119e-17	0.20365246
9.350445134870743e-10	2.7423732e-07	-6.9431756e-08	0.778007	-1.8693536e-17	0.1961342
9.375138025466604e-10	2.5792465e-07	4.4641755e-08	0.7426472	-1.9054152e-17	0.19974293
9.400325708485392e-10	1.9970273e-07	1.3287178e-07	0.70939386	-1.9313159e-17	0.20626825
9.425012532533073e-10	1.2806521e-07	1.7461642e-07	0.68174773	-1.9480843e-17	0.20944741
9.450192130692827e-10	5.827132e-08	1.7619666e-07	0.6595307	-1.9585231e-17	0.21183772
9.475372957851403e-10	2.4855844e-09	1.5275646e-07	0.6432773	-1.9642896e-17	0.21180002
9.500059633214187e-10	-3.23949e-08	1.1878131e-07	0.63287437	-1.9671189e-17	0.21040675
9.525240328290397e-10	-5.0007984e-08	8.4147736e-08	0.6271436	-1.9684215e-17	0.21115372
9.550421059961773e-10	-5.4024426e-08	5.6361863e-08	0.6253904	-1.9689997e-17	0.21113552
9.575108399070766e-10	-5.0641727e-08	3.5292008e-08	0.62692225	-1.9693915e-17	0.21116056
9.600289730391306e-10	-4.491336e-08	2.1069855e-08	0.63133717	-1.9699253e-17	0.21087456
9.6254713390762e-10	-3.8547135e-08	1.0008181e-08	0.63812417	-1.970764e-17	0.21068339
9.650159169243033e-10	-3.2304367e-08	2.3703588e-09	0.6465857	-1.9719554e-17	0.21135128
9.675340867461849e-10	-2.6989579e-08	-1.5802392e-09	0.6566464	-1.973562e-17	0.21100295
9.700028815568416e-10	-2.180442e-08	-6.0575833e-09	0.6676108	-1.9755053e-17	0.21106356
9.725210760586425e-10	-1.708222e-08	-7.506136e-09	0.6796697	-1.9778267e-17	0.21170558
9.750392422186848e-10	-1.218101e-08	-8.888845e-09	0.6923885	-1.9804424e-17	0.21166757
9.775080319865654e-10	-8.609011e-09	-9.3497485e-09	0.70529795	-1.9832424e-17	0.21124955
9.800261788279239e-10	-5.2839244e-09	-8.9546885e-09	0.7187281	-1.9862835e-17	0.21130809
9.825443341641489e-10	-3.1604783e-09	-7.901195e-09	0.73225415	-1.9894539e-17	0.21215244
9.85013081788426e-10	-3.1604783e-09	-5.135777e-09	0.7454525	-1.9926283e-17	0.2129842
9.875312132551398e-10	-3.8847547e-09	-2.6666536e-09	0.7586933	-1.9958684e-17	0.21384254
9.900493461710567e-10	-4.1481276e-09	-2.732497e-09	0.77154034	-1.9990373e-17	0.21486138
9.925180911977891e-10	-3.2921648e-09	-3.8189114e-09	0.7835752	-2.0019993e-17	0.21606019
9.950361971239684e-10	-6.9135464e-10	-3.695455e-09	0.795086	-2.0047931e-17	0.2174407
9.975049088838516e-10	2.4691236e-09	-1.7798266e-09	0.8054345	-2.0072385e-17	0.21870746
1.0000229973829051e-09	4.5761093e-09	2.3909348e-09	0.81486773	-2.0093807e-17	0.22005853
1.0025410577069229e-09	4.2468926e-09	6.0575833e-09	0.823055	-2.0111456e-17	0.22284897
1.0050097444942488e-09	3.456773e-09	8.296255e-09	0.8298426	-2.0125228e-17	0.22422455
1.0075277790548469e-09	3.0617133e-09	1.0139868e-08	0.83556014	-2.013604e-17	0.22559027
1.010045817073327e-09	1.8436124e-09	1.06995355e-08	0.8401906	-2.0144056e-17	0.22652555
1.0125144460682327e-09	1.7119257e-09	1.058431e-08	0.8438409	-2.0149653e-17	0.227869
1.015032454778239e-09	1.9423774e-09	9.711886e-09	0.84683394	-2.0153465e-17	0.2280183
1.017501067730057e-09	1.4156308e-09	1.0074024e-08	0.84920937	-2.0155705e-17	0.22834478
1.0200190594493665e-09	-3.2921648e-11	1.0271554e-08	0.85119665	-2.0156787e-17	0.22943524
1.022537054147414e-09	-1.2016401e-09	9.613121e-09	0.8528505	-2.015695e-17	0.2300605
1.0250056602641151e-09	-1.5802392e-09	8.395021e-09	0.8542269	-2.015646e-17	0.23044208
1.0275236431902973e-09	-1.316866e-09	7.3744495e-09	0.85544026	-2.0155482e-17	0.23063953
1.030041641873339e-09	-1.0205711e-09	6.3868e-09	0.8565051	-2.0154163e-17	0.23069455
1.0325102679184554e-09	-4.2798143e-10	6.716016e-09	0.8574364	-2.0152646e-17	0.23065075
1.0350282682961757e-09	-4.938247e-10	7.1769195e-09	0.85829514	-2.015094e-17	0.23105504
1.0375462685063076e-09	-1.1193361e-09	7.045233e-09	0.85907936	-2.0149134e-17	0.23155424
1.0400148812399314e-09	-1.3497876e-09	6.5184866e-09	0.8597886	-2.0147296e-17	0.23195364
1.04253290050165e-09	-1.6460824e-09	6.1234267e-09	0.8604615	-2.0145385e-17	0.23228632
1.0450015259808607e-09	-1.0205711e-09	5.530837e-09	0.86107904	-2.0143489e-17	0.23255078
1.0475195326248247e-09	-5.5966803e-10	5.530837e-09	0.861672	-2.0141544e-17	0.23280153
1.0500375242770587e-09	-4.609031e-10	5.3991505e-09	0.86223274	-2.01396e-17	0.23302904
1.052506164472516e-09	-1.0864144e-09	4.8065605e-09	0.86275506	-2.0137694e-17	0.23320913
1.0550241740146852e-09	-7.571979e-10	4.213971e-09	0.86326313	-2.0135758e-17	0.23335737
1.0575421859226676e-09	-6.58433e-10	4.0822843e-09	0.86374915	-2.0133828e-17	0.23347077
1.0600108375535002e-09	-3.950598e-10	4.1481276e-09	0.8642066	-2.0131943e-17	0.23355448
1.0625288524977863e-09	-3.292165e-10	4.609031e-09	0.86465585	-2.0130028e-17	0.2336137
1.065046858563883e-09	-3.6213813e-10	4.4773443e-09	0.8650894	-2.0128123e-17	0.23364744
1.067515504521372e-09	-1.6460824e-10	3.8847547e-09	0.8655009	-2.0126257e-17	0.23365979
1.0700335219396772e-09	-5.2674637e-10	3.4896948e-09	0.8659081	-2.012436e-17	0.23365337
1.0725021545636386e-09	9.876495e-11	4.016441e-09	0.8662963	-2.0122497e-17	0.23363739
1.0750201542134383e-09	4.938247e-10	4.1810493e-09	0.86668235	-2.0120603e-17	0.2336186
1.0775381616179968e-09	1.0205711e-09	4.0822843e-09	0.8670594	-2.0118705e-17	0.23358281
1.0800067999278526e-09	5.2674637e-10	3.917676e-09	0.8674212	-2.0116837e-17	0.23353285
1.0825248184074416e-09	0	3.2921648e-09	0.86778325	-2.0114931e-17	0.23346639
1.0850428434686955e-09	3.6213813e-10	3.555538e-09	0.8681391	-2.0113012e-17	0.23338652
1.0875114671417705e-09	3.292165e-10	3.555538e-09	0.86848265	-2.0111121e-17	0.23329319
1.0900294768794367e-09	3.2921648e-11	3.4896948e-09	0.8688285	-2.0109178e-17	0.23318514
1.0925474858262198e-09	-4.2798143e-10	3.3250864e-09	0.86917025	-2.0107216e-17	0.2330644
1.0950161274717383e-09	3.950598e-10	3.0287917e-09	0.8695021	-2.0105275e-17	0.2329335
1.097534139991663e-09	1.4485525e-09	2.9629483e-09	0.86983824	-2.010327e-17	0.23278628
1.1000027738155603e-09	1.3497876e-09	3.4238514e-09	0.8701657	-2.010128e-17	0.23262888
1.1025207935475661e-09	8.5596286e-10	3.4238514e-09	0.8704984	-2.0099218e-17	0.23245612
1.1050388075127122e-09	1.316866e-09	2.8312617e-09	0.8708304	-2.0097124e-17	0.23226999
1.107507445369585e-09	1.6131608e-09	3.2263217e-09	0.8711558	-2.0095036e-17	0.23207365
1.110025458642484e-09	2.1728288e-09	3.4896948e-09	0.8714881	-2.0092859e-17	0.23185974
1.1125434722671287e-09	1.5143958e-09	3.753068e-09	0.8718215	-2.009064e-17	0.23163033
1.1150120930829181e-09	1.777769e-09	3.8189114e-09	0.87215	-2.0088415e-17	0.23139237
1.1175301137088893e-09	1.8436124e-09	4.5431876e-09	0.87248737	-2.0086086e-17	0.2311318
1.1200481253836597e-09	1.9423774e-09	4.872404e-09	0.87282777	-2.0083697e-17	0.23085506
1.1225167660314015e-09	1.4156308e-09	5.333307e-09	0.873165	-2.0081287e-17	0.23056652
1.125034778664053e-09	8.230412e-10	5.2016205e-09	0.8735134	-2.0078756e-17	0.23025359
1.127503406559132e-09	1.1193361e-09	5.0040905e-09	0.8738596	-2.007619e-17	0.2299269
1.1300214155375228e-09	1.2510226e-09	5.530837e-09	0.87421876	-2.0073485e-17	0.229572
1.1325394257536448e-09	1.1522577e-09	5.6625233e-09	0.87458456	-2.0070677e-17	0.2291945
1.1350080693357525e-09	1.2510226e-09	6.2551133e-09	0.87495047	-2.006782e-17	0.22879907
1.1375260896776252e-09	7.901196e-10	6.5184866e-09	0.875332	-2.0064786e-17	0.22836927
1.140044095113404e-09	6.5843296e-11	6.18927e-09	0.87572306	-2.0061616e-17	0.22791071
1.1425127439662847e-09	-3.292165e-10	6.650173e-09	0.8761165	-2.0058366e-17	0.22742902
1.1450307726840475e-09	-6.58433e-10	5.9258967e-09	0.8765296	-2.0054888e-17	0.22690289
1.147548780276598e-09	-6.58433e-10	5.7283667e-09	0.8769557	-2.005123e-17	0.22633837
1.1500174295949665e-09	-9.218062e-10	5.530837e-09	0.8773874	-2.0047445e-17	0.2257429
1.152535446564134e-09	-1.5143958e-09	5.9258967e-09	0.8778437	-2.004337e-17	0.2254618
1.1550040878923137e-09	-2.2715938e-09	5.267464e-09	0.8783081	-2.0039124e-17	0.22529136
1.157522104017795e-09	-1.9094557e-09	4.8065605e-09	0.8788014	-2.003452e-17	0.22507888
1.1600401086603327e-09	-2.2057505e-09	4.938247e-09	0.87931657	-2.0029604e-17	0.22482343
1.16250875420046e-09	-2.2386721e-09	5.0040905e-09	0.8798454	-2.0024441e-17	0.22452457
1.165026780148456e-09	-2.9629483e-09	4.938247e-09	0.88041157	-2.001878e-17	0.22416341
1.1675448099658139e-09	-3.3909298e-09	4.5431876e-09	0.8810079	-2.001266e-17	0.22373587
1.1700134569219835e-09	-3.2921648e-09	4.7407176e-09	0.8816253	-2.000616e-17	0.22324426
1.1725314837029913e-09	-3.4896948e-09	4.938247e-09	0.8822928	-1.999894e-17	0.2226547
1.1750001228356257e-09	-3.8847547e-09	5.8600533e-09	0.88298845	-1.9991195e-17	0.22197808
1.177518150047586e-09	-4.938247e-09	5.267464e-09	0.8837457	-1.9982506e-17	0.22116739
1.1800361750262318e-09	-5.3991505e-09	5.464994e-09	0.88455737	-1.9972891e-17	0.22023512
1.182504833832118e-09	-5.9258967e-09	4.8065605e-09	0.88541305	-1.9962403e-17	0.22013989
1.185022861460389e-09	-6.847703e-09	3.9835193e-09	0.8863558	-1.9950427e-17	0.21994518
1.1875408862948116e-09	-6.4526433e-09	3.8189114e-09	0.8873793	-1.9936909e-17	0.21959494
1.190009560901799e-09	-6.18927e-09	4.016441e-09	0.8884728	-1.9921856e-17	0.21905854
1.1925275897908468e-09	-6.9793895e-09	3.555538e-09	0.8896944	-1.9904258e-17	0.21826115
1.1950456319099457e-09	-8.427942e-09	3.358008e-09	0.8910404	-1.9883887e-17	0.21713768
1.1975142955444732e-09	-9.711886e-09	3.358008e-09	0.8925002	-1.986056e-17	0.2164366
1.200032348589105e-09	-1.1522577e-08	2.5020452e-09	0.89415634	-1.9832472e-17	0.21640718
1.2025010222283536e-09	-1.2213931e-08	1.1193361e-09	0.8959701	-1.9799572e-17	0.2159406
1.2050190887557296e-09	-1.3827092e-08	-1.3168659e-10	0.8980454	-1.9758944e-17	0.21480462
1.2075371570673723e-09	-1.5670704e-08	-1.3662484e-09	0.90038145	-1.9708953e-17	0.2141308
1.210005856565187e-09	-1.758016e-08	-4.8065605e-09	0.9029543	-1.964785e-17	0.21421185
1.2125239357330457e-09	-2.0148049e-08	-8.4444025e-09	0.905882	-1.9568883e-17	0.2130045
1.2150420212823155e-09	-2.2814703e-08	-1.3711866e-08	0.9090906	-1.9466958e-17	0.2131477
1.217510753403853e-09	-2.4987532e-08	-2.115216e-08	0.91238827	-1.9336356e-17	0.21260037
1.2200288748851991e-09	-2.6337318e-08	-3.055129e-08	0.915569	-1.9160148e-17	0.21211281
1.2225470107255987e-09	-2.7028673e-08	-4.332489e-08	0.917777	-1.8925739e-17	0.21206695
1.2250157632253167e-09	-2.4115108e-08	-5.9258966e-08	0.91743493	-1.8626309e-17	0.2118227
1.227533935263564e-09	-1.6032843e-08	-7.7168345e-08	0.91176325	-1.825366e-17	0.21395458
1.230002740784799e-09	3.4567732e-10	-9.3892545e-08	0.89781445	-1.7875548e-17	0.2258196
1.232520933506169e-09	2.376943e-08	-1.1022168e-07	0.8746545	-1.7629763e-17	0.25424826
1.235039150064447e-09	5.675692e-08	-1.3484707e-07	0.8462078	-1.7761199e-17	0.23534308
1.23750801193099e-09	1.07719636e-07	-1.3339852e-07	0.8145174	-1.820564e-17	0.20430832
1.240026374976013e-09	1.4850956e-07	-8.223828e-08	0.7789062	-1.8682974e-17	0.19622622
1.2425450493695648e-09	1.5634491e-07	-1.1884715e-08	0.7428254	-1.9052575e-17	0.19967714
1.245014407550984e-09	1.3685529e-07	4.533311e-08	0.7101602	-1.930792e-17	0.20604461
1.247532459367886e-09	1.0166205e-07	8.1514e-08	0.6818765	-1.9480158e-17	0.20939925
1.2500010539217927e-09	6.281451e-08	9.42876e-08	0.6600066	-1.9583294e-17	0.2117972
1.2525190877998032e-09	2.7423733e-08	9.0337004e-08	0.6436085	-1.9641885e-17	0.21178642
1.2550371087147201e-09	9.547279e-10	7.5588105e-08	0.6329154	-1.9671091e-17	0.21039677
1.257505775406031e-09	-1.4929968e-08	5.7942103e-08	0.627234	-1.968401e-17	0.2111523
1.2600238221475067e-09	-2.158837e-08	4.1744652e-08	0.62539136	-1.9689891e-17	0.21113466
1.2625419112951466e-09	-2.2814703e-08	2.9366111e-08	0.6269065	-1.9693892e-17	0.21116056
1.265010667940844e-09	-2.1053394e-08	1.9752989e-08	0.63119704	-1.969909e-17	0.21089278
1.2675288106390197e-09	-1.8312667e-08	1.4222152e-08	0.63793176	-1.9707388e-17	0.2106432
1.2700469486096217e-09	-1.6666585e-08	8.9546885e-09	0.64653724	-1.9719481e-17	0.21135384
1.2725157401326712e-09	-1.4255074e-08	4.4773443e-09	0.6563825	-1.9735176e-17	0.21095285
1.275033878162261e-09	-1.2197471e-08	1.8436124e-09	0.66755056	-1.9754944e-17	0.21107465
1.277502667461004e-09	-9.181025e-09	-1.3168659e-10	0.6793618	-1.9777654e-17	0.21170701
1.2800208210131602e-09	-6.3374173e-09	-1.1851794e-09	0.69206685	-1.9803748e-17	0.21162273
1.282538964380972e-09	-4.839482e-09	-2.2386721e-09	0.7052286	-1.9832272e-17	0.21123163
1.2850077278207407e-09	-3.8847547e-09	-1.9752988e-09	0.7183932	-1.986206e-17	0.21139333
1.2875258433302342e-09	-2.6666536e-09	-2.2715938e-09	0.7319186	-1.9893742e-17	0.21221189
1.2900439684878716e-09	-1.2016401e-09	-2.8312617e-09	0.74538285	-1.9926114e-17	0.21299237
1.292512698839449e-09	7.901196e-10	-2.0411421e-09	0.7583685	-1.995788e-17	0.21385266
1.2950308078381466e-09	1.777769e-09	-9.218062e-10	0.77122736	-1.9989602e-17	0.21484825
1.297548910563478e-09	1.3827093e-09	1.3827093e-09	0.78351265	-2.0019844e-17	0.21605128
1.3000176168966e-09	9.876494e-10	2.3045155e-09	0.7948108	-2.0047271e-17	0.21736416
1.302535688034274e-09	1.3497876e-09	2.633732e-09	0.80538183	-2.0072265e-17	0.218683
1.3050043720576792e-09	2.3374371e-09	2.59258e-09	0.8146479	-2.0093317e-17	0.2200973
1.307522413898591e-09	3.8189114e-09	4.2880446e-09	0.8228668	-2.0111062e-17	0.22282928
1.3100404388946099e-09	4.2468926e-09	5.6789844e-09	0.8298092	-2.012516e-17	0.22420873
1.3125090646871193e-09	4.0822843e-09	6.3044956e-09	0.83543146	-2.0135805e-17	0.22559215
1.3150270661617888e-09	4.2468926e-09	6.617251e-09	0.840087	-2.0143888e-17	0.22647431
1.3175450599932978e-09	3.6213814e-09	7.2756845e-09	0.8438232	-2.0149632e-17	0.22786532
1.3200136618997045e-09	2.7983402e-09	7.539057e-09	0.84676707	-2.0153392e-17	0.22802515
1.322531626038991e-09	2.1069855e-09	7.3744495e-09	0.84919775	-2.0155693e-17	0.22833714
1.3250002117652735e-09	1.7448474e-09	6.0575833e-09	0.85115135	-2.0156772e-17	0.22941373
1.3275181805305488e-09	1.9423774e-09	5.5966805e-09	0.8528125	-2.0156957e-17	0.23004927
1.3300361451705363e-09	2.3374371e-09	5.530837e-09	0.8542199	-2.0156463e-17	0.23044051
1.3325047506871346e-09	1.8271515e-09	6.1234267e-09	0.8554119	-2.015551e-17	0.23063718
1.3350227155137753e-09	1.3827093e-09	6.4526433e-09	0.85647994	-2.01542e-17	0.23069455
1.3375406800350818e-09	1.218101e-09	5.629602e-09	0.85743165	-2.0152653e-17	0.230651
1.3400092861446435e-09	1.316866e-09	5.0040905e-09	0.85827464	-2.0150985e-17	0.23104125
1.3425272605820416e-09	1.2839443e-09	5.7283667e-09	0.8590605	-2.0149182e-17	0.23154308
1.34504524104576e-09	8.230412e-10	5.99174e-09	0.85978484	-2.0147306e-17	0.23195232
1.347513851969377e-09	4.609031e-10	6.4526433e-09	0.8604452	-2.0145433e-17	0.23227908
1.3500318270940167e-09	-1.3168659e-10	6.2551133e-09	0.86107564	-2.0143499e-17	0.23254871
1.3525004284433715e-09	-1.3168659e-10	5.464994e-09	0.86165756	-2.0141591e-17	0.23279585
1.355018418854921e-09	6.4197214e-10	4.609031e-09	0.86221904	-2.013965e-17	0.23302335
1.357536418510143e-09	5.2674637e-10	4.1481276e-09	0.8627522	-2.0137704e-17	0.2332086
1.3600050187625623e-09	3.6213813e-10	3.9505976e-09	0.8632506	-2.0135806e-17	0.23335429
1.3625230179519961e-09	6.9135464e-10	4.213971e-09	0.8637373	-2.0133877e-17	0.2334687
1.3650410031634234e-09	1.2839443e-09	4.5431876e-09	0.86420405	-2.0131953e-17	0.23355396
1.3675096060068911e-09	1.2510226e-09	4.872404e-09	0.8646448	-2.0130079e-17	0.23361191
1.37002759606158e-09	7.901196e-10	5.333307e-09	0.86507875	-2.012817e-17	0.23364718
1.372545583145357e-09	6.9135464e-10	4.4773443e-09	0.86549866	-2.0126267e-17	0.23365979
1.3750141843251655e-09	6.58433e-10	4.609031e-09	0.865898	-2.0124408e-17	0.23365387
1.377532179472781e-09	2.6337318e-10	4.609031e-09	0.8662942	-2.012251e-17	0.2336379
1.3800007985736034e-09	6.9135464e-10	5.135777e-09	0.8666729	-2.012065e-17	0.23361938
1.3825187806240904e-09	3.6213813e-10	4.938247e-09	0.8670501	-2.0118755e-17	0.23358436
1.3850367710374277e-09	5.2674637e-10	4.7407176e-09	0.8674192	-2.011685e-17	0.23353311
1.3875053796968244e-09	-1.6460824e-10	5.069934e-09	0.86777425	-2.0114978e-17	0.23346844
1.3900233728236905e-09	4.609031e-10	4.411501e-09	0.8681302	-2.011306e-17	0.23338857
1.392541362538817e-09	-3.2921648e-11	4.016441e-09	0.8684806	-2.0111131e-17	0.2332937
1.3950099730969022e-09	4.609031e-10	4.2798143e-09	0.8688198	-2.0109227e-17	0.23318875
1.3975279635335798e-09	6.58433e-10	5.069934e-09	0.8691617	-2.0107265e-17	0.23306799
1.4000459592705803e-09	9.876495e-11	4.938247e-09	0.8695003	-2.0105285e-17	0.23293455
1.4025145739000303e-09	1.6460824e-10	4.839482e-09	0.86982983	-2.010332e-17	0.23278964
1.4050325624250908e-09	-6.5843296e-11	4.938247e-09	0.8701638	-2.0101291e-17	0.23263018
1.4075011812672744e-09	-2.6337318e-10	4.609031e-09	0.87048995	-2.009927e-17	0.23246102
1.4100191631013518e-09	-1.3168659e-10	4.5431876e-09	0.87082195	-2.0097177e-17	0.23227467
1.4125371536972369e-09	0	4.2798143e-09	0.8711539	-2.0095046e-17	0.23207518
1.4150057704813679e-09	3.292165e-10	5.0040905e-09	0.87147963	-2.0092914e-17	0.23186493
1.4175237565426974e-09	4.609031e-10	4.3456576e-09	0.8718129	-2.0090698e-17	0.23163657
1.4200417498865194e-09	1.3168659e-10	4.938247e-09	0.87214804	-2.0088427e-17	0.23139343
1.4225103589793932e-09	-2.6337318e-10	4.872404e-09	0.8724788	-2.0086147e-17	0.23113857
1.4250283541966602e-09	-6.5843296e-11	4.6748743e-09	0.8728191	-2.0083757e-17	0.2308621
1.4275463395802138e-09	4.609031e-10	4.2798143e-09	0.873163	-2.00813e-17	0.23056783
1.430014948917145e-09	7.2427625e-10	4.2798143e-09	0.8735044	-2.0078818e-17	0.2302622
1.432532946662295e-09	4.938247e-10	4.1481276e-09	0.8738576	-2.0076208e-17	0.22992848
1.4350015686534249e-09	6.5843296e-11	5.0040905e-09	0.8742095	-2.0073553e-17	0.22958116
1.4375195638464588e-09	1.975299e-10	5.0040905e-09	0.87457526	-2.0070748e-17	0.22920422
1.440037546353537e-09	1.6460824e-10	4.5431876e-09	0.87494814	-2.0067837e-17	0.22880144
1.442506174875143e-09	9.876495e-11	5.267464e-09	0.8753222	-2.0064866e-17	0.22838058
1.4450241788684106e-09	-1.3168659e-10	5.2016205e-09	0.8757129	-2.0061699e-17	0.22792257
1.4475421675371203e-09	-1.1193361e-09	5.267464e-09	0.87611413	-2.0058384e-17	0.22743246
1.4500107897006713e-09	-1.2839443e-09	5.069934e-09	0.8765189	-2.0054977e-17	0.22691694
1.4525287841744827e-09	-1.4814742e-09	4.938247e-09	0.8769446	-2.0051325e-17	0.22635297
1.4550467829552628e-09	-1.3827093e-09	5.0040905e-09	0.8773848	-2.0047473e-17	0.22574718
1.4575154151045698e-09	-9.547279e-10	5.069934e-09	0.8778318	-2.0043473e-17	0.22546554
1.460033413239793e-09	-1.9094557e-09	5.135777e-09	0.8783053	-2.0039153e-17	0.22529218
1.4625020286372468e-09	-1.679004e-09	4.6748743e-09	0.87878865	-2.0034644e-17	0.22508529
1.465020041358957e-09	-1.5802392e-09	4.609031e-09	0.8793032	-2.0029734e-17	0.22483091
1.467538043201945e-09	-2.3045155e-09	5.069934e-09	0.8798421	-2.0024476e-17	0.22452645
1.4700066762250073e-09	-2.436202e-09	4.213971e-09	0.8803968	-2.0018927e-17	0.22417334
1.4725246747435509e-09	-2.534967e-09	4.0822843e-09	0.8809922	-2.0012824e-17	0.22374742
1.4750426815944314e-09	-2.8641833e-09	3.9505976e-09	0.8816215	-2.00062e-17	0.22324723
1.4775113084570141e-09	-3.4896948e-09	4.016441e-09	0.8822753	-1.999913e-17	0.22267117
1.4800293052096704e-09	-4.2798143e-09	3.8189114e-09	0.88298416	-1.9991243e-17	0.22198214
1.482547308287181e-09	-4.4773443e-09	3.8189114e-09	0.8837411	-1.9982561e-17	0.22117311
1.4850159519141465e-09	-4.5761093e-09	3.6213814e-09	0.8845359	-1.9973151e-17	0.22024223
1.4875339645059938e-09	-5.530837e-09	3.555538e-09	0.8854077	-1.9962469e-17	0.2201407
1.4900026079810712e-09	-5.7283667e-09	2.897105e-09	0.88633084	-1.9950756e-17	0.21995147
1.492520619238021e-09	-6.3209566e-09	2.7654186e-09	0.887352	-1.9937278e-17	0.21960616
1.4950386332773691e-09	-6.5184866e-09	1.9752988e-09	0.8884659	-1.9921952e-17	0.21906266
1.497507276321929e-09	-7.242763e-09	1.6460824e-09	0.8896617	-1.9904738e-17	0.21828564
1.5e-09	-7.209841e-09	9.218062e-10	0.89099	-1.9884664e-17	0.21718444
