# t (s)	mx ()	my ()	mz ()	E_total (J)	MaxAngle (rad)
0	1.0699536e-09	6.58433e-10	0.9795363	-2.0725773e-17	0.2662736
2.5236116927264645e-12	1.0843568e-09	6.58433e-10	0.97586185	-2.071231e-17	0.25205523
5.000830255028636e-12	1.0205711e-09	8.5596286e-10	0.9731456	-2.0690206e-17	0.24435768
7.523636504901225e-12	5.5966803e-10	8.39502e-10	0.97142506	-2.0661794e-17	0.24018075
1.0045310395122645e-11	6.58433e-10	1.0534927e-09	0.9710063	-2.0630596e-17	0.23909438
1.2516789777387006e-11	2.6337318e-10	7.901196e-10	0.9719763	-2.0600334e-17	0.24133115
1.5037127815874966e-11	4.609031e-10	8.888845e-10	0.9743021	-2.0572233e-17	0.24363723
1.7507614659218605e-11	1.3168659e-10	8.5596286e-10	0.9776757	-2.054905e-17	0.25204086
2.002721306248575e-11	-1.975299e-10	5.925897e-10	0.981888	-2.053125e-17	0.27092305
2.254658528609783e-11	-4.609031e-10	-6.58433e-10	0.9863913	-2.0520895e-17	0.33420354
2.501635415289666e-11	7.901196e-10	-1.5802392e-09	0.9903926	-2.0520088e-17	0.6424053
2.7507646456667206e-11	1.8230363e-09	-1.0534927e-09	0.99305695	-2.0862516e-17	0.1147774
3.0027389525221584e-11	1.9999902e-09	5.2674637e-10	0.9935104	-2.0951257e-17	0.08880577
3.254916442268359e-11	1.0452623e-09	1.1193361e-09	0.9936209	-2.0967447e-17	0.08880174
3.5020932716711386e-11	9.17691e-10	1.316866e-09	0.99370277	-2.0975444e-17	0.08880174
3.753953735682312e-11	2.3456675e-10	1.0534927e-09	0.993798	-2.0981243e-17	0.08880308
4.000644521664421e-11	-1.5226262e-10	3.950598e-10	0.993899	-2.098655e-17	0.0888051
4.2523324509419133e-11	6.337417e-10	-6.58433e-10	0.9939835	-2.0991427e-17	0.08879368
4.504150130693701e-11	1.4485525e-09	-5.2674637e-10	0.99404556	-2.0995199e-17	0.08881921
4.7510145420115216e-11	1.767481e-09	6.5843296e-11	0.994097	-2.0997849e-17	0.0887977
5.0026691953701283e-11	9.753038e-10	1.1851794e-09	0.9941242	-2.09998e-17	0.08881249
5.2542532876873754e-11	8.230412e-12	1.316866e-09	0.99416214	-2.1001408e-17	0.088827275
5.5009745559301836e-11	-6.58433e-10	0	0.9942004	-2.1002751e-17	0.08881316
5.75271382576787e-11	3.374469e-10	-1.0534927e-09	0.9942075	-2.1003861e-17	0.08879906
6.00444815846602e-11	1.835382e-09	-6.58433e-10	0.9942067	-2.1004708e-17	0.08881854
6.251174421018039e-11	2.2407296e-09	6.58433e-10	0.9942335	-2.1005329e-17	0.088828616
6.502797630336622e-11	1.5596631e-09	2.1069855e-09	0.99426377	-2.100583e-17	0.08881585
6.754454305244203e-11	-6.090505e-10	1.5802392e-09	0.99426347	-2.100624e-17	0.08880107
7.001223646296318e-11	-7.448523e-10	0	0.9942482	-2.1006551e-17	0.08881048
7.252925332939695e-11	3.0452524e-10	-1.0699536e-09	0.9942477	-2.1006801e-17	0.08880712
7.504589536595691e-11	1.9403197e-09	-1.0534927e-09	0.99426806	-2.1006985e-17	0.088819884
7.751296938508256e-11	2.353898e-09	6.58433e-10	0.9942845	-2.1007132e-17	0.08881048
8.002959110547645e-11	4.8559434e-10	2.1069855e-09	0.99428034	-2.1007248e-17	0.08880241
8.254646831070996e-11	-1.1810641e-09	1.0534927e-09	0.9942669	-2.1007339e-17	0.08880779
8.501400295546689e-11	-8.106956e-10	-7.901196e-10	0.9942643	-2.100741e-17	0.0888051
8.753069013696175e-11	8.806541e-10	-1.5802392e-09	0.99427533	-2.1007464e-17	0.08881115
9.004726976216625e-11	2.1337343e-09	-5.2674637e-10	0.9942852	-2.1007504e-17	0.08880779
9.25145824893463e-11	2.3621283e-09	1.4485525e-09	0.99428344	-2.1007542e-17	0.08880174
9.503139156188523e-11	7.901196e-10	1.8436124e-09	0.9942752	-2.1007567e-17	0.08880577
9.754819936224655e-11	-9.464974e-10	1.0534927e-09	0.99427253	-2.1007588e-17	0.08880308
1.0001553292343992e-10	-1.0308592e-09	-7.901196e-10	0.99427766	-2.1007603e-17	0.08880712
1.0253214935862132e-10	9.79419e-10	-1.8436124e-09	0.99428314	-2.1007615e-17	0.08880644
1.0504882943260329e-10	2.5802342e-09	0	0.9942825	-2.1007625e-17	0.08880174
1.0751623986582131e-10	1.9506077e-09	1.8436124e-09	0.99427825	-2.1007631e-17	0.08880308
1.1003300880452094e-10	-3.415621e-10	2.3703588e-09	0.99427634	-2.1007636e-17	0.08880308
1.1250038501280982e-10	-1.94855e-09	0	0.9942789	-2.1007643e-17	0.08880443
1.150170511049174e-10	-4.5678789e-10	-1.9752988e-09	0.99428177	-2.1007646e-17	0.08880375
1.175337398563359e-10	1.9464925e-09	-2.1069855e-09	0.99428153	-2.1007646e-17	0.08880174
1.200011357050137e-10	3.473234e-09	1.3168659e-10	0.9942793	-2.1007648e-17	0.08880308
1.225178776791733e-10	1.9094557e-09	2.633732e-09	0.99427825	-2.1007653e-17	0.08880308
1.2503459204773292e-10	-3.1275565e-10	2.2386721e-09	0.9942795	-2.1007655e-17	0.08880308
1.2750193782031602e-10	-1.5802392e-09	2.6337318e-10	0.99428093	-2.1007655e-17	0.08880241
1.3001862971804453e-10	-3.7036854e-10	-1.9752988e-09	0.9942809	-2.1007655e-17	0.08880174
1.325353552373461e-10	2.5102758e-09	-1.9752988e-09	0.9942796	-2.1007658e-17	0.08880174
1.3500273774711167e-10	3.3003953e-09	6.58433e-10	0.9942791	-2.1007655e-17	0.08880174
1.375194419097707e-10	1.5802392e-09	2.897105e-09	0.9942796	-2.1007656e-17	0.08880241
1.4003614518364604e-10	-1.0370319e-09	2.1069855e-09	0.9942806	-2.1007656e-17	0.08880174
1.4250350773596484e-10	-2.2016353e-09	-3.950598e-10	0.9942806	-2.1007658e-17	0.08880174
1.4502022760873094e-10	-1.5637783e-10	-2.3703588e-09	0.99427986	-2.1007655e-17	0.08880174
1.4753694400497333e-10	2.8518379e-09	-1.8436124e-09	0.9942795	-2.1007656e-17	0.08880241
1.5000430588144337e-10	3.7283767e-09	7.901196e-10	0.99427986	-2.1007656e-17	0.08880174
1.525210135837969e-10	1.3991701e-09	3.1604783e-09	0.9942803	-2.1007656e-17	0.08880107
1.5503772644611113e-10	-1.6028727e-09	1.8436124e-09	0.9942803	-2.1007655e-17	0.08880174
1.5750508451269465e-10	-2.1522528e-09	-9.218062e-10	0.9942799	-2.1007658e-17	0.08880241
1.6002180125163246e-10	6.255113e-10	-2.7654186e-09	0.9942796	-2.1007658e-17	0.08880241
1.6253851083217145e-10	3.3826995e-09	-1.316866e-09	0.99427986	-2.1007656e-17	0.08880241
1.6500588236323814e-10	3.3909298e-09	1.5802392e-09	0.9942801	-2.1007658e-17	0.08880174
1.6752259039506323e-10	5.1234317e-10	3.0287917e-09	0.9942802	-2.100766e-17	0.08880174
1.7003930246857578e-10	-1.9999902e-09	1.1851794e-09	0.9942799	-2.1007656e-17	0.08880174
1.7250667467486687e-10	-1.5308567e-09	-1.8436124e-09	0.99427986	-2.100766e-17	0.08880174
1.750233781268623e-10	2.0905246e-09	-2.897105e-09	0.9942799	-2.1007658e-17	0.08880174
1.7754008322638257e-10	4.4032706e-09	-1.3168659e-10	0.99428004	-2.100766e-17	0.08880107
1.8000745183280347e-10	3.0123308e-09	3.2921648e-09	0.99428004	-2.1007656e-17	0.08880174
1.8252416876161405e-10	-1.1234512e-09	3.8189114e-09	0.99428004	-2.1007658e-17	0.08880174
1.8504087801470351e-10	-3.2180911e-09	0	0.9942799	-2.100766e-17	0.08880241
1.875082408818174e-10	-1.1234512e-09	-3.4238514e-09	0.99428	-2.1007658e-17	0.08880241
1.900249524568149e-10	3.016446e-09	-3.1604783e-09	0.99428004	-2.1007656e-17	0.08880241
1.9254165738078573e-10	5.234542e-09	5.2674637e-10	0.99428	-2.1007658e-17	0.08880241
1.9500902997695504e-10	2.907393e-09	4.7407176e-09	0.99428	-2.1007658e-17	0.08880174
1.975257397365518e-10	-1.9423774e-09	4.609031e-09	0.9942799	-2.1007658e-17	0.08880308
2.0004246063099334e-10	-4.213971e-09	1.3168659e-10	0.9942799	-2.1007656e-17	0.08880174
2.0250981583833438e-10	-1.3415572e-09	-4.213971e-09	0.99428004	-2.1007658e-17	0.08880174
2.0502652142734835e-10	3.9505976e-09	-3.9505976e-09	0.99428	-2.1007656e-17	0.08880107
2.07543233686512e-10	5.923839e-09	6.58433e-10	0.99428004	-2.1007658e-17	0.08880174
2.1001059444319482e-10	2.9608909e-09	5.0040905e-09	0.9942799	-2.100766e-17	0.08880174
2.1252731305786072e-10	-2.5843494e-09	4.213971e-09	0.99428004	-2.1007656e-17	0.08880107
2.1504402905166705e-10	-4.3785793e-09	-6.58433e-10	0.99428004	-2.1007658e-17	0.08880174
2.1751138573106398e-10	-9.711887e-10	-4.7407176e-09	0.99428004	-2.1007658e-17	0.08880241
2.2002809987361924e-10	4.312736e-09	-3.8189114e-09	0.99428004	-2.1007658e-17	0.08880241
2.2254481007975984e-10	5.6460627e-09	1.5802392e-09	0.99428004	-2.1007658e-17	0.08880174
2.2501217226681268e-10	1.207813e-09	5.135777e-09	0.99428	-2.1007658e-17	0.08880174
2.275288929056051e-10	-3.7119159e-09	3.4238514e-09	0.99428004	-2.1007658e-17	0.08880174
2.300456012826406e-10	-4.59257e-09	-2.3703588e-09	0.99428004	-2.1007656e-17	0.08880241
2.3251296025583384e-10	3.7859896e-10	-5.79421e-09	0.99428	-2.1007658e-17	0.08880241
2.3502967590005844e-10	5.5472977e-09	-2.897105e-09	0.99428	-2.1007658e-17	0.08880241
2.375464020273133e-10	5.79421e-09	3.0287917e-09	0.99428	-2.1007656e-17	0.08880174
2.4001375290119257e-10	3.8682937e-10	6.4526433e-09	0.99428004	-2.1007658e-17	0.08880174
2.425304726928801e-10	-4.960881e-09	2.633732e-09	0.99428004	-2.1007658e-17	0.08880174
2.450471778967224e-10	-3.8641783e-09	-3.9505976e-09	0.99428	-2.1007658e-17	0.08880174
2.475145322262623e-10	2.3086306e-09	-5.79421e-09	0.99428	-2.1007658e-17	0.08880241
2.500312486246543e-10	7.283915e-09	-1.316866e-09	0.99428	-2.1007658e-17	0.08880241
2.5254796111210575e-10	5.3826894e-09	5.267464e-09	0.99428004	-2.1007658e-17	0.08880241
2.550153294795348e-10	-1.3662484e-09	7.111076e-09	0.99428	-2.1007658e-17	0.08880241
2.5753204130014344e-10	-6.3003807e-09	1.7119257e-09	0.99428	-2.1007658e-17	0.08880174
2.6004876150824494e-10	-4.084342e-09	-5.9258967e-09	0.99428	-2.1007658e-17	0.08880174
2.6251612811238063e-10	3.8189114e-09	-6.716016e-09	0.99428004	-2.1007658e-17	0.08880107
2.650328314702182e-10	8.6789695e-09	-2.6337318e-10	0.99428	-2.1007658e-17	0.08880241
2.6750020212110964e-10	5.530837e-09	6.716016e-09	0.99428	-2.1007658e-17	0.08880174
2.7001692005082213e-10	-2.8189162e-09	7.901195e-09	0.99428	-2.1007658e-17	0.08880174
2.7253362915745547e-10	-7.539057e-09	1.1851794e-09	0.99428	-2.1007658e-17	0.08880174
2.7500098897091344e-10	-3.814796e-09	-6.4526433e-09	0.9942799	-2.1007658e-17	0.08880174
2.775177047369487e-10	5.168699e-09	-6.716016e-09	0.99428004	-2.1007658e-17	0.08880174
2.8003442013789944e-10	9.415592e-09	9.218062e-10	0.99428	-2.1007658e-17	0.08880241
2.825017742419878e-10	4.4238466e-09	8.032882e-09	0.9942799	-2.1007658e-17	0.08880174
2.850184857407848e-10	-4.707796e-09	7.242763e-09	0.99428	-2.1007658e-17	0.08880241
2.8753520299938476e-10	-8.106956e-09	-1.5802392e-09	0.99428004	-2.1007656e-17	0.08880174
2.900025517605688e-10	-1.958838e-09	-8.427942e-09	0.99428	-2.1007658e-17	0.08880174
2.9251927671004616e-10	7.47733e-09	-6.3209566e-09	0.99428004	-2.1007655e-17	0.08880174
2.950359880225124e-10	1.0106946e-08	3.6872247e-09	0.99428	-2.1007658e-17	0.08880174
2.975033494398482e-10	2.419741e-09	1.0798301e-08	0.99428	-2.1007658e-17	0.08880241
3.000200554502136e-10	-7.403256e-09	7.3744495e-09	0.9942799	-2.1007656e-17	0.08880241
3.0253676507579015e-10	-9.2715595e-09	-3.8189114e-09	0.99428	-2.1007658e-17	0.08880174
3.050041321062004e-10	-3.950598e-10	-1.0798301e-08	0.99428	-2.1007658e-17	0.08880174
3.0752084794858164e-10	1.039501e-08	-5.9258967e-09	0.9942799	-2.1007658e-17	0.08880174
3.1003755180393625e-10	1.0938217e-08	5.6625233e-09	0.99428	-2.1007658e-17	0.08880174
3.1250491843538415e-10	7.9835e-10	1.198348e-08	0.99428	-2.1007658e-17	0.08880241
3.1502163575074417e-10	-9.97526e-09	6.0575833e-09	0.99428004	-2.1007656e-17	0.08880174
3.1753835055292884e-10	-9.205716e-09	-6.4526433e-09	0.99428	-2.1007658e-17	0.08880174
3.2000570124267875e-10	2.1851745e-09	-1.1720107e-08	0.99428	-2.1007658e-17	0.08880107
3.2252241789273595e-10	1.2345618e-08	-4.0822843e-09	0.99428	-2.1007655e-17	0.08880174
3.250391348226931e-10	1.0357974e-08	8.9546885e-09	0.99428	-2.1007658e-17	0.08880174
3.275064912466295e-10	-2.2880546e-09	1.3036973e-08	0.99428	-2.1007658e-17	0.08880241
3.300232108517155e-10	-1.2654259e-08	3.8189114e-09	0.99428	-2.1007656e-17	0.08880241
3.3253992248218614e-10	-8.7571586e-09	-1.0008181e-08	0.99428	-2.1007658e-17	0.08880174
3.350072874489596e-10	5.172814e-09	-1.3432032e-08	0.99428	-2.1007658e-17	0.08880241
3.375239931766829e-10	1.502256e-08	-2.1069855e-09	0.99428	-2.1007658e-17	0.08880174
3.4004069732947863e-10	1.0139868e-08	1.237854e-08	0.99428	-2.1007658e-17	0.08880174
3.4250806575795506e-10	-5.4485327e-09	1.4617212e-08	0.99428	-2.1007658e-17	0.08880174
3.450247749505408e-10	-1.5012272e-08	1.4485525e-09	0.99428	-2.1007656e-17	0.08880174
3.4754149353660145e-10	-7.69955e-09	-1.3300346e-08	0.9942799	-2.1007656e-17	0.08880174
3.5000884955007114e-10	8.7180645e-09	-1.3827092e-08	0.99428	-2.1007658e-17	0.08880241
3.5252556884143397e-10	1.7629542e-08	7.901196e-10	0.99428	-2.1007658e-17	0.08880241
3.550422806480634e-10	8.592551e-09	1.5275646e-08	0.99428	-2.1007658e-17	0.08880174
3.5750964515942667e-10	-8.699546e-09	1.4617212e-08	0.99428004	-2.100766e-17	0.0888004
3.6002636131238456e-10	-1.6728313e-08	-1.316866e-09	0.99428004	-2.1007658e-17	0.08880107
3.6254306555546794e-10	-5.333307e-09	-1.6329137e-08	0.99428	-2.1007658e-17	0.08880174
3.650104265137065e-10	1.2818867e-08	-1.3168659e-08	0.99428004	-2.1007658e-17	0.08880241
3.675271369063419e-10	1.8794147e-08	4.7407176e-09	0.99428004	-2.1007658e-17	0.08880241
3.7004385626149707e-10	5.386805e-09	1.9094557e-08	0.99428	-2.1007658e-17	0.08880241
3.7251121496551295e-10	-1.3473184e-08	1.4090466e-08	0.99428004	-2.1007658e-17	0.08880174
3.750279276483037e-10	-1.8111022e-08	-5.79421e-09	0.99428004	-2.1007656e-17	0.08880241
3.775446445513872e-10	-2.5637734e-09	-1.9621302e-08	0.99428004	-2.1007658e-17	0.08880241
3.800119978425912e-10	1.7111027e-08	-1.2510227e-08	0.99428004	-2.1007658e-17	0.08880174
3.825287094552569e-10	1.9818833e-08	9.086375e-09	0.99428	-2.1007658e-17	0.08880174
3.8504542286444994e-10	1.8929949e-09	2.1859975e-08	0.99428	-2.1007656e-17	0.08880174
3.8751279843290375e-10	-1.8012257e-08	1.198348e-08	0.99428	-2.1007658e-17	0.08880174
3.900295011366331e-10	-1.9004021e-08	-1.0798301e-08	0.99428	-2.1007655e-17	0.08880174
3.9254620846637465e-10	1.497935e-09	-2.2913467e-08	0.99428	-2.1007656e-17	0.08880174
3.950135764110706e-10	2.2057504e-08	-1.0271554e-08	0.99428	-2.1007658e-17	0.08880174
3.975302898725952e-10	2.03785e-08	1.4880585e-08	0.99428004	-2.1007658e-17	0.08880174
4.0004699797413847e-10	-2.6008102e-09	2.5185061e-08	0.99428	-2.1007658e-17	0.08880241
4.0251436578136064e-10	-2.2728283e-08	9.613121e-09	0.99428	-2.1007658e-17	0.08880174
4.0503107684105897e-10	-1.8707727e-08	-1.659251e-08	0.99428	-2.1007656e-17	0.08880174
4.0754778465955113e-10	6.9629285e-09	-2.5020453e-08	0.99428	-2.1007658e-17	0.08880241
4.1001515347574247e-10	2.6368182e-08	-6.18927e-09	0.99428	-2.1007658e-17	0.08880174
4.125318559666971e-10	1.9102787e-08	2.0543109e-08	0.99428004	-2.1007658e-17	0.08880174
4.150485682386903e-10	-9.0781445e-09	2.6337318e-08	0.99428004	-2.1007658e-17	0.08880174
4.1751593262702697e-10	-2.7473115e-08	4.872404e-09	0.99428004	-2.1007658e-17	0.08880174
4.2003264773753753e-10	-1.637852e-08	-2.2913467e-08	0.99428004	-2.1007658e-17	0.08880107
4.2250002128254915e-10	1.3078125e-08	-2.6337318e-08	0.99428	-2.1007656e-17	0.08880174
4.2501672592670785e-10	3.1209723e-08	-6.58433e-10	0.99428	-2.1007658e-17	0.08880174
4.275334404015447e-10	1.5962884e-08	2.7785871e-08	0.99428004	-2.1007656e-17	0.08880174
4.300007979185184e-10	-1.5827082e-08	2.7127438e-08	0.99428004	-2.1007656e-17	0.08880241
4.325175198415827e-10	-3.1876386e-08	-1.7119257e-09	0.99428004	-2.1007656e-17	0.08880241
4.35034228084224e-10	-1.2608991e-08	-3.0287918e-08	0.99428	-2.1007658e-17	0.08880174
4.3750158551399997e-10	2.166656e-08	-2.6864065e-08	0.99428004	-2.1007658e-17	0.08880174
4.4001829815665186e-10	3.514386e-08	6.18927e-09	0.99428004	-2.1007658e-17	0.08880174
4.4253500391021584e-10	1.19629044e-08	3.4370203e-08	0.99428004	-2.1007658e-17	0.08880174
4.450023699955301e-10	-2.4003997e-08	2.7522498e-08	0.99428	-2.1007658e-17	0.08880174
4.4751909274325057e-10	-3.536608e-08	-8.559629e-09	0.99428	-2.1007658e-17	0.08880174
4.500358012136713e-10	-7.950578e-09	-3.674056e-08	0.99428004	-2.1007656e-17	0.08880174
4.525031634682339e-10	2.9506028e-08	-2.5810573e-08	0.99428	-2.1007656e-17	0.08880174
4.550198782398532e-10	3.7810512e-08	1.4353839e-08	0.99428004	-2.1007658e-17	0.08880174
4.575365930921656e-10	5.4485327e-09	4.0822844e-08	0.99428004	-2.1007658e-17	0.08880174
4.600039522738605e-10	-3.2958685e-08	2.4625393e-08	0.99428004	-2.1007658e-17	0.08880241
4.625206663618758e-10	-3.7189118e-08	-1.856781e-08	0.99428004	-2.1007658e-17	0.08880174
4.6503738270272506e-10	-6.5843296e-11	-4.3193204e-08	0.9942799	-2.1007658e-17	0.08880174
4.675047489453101e-10	3.9154127e-08	-2.1596602e-08	0.99428	-2.1007658e-17	0.08880107
4.700214530074055e-10	3.8983348e-08	2.4625393e-08	0.99428004	-2.1007656e-17	0.08880174
4.725381692380232e-10	-2.8806442e-09	4.6617053e-08	0.99428004	-2.1007656e-17	0.08880174
4.750055305363667e-10	-4.2592383e-08	1.9752989e-08	0.99428004	-2.1007658e-17	0.08880174
4.775222507220679e-10	-3.7588293e-08	-2.9629483e-08	0.99428	-2.1007658e-17	0.08880174
4.800389602468568e-10	9.619294e-09	-4.872404e-08	0.99428004	-2.1007658e-17	0.08880174
4.825063181260291e-10	4.9063544e-08	-1.5934077e-08	0.99428004	-2.1007656e-17	0.08880174
4.85023040229857e-10	3.8213802e-08	3.6477186e-08	0.99428	-2.1007658e-17	0.08880174
4.875397455476564e-10	-1.417277e-08	5.10944e-08	0.99428	-2.1007656e-17	0.08880241
4.900071101359601e-10	-5.209851e-08	1.2115167e-08	0.99428	-2.1007658e-17	0.08880241
4.925238077010432e-10	-3.4600653e-08	-4.1876337e-08	0.99428	-2.1007658e-17	0.08880174
4.950405271229201e-10	2.2106887e-08	-5.2016205e-08	0.99428004	-2.1007658e-17	0.08880174
4.97507887985136e-10	5.852646e-08	-6.18927e-09	0.99428	-2.1007658e-17	0.08880174
5.000246074748173e-10	3.4172672e-08	4.9250787e-08	0.9942799	-2.1007658e-17	0.08880174
5.025413135249305e-10	-2.7999862e-08	5.412319e-08	0.99428	-2.1007656e-17	0.08880174
5.050086825531057e-10	-6.141122e-08	1.316866e-09	0.99428	-2.1007658e-17	0.08880174
5.075253894083125e-10	-2.9687097e-08	-5.5176685e-08	0.99428004	-2.1007656e-17	0.08880241
5.100420975326929e-10	3.6864016e-08	-5.3464756e-08	0.99428	-2.1007658e-17	0.08880241
5.125094704538681e-10	6.641531e-08	6.0575833e-09	0.99428	-2.1007656e-17	0.08880241
5.150261873250213e-10	2.7028673e-08	6.2156076e-08	0.99428	-2.1007656e-17	0.08880174
5.17542898895759e-10	-4.2765222e-08	5.3596445e-08	0.99428	-2.100766e-17	0.08880174
5.2001025475609e-10	-6.811489e-08	-1.237854e-08	0.99428	-2.1007658e-17	0.08880241
5.225269710319608e-10	-2.0073974e-08	-6.768691e-08	0.99428	-2.1007658e-17	0.08880174
5.250436742644967e-10	5.2769288e-08	-5.0831026e-08	0.99428	-2.1007658e-17	0.08880241
5.275110423166775e-10	7.2230094e-08	2.1596602e-08	0.99428004	-2.1007656e-17	0.08880174
5.300277446899489e-10	1.5187169e-08	7.5324735e-08	0.99428004	-2.1007658e-17	0.08880174
5.325444530190548e-10	-6.041534e-08	4.9184944e-08	0.99428	-2.1007658e-17	0.08880241
5.35011824740922e-10	-7.3201285e-08	-3.0024545e-08	0.99428004	-2.1007656e-17	0.08880241
5.375285283468499e-10	-6.742765e-09	-8.072388e-08	0.99428004	-2.1007656e-17	0.08880174
5.400452354893708e-10	7.092558e-08	-4.4773444e-08	0.99428	-2.1007658e-17	0.08880174
5.425125978104568e-10	7.5717736e-08	4.0822844e-08	0.99428004	-2.1007658e-17	0.08880174
5.450293230106919e-10	-3.539077e-10	8.770327e-08	0.99428	-2.1007658e-17	0.08880174
5.475460252881081e-10	-7.9324714e-08	4.0822844e-08	0.99428004	-2.1007658e-17	0.08880174
5.500133889914567e-10	-7.4979056e-08	-5.10944e-08	0.99428004	-2.1007656e-17	0.08880241
5.525300982487695e-10	1.1374429e-08	-9.283905e-08	0.99428004	-2.1007656e-17	0.08880174
5.550468155591706e-10	9.029585e-08	-3.4633576e-08	0.99428004	-2.1007658e-17	0.08880174
5.57514173084208e-10	7.58021e-08	6.294619e-08	0.99428	-2.1007658e-17	0.08880174
5.60030885297106e-10	-2.0715948e-08	9.8238196e-08	0.99428	-2.1007658e-17	0.08880174
5.625475931333313e-10	-9.833696e-08	2.7390811e-08	0.99428004	-2.1007658e-17	0.08880174
5.650149551547795e-10	-7.231652e-08	-7.4666296e-08	0.99428004	-2.1007656e-17	0.08880174
5.67531667680139e-10	3.3794073e-08	-1.0126699e-07	0.99428	-2.1007658e-17	0.08880174
5.700483886510556e-10	1.08197e-07	-1.7909377e-08	0.99428	-2.1007658e-17	0.08880174
5.725157560635485e-10	6.997085e-08	8.730821e-08	0.9942799	-2.1007656e-17	0.08880241
5.75032457725152e-10	-4.5234344e-08	1.04164094e-07	0.99428	-2.1007658e-17	0.08880107
5.775491674510486e-10	-1.1525869e-07	8.032882e-09	0.99428	-2.1007658e-17	0.08880174
5.800165376407522e-10	-6.325072e-08	-9.929169e-08	0.99428004	-2.1007656e-17	0.08880174
5.825332446983119e-10	6.060053e-08	-1.0469084e-07	0.99428	-2.1007658e-17	0.08880174
5.850006064331101e-10	1.2426277e-07	2.2386721e-09	0.99428	-2.1007658e-17	0.08880241
5.875173191222575e-10	5.7654038e-08	1.12987095e-07	0.99428004	-2.1007656e-17	0.08880107
5.900340418371812e-10	-7.4213624e-08	1.0561265e-07	0.99428004	-2.1007658e-17	0.08880241
5.925014024876149e-10	-1.3013927e-07	-1.5012272e-08	0.99428	-2.1007658e-17	0.08880241
5.95018110494285e-10	-4.7370136e-08	-1.2536563e-07	0.99428	-2.1007658e-17	0.08880174
5.975348242845192e-10	9.167856e-08	-1.02715546e-07	0.99428004	-2.1007658e-17	0.08880174
6.000021941030262e-10	1.3790878e-07	3.1341408e-08	0.99428004	-2.1007658e-17	0.08880241
6.02518905852236e-10	3.7777593e-08	1.3958778e-07	0.99428004	-2.1007656e-17	0.08880174
6.050356114079356e-10	-1.0770729e-07	9.995013e-08	0.99428	-2.1007658e-17	0.08880174
6.075029800248308e-10	-1.4156309e-07	-4.793392e-08	0.99428	-2.1007658e-17	0.08880107
6.10019690790649e-10	-2.2913467e-08	-1.5170296e-07	0.99428	-2.1007658e-17	0.08880174
6.125363993499582e-10	1.2672777e-07	-9.323411e-08	0.99428	-2.1007656e-17	0.08880174
6.150037649253652e-10	1.4674002e-07	6.6765104e-08	0.99428	-2.1007658e-17	0.08880107
6.175204782669936e-10	9.728347e-09	1.639498e-07	0.99428004	-2.1007655e-17	0.08880174
6.200371832743339e-10	-1.4323386e-07	8.664978e-08	0.99428	-2.1007658e-17	0.08880174
6.225045577173633e-10	-1.4778529e-07	-8.585966e-08	0.99428	-2.1007658e-17	0.08880241
6.250212695004079e-10	8.4032505e-09	-1.7494564e-07	0.99428004	-2.1007656e-17	0.08880174
6.275379745386826e-10	1.6293747e-07	-7.5588105e-08	0.99428	-2.1007658e-17	0.08880241
6.300053408054551e-10	1.4868239e-07	1.0824638e-07	0.99428	-2.1007658e-17	0.08880174
6.32522052882427e-10	-2.6621269e-08	1.856781e-07	0.99428004	-2.1007658e-17	0.08880241
6.350387553595709e-10	-1.8011434e-07	6.3341254e-08	0.99428004	-2.1007658e-17	0.08880174
6.375061139288166e-10	-1.4508159e-07	-1.3010636e-07	0.99428	-2.1007658e-17	0.08880107
6.400228268512622e-10	4.931663e-08	-1.9371097e-07	0.99428004	-2.1007656e-17	0.08880241
6.425395395020345e-10	1.9900314e-07	-4.7407173e-08	0.99428004	-2.1007658e-17	0.08880174
6.450069016085092e-10	1.4143552e-07	1.5446838e-07	0.99428004	-2.1007656e-17	0.08880241
6.47523616385507e-10	-7.1958496e-08	2.0095375e-07	0.99428004	-2.1007656e-17	0.08880241
6.500403324442338e-10	-2.1520881e-07	2.976117e-08	0.99428	-2.1007658e-17	0.08880107
6.525076988322922e-10	-1.3175244e-07	-1.7830365e-07	0.99428004	-2.1007658e-17	0.08880174
6.550244094183182e-10	9.988428e-08	-2.0398254e-07	0.99428	-2.1007656e-17	0.08880174
6.57541112068458e-10	2.331182e-07	-7.111076e-09	0.99428004	-2.1007658e-17	0.08880174
6.600084782937852e-10	1.2158787e-07	2.0477266e-07	0.99428004	-2.1007658e-17	0.08880174
6.625251920357698e-10	-1.2652201e-07	2.0701133e-07	0.99428	-2.1007656e-17	0.08880174
6.650419019633218e-10	-2.4672923e-07	-1.7250944e-08	0.99428	-2.1007658e-17	0.08880241
6.675092736877008e-10	-1.0575256e-07	-2.2966142e-07	0.99428	-2.1007658e-17	0.08880174
6.700259782104587e-10	1.5841074e-07	-2.0569446e-07	0.99428	-2.1007658e-17	0.08880174
6.72542697467015e-10	2.615625e-07	4.5300187e-08	0.99428	-2.1007658e-17	0.08880241
6.750100617309139e-10	8.8954295e-08	2.5586706e-07	0.99428004	-2.1007656e-17	0.08880241
6.775267643654807e-10	-1.885752e-07	2.0121712e-07	0.99428004	-2.1007656e-17	0.08880174
6.80043478343905e-10	-2.7085463e-07	-7.611485e-08	0.99428	-2.1007658e-17	0.08880174
6.825108511716682e-10	-6.4761e-08	-2.8036075e-07	0.99428	-2.1007656e-17	0.08880174
6.850275508907202e-10	2.237314e-07	-1.9213074e-07	0.99428004	-2.1007658e-17	0.08880241
6.875442640276877e-10	2.807805e-07	1.11143486e-07	0.99428004	-2.1007656e-17	0.08880174
6.900116298770746e-10	3.9489517e-08	3.056446e-07	0.99428004	-2.1007658e-17	0.08880174
6.925283396395083e-10	-2.575337e-07	1.8041064e-07	0.99428004	-2.1007658e-17	0.08880174
6.950450601829671e-10	-2.8468173e-07	-1.4841079e-07	0.99428004	-2.1007656e-17	0.08880241
6.975124288838038e-10	-7.024657e-09	-3.28163e-07	0.99428	-2.100766e-17	0.08880174
7.000291350352854e-10	2.946858e-07	-1.6263294e-07	0.99428004	-2.1007658e-17	0.08880174
7.025458487114854e-10	2.8777225e-07	1.8910195e-07	0.99428	-2.1007658e-17	0.08880174
7.050132136181613e-10	-2.6411392e-08	3.5054973e-07	0.99428	-2.1007658e-17	0.08880241
7.075299227113245e-10	-3.2874735e-07	1.4195815e-07	0.99428	-2.1007658e-17	0.08880174
7.100466243991762e-10	-2.8370232e-07	-2.3071492e-07	0.99428	-2.1007658e-17	0.08880241
7.125139962385312e-10	6.740708e-08	-3.681957e-07	0.99428	-2.1007658e-17	0.08880174
7.150307110068166e-10	3.6639327e-07	-1.1377722e-07	0.99428	-2.1007656e-17	0.08880174
7.175474235322295e-10	2.775624e-07	2.770686e-07	0.99428	-2.1007658e-17	0.08880174
7.200147907371163e-10	-1.1056324e-07	3.8439316e-07	0.99428004	-2.1007658e-17	0.08880174
7.225314959060861e-10	-3.9998568e-07	8.204075e-08	0.99428	-2.1007658e-17	0.08880174
7.250482061840857e-10	-2.634884e-07	-3.2368564e-07	0.99428004	-2.1007658e-17	0.08880174
7.275155686326403e-10	1.602132e-07	-3.9558654e-07	0.99428004	-2.100766e-17	0.08880241
7.300322821337586e-10	4.3479622e-07	-4.3061515e-08	0.99428004	-2.1007656e-17	0.08880241
7.325489902436367e-10	2.459988e-07	3.7293643e-07	0.99428	-2.1007658e-17	0.08880174
7.350163570587208e-10	-2.1165327e-07	4.0335604e-07	0.99428	-2.1007658e-17	0.08880174
7.375330744810308e-10	-4.6483723e-07	-5.2674637e-10	0.99428	-2.1007658e-17	0.08880174
7.400004388027313e-10	-2.2813879e-07	-4.1678808e-07	0.99428	-2.1007658e-17	0.08880174
7.42517147577723e-10	2.6965915e-07	-4.046729e-07	0.99428	-2.1007656e-17	0.08880174
7.450338669539823e-10	4.94619e-07	5.2147893e-08	0.9942799	-2.1007656e-17	0.08880241
7.475012282699256e-10	1.981307e-07	4.6788247e-07	0.99428	-2.1007658e-17	0.08880174
7.500179422344386e-10	-3.290025e-07	4.007223e-07	0.99428	-2.1007658e-17	0.08880174
7.525346551477608e-10	-5.1834724e-07	-1.0864144e-07	0.99428	-2.1007658e-17	0.08880174
7.550020095424977e-10	-1.581844e-07	-5.1792335e-07	0.99428	-2.1007656e-17	0.08880174
7.575187215880449e-10	3.9467707e-07	-3.8939726e-07	0.99428	-2.1007658e-17	0.08880174
7.60035440844398e-10	5.402936e-07	1.7198269e-07	0.99428004	-2.1007658e-17	0.08880174
7.62502795792024e-10	1.1320932e-07	5.677009e-07	0.99428004	-2.1007658e-17	0.08880241
7.650195130127497e-10	-4.595862e-07	3.713562e-07	0.99428	-2.1007658e-17	0.08880174
7.675362211951007e-10	-5.536804e-07	-2.4019636e-07	0.99428	-2.1007658e-17	0.08880241
7.700035913465936e-10	-5.7250748e-08	-6.1471303e-07	0.99428	-2.1007658e-17	0.08880241
7.725202999994536e-10	5.29734e-07	-3.43702e-07	0.99428	-2.1007658e-17	0.08880107
7.750370194056547e-10	5.630425e-07	3.1604782e-07	0.99428004	-2.1007658e-17	0.08880174
7.775043807711197e-10	-4.5267265e-09	6.590914e-07	0.99428004	-2.1007656e-17	0.08880241
7.80021083982543e-10	-5.981164e-07	3.0814664e-07	0.99428004	-2.1007658e-17	0.08880174
7.825378111291721e-10	-5.621906e-07	-3.959816e-07	0.99428	-2.1007658e-17	0.08880174
7.850051723459498e-10	7.769509e-08	-6.985974e-07	0.99428004	-2.1007656e-17	0.08880174
7.875218800646546e-10	6.702601e-07	-2.613979e-07	0.99428004	-2.1007658e-17	0.08880174
7.900385966912955e-10	5.5523185e-07	4.826314e-07	0.99428004	-2.1007658e-17	0.08880174
7.925059492758967e-10	-1.5747042e-07	7.345478e-07	0.99428004	-2.1007658e-17	0.08880241
7.950226566081537e-10	-7.391857e-07	2.0556277e-07	0.99428004	-2.1007656e-17	0.08880107
7.975393736226683e-10	-5.3609614e-07	-5.717832e-07	0.99428004	-2.1007656e-17	0.08880174
8.00006743261977e-10	2.4777657e-07	-7.6220203e-07	0.99428004	-2.1007656e-17	0.08880174
8.025234479043832e-10	8.0808655e-07	-1.3761249e-07	0.99428004	-2.1007658e-17	0.08880174
8.050401671461904e-10	5.08516e-07	6.660708e-07	0.99428	-2.1007658e-17	0.08880241
8.075075196054528e-10	-3.4450449e-07	7.830085e-07	0.99428	-2.1007656e-17	0.08880174
8.100242351089812e-10	-8.715965e-07	5.8995596e-08	0.99428	-2.1007658e-17	0.08880174
8.12540950192573e-10	-4.6611294e-07	-7.6167527e-07	0.99428004	-2.1007656e-17	0.08880174
8.150083107430594e-10	4.5231053e-07	-7.930167e-07	0.99428004	-2.1007656e-17	0.08880174
8.175250169652349e-10	9.329501e-07	3.318502e-08	0.99428	-2.1007658e-17	0.08880241
8.200417364623522e-10	4.1361938e-07	8.596501e-07	0.99428	-2.1007658e-17	0.08880174
8.22509102640986e-10	-5.645733e-07	7.936751e-07	0.99428	-2.1007655e-17	0.08880174
8.250258097939271e-10	-9.857112e-07	-1.3497876e-07	0.99428004	-2.1007658e-17	0.08880174
8.27542520349053e-10	-3.446485e-07	-9.570982e-07	0.99428	-2.1007656e-17	0.08880174
8.300098899267429e-10	6.86725e-07	-7.810332e-07	0.99428	-2.1007658e-17	0.08880241
8.325265987237382e-10	1.0331183e-06	2.5119218e-07	0.99428	-2.1007656e-17	0.08880241
8.350433083041645e-10	2.6309334e-07	1.0542828e-06	0.99428	-2.1007656e-17	0.08880174
8.375106778168352e-10	-8.128149e-07	7.5469586e-07	0.99428	-2.1007656e-17	0.08880174
8.40027393360871e-10	-1.0680194e-06	-3.7846726e-07	0.99428004	-2.1007658e-17	0.08880241
8.425441001416141e-10	-1.6316793e-07	-1.1467268e-06	0.99428004	-2.1007658e-17	0.08880174
8.450114530492906e-10	9.4626284e-07	-7.1176606e-07	0.99428004	-2.1007656e-17	0.08880174
8.475281736270744e-10	1.0941304e-06	5.188452e-07	0.99428	-2.1007656e-17	0.08880174
8.500448820071274e-10	4.9983292e-08	1.2368005e-06	0.9942799	-2.1007656e-17	0.08880241
8.525122388602036e-10	-1.0815049e-06	6.543507e-07	0.99428004	-2.1007656e-17	0.08880241
8.550289558557754e-10	-1.1048813e-06	-6.6962633e-07	0.99428	-2.1007658e-17	0.08880241
8.57545670759706e-10	8.252634e-08	-1.3181829e-06	0.99428004	-2.1007658e-17	0.08880241
8.600130270682686e-10	1.2203437e-06	-5.766556e-07	0.99428004	-2.1007656e-17	0.08880174
8.625297413857957e-10	1.1013773e-06	8.312058e-07	0.99428004	-2.1007658e-17	0.08880241
8.650464526252779e-10	-2.2943715e-07	1.3912688e-06	0.99428004	-2.1007658e-17	0.08880241
8.675138188482037e-10	-1.3573555e-06	4.803927e-07	0.99428004	-2.1007658e-17	0.08880174
8.700305299174194e-10	-1.0777643e-06	-1.0013449e-06	0.99428004	-2.1007658e-17	0.08880174
8.725472458141053e-10	3.961709e-07	-1.4511862e-06	0.99428004	-2.1007658e-17	0.08880174
8.750146083003029e-10	1.4943548e-06	-3.6174308e-07	0.99428004	-2.1007658e-17	0.08880241
8.775313177089388e-10	1.0372542e-06	1.1810971e-06	0.99428	-2.1007656e-17	0.08880174
8.800480310108213e-10	-5.7667205e-07	1.4987252e-06	0.99428004	-2.1007658e-17	0.08880174
8.825153942028944e-10	-1.6247575e-06	2.230771e-07	0.99428	-2.1007658e-17	0.08880241
8.850320998577547e-10	-9.717071e-07	-1.3659851e-06	0.99428	-2.1007658e-17	0.08880174
8.875488062972368e-10	7.7623895e-07	-1.5279595e-06	0.99428004	-2.1007656e-17	0.08880174
8.900161757015436e-10	1.7507363e-06	-5.965403e-08	0.99428	-2.1007656e-17	0.08880241
8.925328879075327e-10	8.8509853e-07	1.5562722e-06	0.99428	-2.1007658e-17	0.08880174
8.950002470088329e-10	-9.553697e-07	1.5589059e-06	0.99428	-2.1007658e-17	0.08880174
8.975169685256949e-10	-1.8639167e-06	-1.2602408e-07	0.99428004	-2.1007658e-17	0.08880174
9.000336869392638e-10	-7.6875756e-07	-1.7477445e-06	0.99428	-2.1007658e-17	0.08880174
9.025010472166068e-10	1.1853316e-06	-1.5504779e-06	0.99428	-2.1007658e-17	0.08880174
9.05017753851952e-10	1.9670108e-06	3.3738107e-07	0.99428004	-2.1007656e-17	0.08880174
9.075344787585287e-10	6.281286e-07	1.9401386e-06	0.99428	-2.1007658e-17	0.08880107
9.100018311959127e-10	-1.4255115e-06	1.5186098e-06	0.99428004	-2.100766e-17	0.08880174
9.125185449174128e-10	-2.0502903e-06	-5.7099305e-07	0.99428004	-2.1007658e-17	0.08880241
9.150352539435151e-10	-4.547591e-07	-2.127792e-06	0.99428004	-2.1007658e-17	0.08880174
9.175026107530485e-10	1.6804321e-06	-1.4569805e-06	0.99428	-2.1007658e-17	0.08880174
9.200193263227518e-10	2.1169278e-06	8.2962555e-07	0.99428004	-2.1007656e-17	0.08880107
9.225360452516848e-10	2.5333208e-07	2.309651e-06	0.99428	-2.1007658e-17	0.08880174
9.250034124650264e-10	-1.9409679e-06	1.3653266e-06	0.99428	-2.1007658e-17	0.08880174
9.275201202740388e-10	-2.1560388e-06	-1.110118e-06	0.99428004	-2.1007656e-17	0.08880174
9.300368329607004e-10	-1.6969052e-08	-2.4791318e-06	0.99428	-2.1007658e-17	0.08880174
9.325042010445535e-10	2.2100096e-06	-1.2385124e-06	0.99428004	-2.1007658e-17	0.08880174
9.350209091912246e-10	2.1700387e-06	1.4132605e-06	0.99428	-2.1007656e-17	0.08880174
9.375376167842278e-10	-2.497066e-07	2.6346536e-06	0.99428	-2.1007656e-17	0.08880174
9.400049816850346e-10	-2.4798067e-06	1.0754844e-06	0.99428	-2.1007658e-17	0.08880107
9.425216932542142e-10	-2.1493393e-06	-1.7358927e-06	0.99428004	-2.1007658e-17	0.08880174
9.450384115058923e-10	5.528121e-07	-2.7695007e-06	0.99428	-2.1007658e-17	0.08880107
9.475057782132518e-10	2.7515955e-06	-8.7189693e-07	0.99428004	-2.1007658e-17	0.08880174
9.500224923433542e-10	2.0950267e-06	2.0776195e-06	0.99428004	-2.1007656e-17	0.08880241
9.525391972021396e-10	-8.86687e-07	2.8818295e-06	0.99428	-2.1007656e-17	0.08880241
9.55006556816689e-10	-3.014981e-06	6.276183e-07	0.99428	-2.1007658e-17	0.08880174
9.575232786117965e-10	-1.9973893e-06	-2.432778e-06	0.9942799	-2.1007656e-17	0.08880241
9.60039986959494e-10	1.2561749e-06	-2.9628168e-06	0.99428004	-2.1007658e-17	0.08880174
9.625073456456075e-10	3.2709056e-06	-3.3803948e-07	0.99428004	-2.1007658e-17	0.08880241
9.650240630390725e-10	1.8580896e-06	2.8007105e-06	0.99428004	-2.1007658e-17	0.08880174
9.675407717991388e-10	-1.6538314e-06	3.010092e-06	0.99428004	-2.100766e-17	0.08880241
9.70008144201901e-10	-3.5087894e-06	4.872404e-09	0.99428004	-2.1007658e-17	0.08880174
9.725248520599529e-10	-1.6679959e-06	-3.1749637e-06	0.99428004	-2.1007656e-17	0.08880241
9.750415534970643e-10	2.0840926e-06	-3.016413e-06	0.99428004	-2.1007658e-17	0.08880174
9.775089306302213e-10	3.727463e-06	3.762286e-07	0.99428004	-2.1007656e-17	0.08880174
9.800256390727917e-10	1.4275156e-06	3.5523776e-06	0.99428004	-2.1007656e-17	0.08880241
9.825423458167906e-10	-2.538827e-06	2.9769071e-06	0.99428	-2.1007658e-17	0.08880174
9.85009705901926e-10	-3.915092e-06	-8.0394665e-07	0.99428004	-2.1007658e-17	0.08880174
9.87526426645055e-10	-1.128159e-06	-3.926499e-06	0.99428004	-2.1007658e-17	0.08880241
9.900431351031482e-10	3.0204994e-06	-2.8841998e-06	0.99428004	-2.1007658e-17	0.08880241
9.925105026703182e-10	4.0711157e-06	1.2797303e-06	0.9942799	-2.1007656e-17	0.08880241
9.950272137443137e-10	7.7310733e-07	4.292588e-06	0.99428004	-2.1007658e-17	0.08880174
9.975439263117123e-10	-3.5190074e-06	2.735394e-06	0.99428004	-2.1007658e-17	0.08880107
1.0000112887655278e-09	-4.18258e-06	-1.7994973e-06	0.99428	-2.1007658e-17	0.08880174
1.002528006829082e-09	-3.5350854e-07	-4.640767e-06	0.99428	-2.1007658e-17	0.08880107
1.0050447202028692e-09	4.0348937e-06	-2.5210081e-06	0.99428	-2.1007658e-17	0.08880107
1.0075120774699719e-09	4.246975e-06	2.365618e-06	0.9942799	-2.1007658e-17	0.08880174
1.0100287910949353e-09	-1.2721748e-07	4.9668233e-06	0.99428004	-2.1007658e-17	0.08880174
1.0125455030085024e-09	-4.556982e-06	2.2402523e-06	0.99428004	-2.1007658e-17	0.08880241
1.0150128712851088e-09	-4.251152e-06	-2.972298e-06	0.99428	-2.1007658e-17	0.08880174
1.0175295825887847e-09	6.7590616e-07	-5.259299e-06	0.99428004	-2.1007656e-17	0.08880174
1.0200462923846296e-09	5.082802e-06	-1.8829866e-06	0.99428004	-2.1007658e-17	0.08880174
1.0225136522649015e-09	4.19279e-06	3.6176941e-06	0.99428004	-2.1007658e-17	0.08880241
1.025030366769867e-09	-1.286434e-06	5.5112155e-06	0.99428	-2.1007656e-17	0.08880241
1.0275470750282316e-09	-5.5993924e-06	1.4485526e-06	0.99428004	-2.1007658e-17	0.08880174
1.0300144563701915e-09	-4.0572395e-06	-4.2957486e-06	0.99428	-2.1007658e-17	0.08880241
1.032531165068622e-09	1.9658175e-06	-5.7113793e-06	0.99428004	-2.1007658e-17	0.08880174
1.0350478795311953e-09	6.1041633e-06	-9.291806e-07	0.99428	-2.1007658e-17	0.08880241
1.0375152240206364e-09	3.8429853e-06	5.002642e-06	0.99428004	-2.1007658e-17	0.08880241
1.0400319437347756e-09	-2.706106e-06	5.8516257e-06	0.99428004	-2.1007658e-17	0.08880241
1.0425486534727938e-09	-6.581025e-06	3.2460744e-07	0.99428004	-2.1007658e-17	0.08880241
1.0450160209879637e-09	-3.535785e-06	-5.728235e-06	0.99428004	-2.1007658e-17	0.08880174
1.0475327296809347e-09	3.5105795e-06	-5.918522e-06	0.99428004	-2.1007658e-17	0.08880241
1.050000091811447e-09	7.027455e-06	2.2083842e-07	0.99428	-2.1007658e-17	0.08880241
1.0525167925622612e-09	3.1336472e-06	6.466865e-06	0.99428	-2.1007658e-17	0.08880174
1.0550335082360125e-09	-4.3682376e-06	5.9036415e-06	0.99428004	-2.1007658e-17	0.08880174
1.0575008838362262e-09	-7.436161e-06	-9.968675e-07	0.99428	-2.1007658e-17	0.08880107
1.06001760036944e-09	-2.6233204e-06	-7.206154e-06	0.99428004	-2.1007658e-17	0.08880174
1.0625343091206191e-09	5.2811347e-06	-5.79263e-06	0.99428004	-2.1007656e-17	0.08880107
1.065001673557263e-09	7.788455e-06	1.8670526e-06	0.99428004	-2.1007658e-17	0.08880107
1.0675183861135141e-09	2.0043851e-06	7.937015e-06	0.99428004	-2.1007658e-17	0.08880241
1.0700350996363553e-09	-6.234924e-06	5.5783757e-06	0.99428004	-2.1007658e-17	0.08880174
1.0725024648639483e-09	-8.065965e-06	-2.8277063e-06	0.99428004	-2.1007656e-17	0.08880241
1.0750191750019863e-09	-1.2645205e-06	-8.644566e-06	0.99428004	-2.1007658e-17	0.08880241
1.0775358822534148e-09	7.227627e-06	-5.2447476e-06	0.99428004	-2.1007658e-17	0.08880107
1.0800032506183996e-09	8.258404e-06	3.8789603e-06	0.99428004	-2.1007656e-17	0.08880241
1.0825199622414412e-09	4.0516468e-07	9.316695e-06	0.99428004	-2.1007658e-17	0.08880174
1.0850366659960848e-09	-8.242474e-06	4.7847006e-06	0.99428004	-2.1007658e-17	0.08880241
1.0875040296445886e-09	-8.345975e-06	-5.0150206e-06	0.99428	-2.1007658e-17	0.08880241
1.090020746205135e-09	5.832235e-07	-9.935226e-06	0.99428004	-2.1007658e-17	0.08880241
1.09253745339913e-09	9.272654e-06	-4.184078e-06	0.99428004	-2.1007658e-17	0.08880174
1.0950048086154963e-09	8.317782e-06	6.2319364e-06	0.99428004	-2.1007658e-17	0.08880174
1.0975215252248267e-09	-1.6967817e-06	1.0485808e-05	0.99428	-2.1007658e-17	0.08880174
1.1000382408716747e-09	-1.0298365e-05	3.436625e-06	0.99428	-2.1007658e-17	0.08880174
1.1025056092396575e-09	-8.153871e-06	-7.519634e-06	0.99428	-2.1007656e-17	0.08880241
1.1050223136431532e-09	2.941648e-06	-1.0949477e-05	0.99428	-2.1007658e-17	0.08880174
1.1075390280166565e-09	1.1308891e-05	-2.5291727e-06	0.9942799	-2.1007658e-17	0.08880241
1.1100063940321864e-09	7.841949e-06	8.870409e-06	0.99428004	-2.1007658e-17	0.08880174
1.1125231026905544e-09	-4.3110736e-06	1.1306348e-05	0.99428	-2.1007658e-17	0.08880174
1.1150398264375976e-09	-1.2281051e-05	1.4576389e-06	0.99428	-2.1007658e-17	0.08880174
1.117507183862266e-09	-7.3614247e-06	-1.0269448e-05	0.99428004	-2.1007658e-17	0.08880174
1.1200238883157639e-09	5.8074406e-06	-1.1536141e-05	0.99428	-2.1007658e-17	0.08880174
1.12254060579792e-09	1.3199655e-05	-2.1385902e-07	0.99428004	-2.1007658e-17	0.08880174
1.1250079617709857e-09	6.7028272e-06	1.1704173e-05	0.99428	-2.1007656e-17	0.08880241
1.1275246775781118e-09	-7.417486e-06	1.1619367e-05	0.99428	-2.1007658e-17	0.08880174
1.1300413978915342e-09	-1.4037618e-05	-1.2055908e-06	0.99428	-2.1007658e-17	0.08880107
1.1325087535950168e-09	-5.844934e-06	-1.31544375e-05	0.99428004	-2.1007658e-17	0.08880174
1.1350254682568124e-09	9.139132e-06	-1.15315315e-05	0.99428004	-2.1007658e-17	0.08880174
1.1375421794840523e-09	1.4775714e-05	2.805188e-06	0.99428004	-2.1007656e-17	0.08880174
1.1400095396997577e-09	4.779207e-06	1.4603384e-05	0.99428004	-2.1007658e-17	0.08880107
1.142526241327248e-09	-1.0954543e-05	1.1252883e-05	0.99428	-2.1007658e-17	0.08880241
1.1450429689716865e-09	-1.5383246e-05	-4.5819033e-06	0.99428004	-2.1007656e-17	0.08880174
1.1475103282932686e-09	-3.4876866e-06	-1.6023889e-05	0.9942799	-2.1007658e-17	0.08880241
1.1500270355755317e-09	1.2854768e-05	-1.07580045e-05	0.99428004	-2.1007656e-17	0.08880174
1.1525437525078571e-09	1.5837411e-05	6.535869e-06	0.99428004	-2.1007658e-17	0.08880174
1.155011109411223e-09	1.9649326e-06	1.7392771e-05	0.99428	-2.1007655e-17	0.08880241
1.1575278199112121e-09	-1.4815045e-05	1.00272755e-05	0.99428004	-2.1007658e-17	0.08880174
1.1600445331163496e-09	-1.6104286e-05	-8.658789e-06	0.99428004	-2.1007658e-17	0.08880174
1.1625119066916516e-09	-1.9569862e-07	-1.8680534e-05	0.99428004	-2.1007658e-17	0.08880174
1.16502861302394e-09	1.6821507e-05	-9.037651e-06	0.9942799	-2.1007658e-17	0.08880174
1.1675453313719231e-09	1.6161312e-05	1.0943946e-05	0.99428004	-2.1007658e-17	0.08880174
1.1700127086718447e-09	-1.8193491e-06	1.9857021e-05	0.99428	-2.1007658e-17	0.08880241
1.1725294011236797e-09	-1.8841236e-05	7.770168e-06	0.99428	-2.1007658e-17	0.08880174
1.1750461143036692e-09	-1.5970176e-05	-1.3374749e-05	0.99428	-2.1007658e-17	0.08880241
1.177513476615257e-09	4.089593e-06	-2.0886284e-05	0.99428004	-2.1007656e-17	0.08880241
1.1800301865429274e-09	2.085107e-05	-6.203624e-06	0.9942799	-2.1007658e-17	0.08880107
1.182546893388864e-09	1.55069e-05	1.5936053e-05	0.99428	-2.1007658e-17	0.08880174
1.185014273619904e-09	-6.608515e-06	2.1734346e-05	0.99428	-2.1007656e-17	0.08880174
1.1875309835255213e-09	-2.281211e-05	4.3243244e-06	0.99428	-2.1007658e-17	0.08880174
1.1900476910599917e-09	-1.473359e-05	-1.8604023e-05	0.99428004	-2.1007658e-17	0.08880241
1.1925150464954752e-09	9.377847e-06	-2.235933e-05	0.99428004	-2.1007658e-17	0.08880174
1.195031767449375e-09	2.4692397e-05	-2.1138333e-06	0.9942799	-2.1007658e-17	0.08880241
1.197548483230345e-09	1.3624999e-05	2.1354035e-05	0.99428	-2.1007658e-17	0.08880241
1.2000158382264816e-09	-1.2384198e-05	2.2722521e-05	0.99428	-2.1007658e-17	0.08880241
1.2025325544530288e-09	-2.6446072e-05	-4.3693612e-07	0.99428	-2.1007658e-17	0.08880241
1.205049259855762e-09	-1.2146753e-05	-2.4152243e-05	0.99428004	-2.1007658e-17	0.08880241
1.2075166342060305e-09	1.5617697e-05	-2.2781122e-05	0.99428	-2.1007658e-17	0.08880241
1.21003334499913e-09	2.8033717e-05	3.335885e-06	0.99428004	-2.1007656e-17	0.08880174
1.2125007069732266e-09	1.0844572e-05	2.6726584e-05	0.99428	-2.1007658e-17	0.08880174
1.2150174079371698e-09	-1.9054762e-05	2.249365e-05	0.99428	-2.1007658e-17	0.08880241
1.21753411673825e-09	-2.9402045e-05	-6.5853833e-06	0.9942799	-2.1007658e-17	0.08880174
1.2200014835477085e-09	-8.610286e-06	-2.9555476e-05	0.99428	-2.1007658e-17	0.08880174
1.2225181998833831e-09	2.2676842e-05	-2.1813752e-05	0.9942799	-2.1007658e-17	0.08880174
1.2250349092863816e-09	3.050636e-05	1.018609e-05	0.99428004	-2.1007656e-17	0.08880174
1.2275022675448216e-09	5.935123e-06	3.2317734e-05	0.99428	-2.1007658e-17	0.08880174
1.230018985435738e-09	-2.6445417e-05	2.0700738e-05	0.99428	-2.1007656e-17	0.08880241
1.232535700158817e-09	-3.1284133e-05	-1.4126679e-05	0.99428	-2.1007658e-17	0.08880241
1.2350030664600473e-09	-2.7915748e-06	-3.4958444e-05	0.99428004	-2.1007655e-17	0.08880174
1.2375197772730865e-09	3.0328849e-05	-1.9107592e-05	0.99428004	-2.1007656e-17	0.08880174
1.240036490807269e-09	3.1685053e-05	1.839767e-05	0.99428004	-2.1007658e-17	0.08880241
1.2425038457182848e-09	-8.311399e-07	3.742296e-05	0.99428	-2.1007658e-17	0.08880174
1.2450205629488552e-09	-3.4277247e-05	1.6995999e-05	0.99428	-2.1007656e-17	0.08880174
1.2475372700948425e-09	-3.164499e-05	-2.2974174e-05	0.99428	-2.1007656e-17	0.08880174
1.25000463445361e-09	4.946165e-06	-3.9645038e-05	0.99428004	-2.1007658e-17	0.08880241
1.2525213470022883e-09	3.824163e-05	-1.4324604e-05	0.9942799	-2.1007656e-17	0.08880174
1.2550380526356148e-09	3.110736e-05	2.7829987e-05	0.99428	-2.1007655e-17	0.08880174
1.2575054146540465e-09	-9.555031e-06	4.1558247e-05	0.9942799	-2.1007655e-17	0.08880174
1.2600221301326127e-09	-4.2158408e-05	1.1057987e-05	0.99428	-2.1007656e-17	0.08880241
1.2625388403207437e-09	-3.0005474e-05	-3.292652e-05	0.99428	-2.100766e-17	0.08880241
1.2650062109165548e-09	1.4659701e-05	-4.3087854e-05	0.99428	-2.1007656e-17	0.08880241
1.267522925962321e-09	4.5965357e-05	-7.162434e-06	0.99428004	-2.1007656e-17	0.08880174
1.2700396329626256e-09	2.8285911e-05	3.8220453e-05	0.9942799	-2.1007658e-17	0.08880107
1.2725069967937183e-09	-2.0242978e-05	4.415985e-05	0.99428	-2.1007658e-17	0.08880174
1.275023718050751e-09	-4.9583192e-05	2.614374e-06	0.99428	-2.1007656e-17	0.08880107
1.277540426014475e-09	-2.5882679e-05	-4.3654105e-05	0.99428	-2.1007658e-17	0.08880174
1.2800077811879495e-09	2.6290982e-05	-4.4691533e-05	0.99428004	-2.1007656e-17	0.08880241
1.282524502514634e-09	5.293356e-05	2.608053e-06	0.99428	-2.1007655e-17	0.08880174
1.285041206944263e-09	2.274466e-05	4.916295e-05	0.9942799	-2.1007656e-17	0.08880241
1.287508580385956e-09	-3.2766704e-05	4.4599878e-05	0.99428	-2.1007656e-17	0.08880174
1.2900252946659385e-09	-5.5921097e-05	-8.5153815e-06	0.99428	-2.1007656e-17	0.08880174
1.2925420018200608e-09	-1.8811274e-05	-5.467035e-05	0.9942799	-2.1007656e-17	0.08880174
1.2950093763505128e-09	3.9635488e-05	-4.3798304e-05	0.9942799	-2.1007656e-17	0.08880174
1.297526091154083e-09	5.845391e-05	1.5113934e-05	0.99428	-2.1007656e-17	0.08880174
1.3000428051263934e-09	1.4039034e-05	6.0092083e-05	0.9942799	-2.1007656e-17	0.08880107
1.302510162365468e-09	-4.683865e-05	4.2201933e-05	0.99428	-2.1007656e-17	0.08880174
1.3050268731768354e-09	-6.0423892e-05	-2.2394623e-05	0.9942799	-2.1007656e-17	0.08880174
1.307543590232732e-09	-8.3800205e-06	-6.532972e-05	0.9942799	-2.1007656e-17	0.08880174
1.3100109557252353e-09	5.431747e-05	-3.972379e-05	0.99428	-2.1007656e-17	0.08880241
1.3125276696055515e-09	6.172841e-05	3.0340196e-05	0.9942799	-2.1007656e-17	0.08880174
1.315044374482389e-09	1.806666e-06	7.027837e-05	0.9942799	-2.1007653e-17	0.08880241
1.3175117528496708e-09	-6.198606e-05	3.628229e-05	0.99428	-2.1007656e-17	0.08880174
1.32002846440895e-09	-6.2248386e-05	-3.8916023e-05	0.99428	-2.1007656e-17	0.08880174
1.3225451681326873e-09	5.7135276e-06	-7.481747e-05	0.9942799	-2.1007656e-17	0.08880174
1.32501253824327e-09	6.975796e-05	-3.179428e-05	0.9942799	-2.1007656e-17	0.08880241
1.3275292476333761e-09	6.187212e-05	4.808009e-05	0.99427986	-2.1007656e-17	0.08880107
1.3300459581545032e-09	-1.4188494e-05	7.882252e-05	0.9942799	-2.1007655e-17	0.08880241
1.3325133277340991e-09	-7.752028e-05	2.6185617e-05	0.9942799	-2.1007655e-17	0.08880241
1.335030043323083e-09	-6.0474234e-05	-5.7769328e-05	0.99428	-2.1007655e-17	0.08880107
1.3375467584809075e-09	2.3625274e-05	-8.215347e-05	0.9942799	-2.1007656e-17	0.08880107
1.3400141257519188e-09	8.515705e-05	-1.9386374e-05	0.9942799	-2.1007656e-17	0.08880241
1.3425308394743901e-09	5.794199e-05	6.7906956e-05	0.99427986	-2.1007656e-17	0.08880241
1.3450475560585192e-09	-3.4003257e-05	8.4667765e-05	0.99427986	-2.1007653e-17	0.08880174
1.347514926231363e-09	-9.252416e-05	1.1340323e-05	0.99427986	-2.1007656e-17	0.08880241
1.350031623102215e-09	-5.4149332e-05	-7.8393685e-05	0.9942799	-2.1007655e-17	0.08880174
1.3525483423141437e-09	4.529832e-05	-8.62081e-05	0.99428	-2.1007655e-17	0.08880174
1.3550157086887132e-09	9.947577e-05	-1.994525e-06	0.99427986	-2.1007655e-17	0.08880174
1.3575324200201323e-09	4.898578e-05	8.911943e-05	0.99427986	-2.1007656e-17	0.08880174
1.3600491409658382e-09	-5.745713e-05	8.662015e-05	0.99427986	-2.1007655e-17	0.08880174
1.3625164902474056e-09	-0.00010584058	-8.680386e-06	0.99427986	-2.1007651e-17	0.08880174
1.365033219812257e-09	-4.2337237e-05	-9.9946046e-05	0.99427986	-2.1007653e-17	0.08880174
1.3675005791888462e-09	6.8538495e-05	-8.718179e-05	0.99427986	-2.1007655e-17	0.08880174
1.3700172873358991e-09	0.000111442685	2.0707981e-05	0.99427986	-2.1007653e-17	0.08880174
1.3725340133706393e-09	3.41053e-05	0.00011072163	0.99427986	-2.1007653e-17	0.08880174
1.3750013806429611e-09	-8.223915e-05	8.513143e-05	0.99427986	-2.1007653e-17	0.08880174
1.3775180944016801e-09	-0.00011608281	-3.408615e-05	0.99427986	-2.1007653e-17	0.08880174
1.3800348057214618e-09	-2.4192708e-05	-0.000121268735	0.99427986	-2.1007653e-17	0.08880241
1.3825021628172957e-09	9.6565585e-05	-8.146673e-05	0.99427986	-2.1007653e-17	0.08880241
1.3850188693559292e-09	0.00011956142	4.8794096e-05	0.99427986	-2.100765e-17	0.08880174
1.3875355965607375e-09	1.2525181e-05	0.00013139333	0.99427986	-2.100765e-17	0.08880241
1.3900029448069265e-09	-0.00011137812	7.6022276e-05	0.99427986	-2.1007653e-17	0.08880241
1.39251967237091e-09	-0.00012165602	-6.4789674e-05	0.99427986	-2.1007648e-17	0.08880174
1.3950363858236768e-09	9.64448e-07	-0.00014087609	0.99427986	-2.1007648e-17	0.08880241
1.3975037607162451e-09	0.00012651824	-6.863018e-05	0.9942798	-2.100765e-17	0.08880241
1.4000204776644323e-09	0.00012214636	8.200217e-05	0.9942798	-2.1007651e-17	0.08880107
1.4025371949245092e-09	-1.631559e-05	0.00014948404	0.9942798	-2.1007648e-17	0.08880174
1.4050045537160363e-09	-0.00014178983	5.9140846e-05	0.9942798	-2.1007648e-17	0.08880174
1.4075212721293796e-09	-0.00012079749	-0.00010033017	0.9942798	-2.100765e-17	0.08880241
1.4100379831098992e-09	3.355101e-05	-0.00015695646	0.9942798	-2.1007648e-17	0.08880174
1.412505346529037e-09	0.0001569788	-4.740612e-05	0.9942798	-2.1007648e-17	0.08880241
1.4150220699203552e-09	0.000117378244	0.00011964689	0.9942798	-2.1007648e-17	0.08880241
1.417538786544926e-09	-5.2661602e-05	0.00016302221	0.9942798	-2.1007648e-17	0.08880174
1.420006158361949e-09	-0.00017183168	3.329722e-05	0.9942796	-2.1007646e-17	0.08880241
1.4225228801744776e-09	-0.00011164735	-0.0001397861	0.9942796	-2.1007646e-17	0.08880241
1.4250396008247985e-09	7.361574e-05	-0.00016738682	0.9942796	-2.1007643e-17	0.08880241
1.4275069614989047e-09	0.00018607399	-1.6704049e-05	0.9942796	-2.1007645e-17	0.08880174
1.4300236715026462e-09	0.000103379425	0.00016054972	0.99427956	-2.1007645e-17	0.08880241
1.4325403865486373e-09	-9.6334275e-05	0.0001697481	0.99427956	-2.1007645e-17	0.08880241
1.435007753003997e-09	-0.00019939235	-2.4604324e-06	0.9942796	-2.1007643e-17	0.08880308
1.4375244835628149e-09	-9.234157e-05	-0.0001816984	0.9942796	-2.100764e-17	0.08880174
1.4400411929326533e-09	0.00012071752	-0.00016978629	0.99427956	-2.1007643e-17	0.08880241
1.4425085704200945e-09	0.00021145519	2.425733e-05	0.99427956	-2.1007641e-17	0.08880241
1.4450252848654302e-09	7.832811e-05	0.0002029567	0.99427956	-2.1007641e-17	0.08880174
1.4475420102549414e-09	-0.00014661025	0.00016717915	0.99427956	-2.1007638e-17	0.08880174
1.4500093583237399e-09	-0.00022189476	-4.8708633e-05	0.9942795	-2.1007635e-17	0.08880241
1.4525260770376063e-09	-6.113891e-05	-0.0002240068	0.9942795	-2.1007636e-17	0.08880241
1.4550427977648722e-09	0.00017382197	-0.0001616021	0.99427956	-2.1007636e-17	0.08880241
1.4575101839020465e-09	0.00023032838	7.580855e-05	0.9942795	-2.1007635e-17	0.08880174
1.4600268958350511e-09	4.0602907e-05	0.00024449526	0.99427944	-2.1007631e-17	0.08880174
1.4625436100389806e-09	-0.00020210935	0.00015272525	0.99427944	-2.1007631e-17	0.08880308
1.4650109645217843e-09	-0.00023634067	-0.00010549321	0.99427944	-2.100763e-17	0.08880174
1.4675276894722849e-09	-1.657357e-05	-0.00026401793	0.9942793	-2.1007628e-17	0.08880241
1.4700444148733822e-09	0.00023118412	-0.00014022778	0.9942794	-2.1007628e-17	0.08880241
1.4725117808692533e-09	0.00023950324	0.00013767077	0.9942793	-2.1007626e-17	0.08880174
1.4750285041200212e-09	-1.1059809e-05	0.00028214234	0.99427927	-2.1007625e-17	0.08880174
1.4775452133812785e-09	-0.00026069736	0.00012380528	0.99427927	-2.1007625e-17	0.08880174
1.4800126031611654e-09	-0.00023936514	-0.00017217943	0.9942792	-2.1007623e-17	0.08880107
1.4825293204156187e-09	4.2371437e-05	-0.00029838647	0.9942791	-2.1007621e-17	0.08880174
1.4850460334857871e-09	0.0002902576	-0.00010315946	0.9942791	-2.1007621e-17	0.08880174
1.4875133867264397e-09	0.00023548034	0.00020880476	0.9942791	-2.1007618e-17	0.08880174
1.4900301024273066e-09	-7.737348e-05	0.0003122392	0.994279	-2.1007617e-17	0.08880174
1.4925468371338665e-09	-0.00031940083	7.803287e-05	0.99427897	-2.1007615e-17	0.08880174
1.4950142035381975e-09	-0.00022737347	-0.00024727397	0.9942789	-2.1007613e-17	0.08880174
1.4975309113123614e-09	0.00011604819	-0.00032314548	0.99427897	-2.1007612e-17	0.08880174
1.5000476484725565e-09	0.00034762008	-4.8187812e-05	0.9942789	-2.1007608e-17	0.08880174
1.5025150137135287e-09	0.00021459305	0.00028724212	0.9942789	-2.1007605e-17	0.08880241
1.5050317340078288e-09	-0.00015829594	0.0003305278	0.9942787	-2.1007605e-17	0.08880241
1.5075484369541912e-09	-0.00037434016	1.344125e-05	0.9942787	-2.1007603e-17	0.08880174
1.5100158088447141e-09	-0.0001966843	-0.0003282902	0.99427867	-2.1007598e-17	0.08880174
1.512532525284261e-09	0.00020395346	-0.00033378106	0.99427855	-2.10076e-17	0.08880174
1.51504923064573e-09	0.00039894207	2.6354306e-05	0.99427855	-2.1007593e-17	0.08880241
1.5175166151158233e-09	0.00017321459	0.00036993384	0.99427843	-2.1007592e-17	0.08880241
1.5200333425319088e-09	-0.00025278685	0.00033228003	0.99427843	-2.1007588e-17	0.08880174
1.5225006962226548e-09	-0.0004219871	-6.2259445e-05	0.9942784	-2.1007585e-17	0.08880241
1.5250174081259297e-09	-0.00014377545	-0.00041160017	0.99427825	-2.1007582e-17	0.08880107
1.5275341272496788e-09	0.00030447374	-0.00032538894	0.9942783	-2.1007577e-17	0.08880174
1.530001489649878e-09	0.0004413182	0.00011190088	0.9942781	-2.1007575e-17	0.08880241
1.532518199509306e-09	0.00010800008	0.00045264725	0.994278	-2.100757e-17	0.08880174
1.535034916900771e-09	-0.00035860584	0.00031246734	0.994278	-2.1007565e-17	0.08880241
1.5375022795943702e-09	-0.00045645886	-0.0001667039	0.99427783	-2.1007562e-17	0.08880174
1.5400189946101316e-09	-6.5561086e-05	-0.0004923517	0.9942778	-2.100756e-17	0.08880241
1.542535703884529e-09	0.00041468412	-0.00029288087	0.9942778	-2.1007554e-17	0.08880174
1.545003068477042e-09	0.00046660143	0.00022653597	0.9942775	-2.1007552e-17	0.08880241
1.547519796795821e-09	1.6198965e-05	0.0005299142	0.9942775	-2.1007544e-17	0.08880241
1.5500365026309243e-09	-0.00047210546	0.0002660091	0.9942773	-2.100754e-17	0.08880174
1.5525038851931868e-09	-0.00047088697	-0.00029117012	0.9942773	-2.1007534e-17	0.08880107
1.5550205712369046e-09	4.0275892e-05	-0.0005644542	0.9942771	-2.1007527e-17	0.08880174
1.557537306154737e-09	0.00053016905	-0.0002312589	0.9942769	-2.1007524e-17	0.08880107
1.5600046660251367e-09	0.00046844812	0.0003602572	0.9942768	-2.1007519e-17	0.08880241
1.5625213810123287e-09	-0.00010398541	0.0005950159	0.9942767	-2.100751e-17	0.08880308
1.5650381090972141e-09	-0.000588056	0.0001880769	0.9942765	-2.1007504e-17	0.08880174
1.5675054552661826e-09	-0.00045837674	-0.00043334832	0.9942764	-2.1007499e-17	0.08880174
1.5700221748383608e-09	0.00017493646	-0.0006205694	0.9942763	-2.100749e-17	0.08880241
1.5725388856905913e-09	0.00064484467	-0.00013596733	0.994276	-2.1007483e-17	0.08880241
1.575006279862426e-09	0.0004397654	0.00050987036	0.9942759	-2.1007474e-17	0.08880241
1.5775229791244349e-09	-0.00025303813	0.00064002	0.9942757	-2.1007468e-17	0.08880241
1.5800396923924792e-09	-0.0006995022	7.44822e-05	0.9942755	-2.1007456e-17	0.08880174
1.58250704840415e-09	-0.00041173265	-0.00058909523	0.99427533	-2.1007451e-17	0.08880241
1.5850237762249217e-09	0.00033807254	-0.0006522213	0.9942752	-2.100744e-17	0.08880174
1.5875404759169603e-09	0.00075088796	-3.2905846e-06	0.9942749	-2.1007431e-17	0.08880107
1.5900078412221458e-09	0.00037339487	0.00067018904	0.9942747	-2.100742e-17	0.08880174
1.592524579744512e-09	-0.00042967938	0.0006559783	0.9942744	-2.1007411e-17	0.08880308
1.5950412798081365e-09	-0.00079774595	-7.7861805e-05	0.99427426	-2.10074e-17	0.08880241
1.5975086590850402e-09	-0.00032390803	-0.0007521522	0.99427384	-2.1007388e-17	0.08880241
1.600025363921068e-09	0.00052734895	-0.0006500661	0.9942736	-2.1007377e-17	0.08880241
1.6025420874078423e-09	0.0008387284	0.00016909494	0.99427336	-2.1007363e-17	0.08880308
1.6050094413351715e-09	0.00026252263	0.00083382917	0.99427307	-2.1007352e-17	0.08880308
1.6075261671376288e-09	-0.00063041627	0.0006332349	0.99427277	-2.1007337e-17	0.08880174
1.6100428956260383e-09	-0.00087238755	-0.00027039036	0.99427253	-2.100732e-17	0.08880308
1.612510249727808e-09	-0.00018851344	-0.0009139261	0.9942721	-2.1007305e-17	0.08880241
1.6150269534496738e-09	0.00073803845	-0.00060424645	0.99427176	-2.1007294e-17	0.08880241
1.617543689973203e-09	0.0008972086	0.0003815743	0.9942714	-2.1007274e-17	0.08880174
1.6200110555860233e-09	0.000101298654	0.0009909957	0.99427104	-2.100726e-17	0.08880241
1.6225278017586998e-09	-0.00084920094	0.0005618485	0.9942707	-2.1007244e-17	0.08880174
1.625044498363122e-09	-0.00091158226	-0.00050230784	0.9942702	-2.1007223e-17	0.08880375
1.6275118721482877e-09	-3.8616682e-07	-0.0010634358	0.9942698	-2.1007201e-17	0.08880308
1.6300286107174322e-09	0.000962659	-0.0005048752	0.99426925	-2.1007181e-17	0.08880241
1.6325453117082697e-09	0.0009138493	0.0006320501	0.9942688	-2.1007163e-17	0.08880308
1.6350126911740759e-09	-0.00011455465	0.0011294931	0.9942683	-2.100714e-17	0.08880241
1.6375293954110926e-09	-0.0010769896	0.00043218883	0.9942679	-2.1007117e-17	0.08880308
1.640046125434075e-09	-0.00090229936	-0.00077005103	0.9942673	-2.1007094e-17	0.08880241
1.6425134890183496e-09	0.00024368924	-0.0011872734	0.9942667	-2.1007067e-17	0.08880308
1.6450302119328022e-09	0.0011905817	-0.0003427078	0.99426603	-2.1007042e-17	0.08880241
1.647546930854725e-09	0.00087521406	0.00091533357	0.9942655	-2.1007013e-17	0.08880241
1.6500143080706688e-09	-0.00038701465	0.0012347512	0.9942649	-2.1006988e-17	0.08880241
1.6525310301166835e-09	-0.0013015823	0.00023550745	0.9942642	-2.1006956e-17	0.08880174
1.655047776331542e-09	-0.00083084975	-0.0010666978	0.9942635	-2.1006927e-17	0.08880308
1.6575151575873065e-09	0.00054430496	-0.0012697901	0.9942628	-2.1006894e-17	0.08880241
1.6600318842457398e-09	0.0014079609	-0.00010976907	0.994262	-2.1006857e-17	0.08880375
1.662548607129384e-09	0.00076755026	0.0012226645	0.9942611	-2.1006822e-17	0.08880308
1.6650159989311775e-09	-0.00071505655	0.0012901739	0.99426043	-2.1006784e-17	0.08880241
1.667532715644069e-09	-0.0015074719	-3.509645e-05	0.99425954	-2.1006748e-17	0.08880241
1.6700001016371557e-09	-0.00071268034	-0.0013660237	0.99425864	-2.1006707e-17	0.08880308
1.6725168575688653e-09	0.00089854846	-0.0012935877	0.9942576	-2.100666e-17	0.08880241
1.6750335467622394e-09	0.0015976874	0.00019952362	0.99425673	-2.1006617e-17	0.08880241
1.6775009822216333e-09	0.0006101469	0.0015279109	0.9942556	-2.1006573e-17	0.08880308
1.6800177115319586e-09	-0.0010937302	0.0012776725	0.9942544	-2.1006523e-17	0.08880308
1.682534439724775e-09	-0.0016759633	-0.00038374923	0.9942533	-2.1006472e-17	0.08880375
1.6850018443681624e-09	-0.00048407505	-0.0016888878	0.9942522	-2.1006419e-17	0.08880308
1.6875185892662948e-09	0.001299292	-0.0012400222	0.994251	-2.1006366e-17	0.08880241
1.690035324915192e-09	0.0017395251	0.0005876582	0.9942496	-2.1006303e-17	0.08880241
1.6925027223403965e-09	0.00033313953	0.0018464464	0.9942483	-2.1006245e-17	0.08880174
1.695019465532239e-09	-0.0015135652	0.0011782873	0.9942469	-2.1006182e-17	0.08880375
1.6975362297658054e-09	-0.0017854501	-0.0008109021	0.99424535	-2.1006113e-17	0.08880443
1.7000036141549395e-09	-0.00015622917	-0.0019978073	0.99424386	-2.1006047e-17	0.08880375
1.7025203709225637e-09	0.0017345853	-0.0010901234	0.9942422	-2.1005975e-17	0.08880241
1.7050371344720504e-09	0.0018107002	0.0010527722	0.99424046	-2.10059e-17	0.08880308
1.7075045266163067e-09	-4.7544203e-05	0.002139907	0.99423873	-2.1005818e-17	0.08880241
1.7100213062956349e-09	-0.0019599996	0.0009732704	0.9942369	-2.1005735e-17	0.08880241
1.712538063747976e-09	-0.001812117	-0.0013122436	0.99423486	-2.1005651e-17	0.08880375
1.7150054813062532e-09	0.00027882872	-0.0022694345	0.99423283	-2.100556e-17	0.08880443
1.7175222761960326e-09	0.002187136	-0.00082559977	0.99423087	-2.1005466e-17	0.08880308
1.7200390258334296e-09	0.001786535	0.0015879199	0.99422854	-2.1005365e-17	0.08880443
1.7225064700549044e-09	-0.00053792185	0.0023828736	0.99422616	-2.1005266e-17	0.08880308
1.7250232182029354e-09	-0.0024129425	0.0006452313	0.9942238	-2.1005155e-17	0.08880308
1.7275400254938165e-09	-0.0017307422	-0.0018779933	0.99422127	-2.1005044e-17	0.0888051
1.730007456275463e-09	0.00082475616	-0.0024764878	0.99421865	-2.1004923e-17	0.08880443
1.7325242215811565e-09	0.0026340778	-0.00043033282	0.9942158	-2.10048e-17	0.08880308
1.7350410110978508e-09	0.001641627	0.0021802203	0.9942129	-2.1004673e-17	0.08880375
1.7375084424494615e-09	-0.0011389251	0.00254641	0.99420995	-2.100454e-17	0.08880375
1.7400252442025855e-09	-0.0028468452	0.00017947513	0.9942066	-2.1004395e-17	0.08880375
1.7425420371461593e-09	-0.0015160794	-0.0024920318	0.9942033	-2.1004247e-17	0.08880375
1.7450095005521265e-09	0.0014797011	-0.002588587	0.9941998	-2.1004096e-17	0.0888051
1.747526334251214e-09	0.0030472567	0.0001085804	0.9941963	-2.100393e-17	0.08880375
1.750043134388738e-09	0.0013511116	0.002810418	0.99419236	-2.1003762e-17	0.08880443
1.7525106190784727e-09	-0.0018458389	0.002598913	0.9941884	-2.1003583e-17	0.08880443
1.7550274176556274e-09	-0.003231058	-0.0004345728	0.9941843	-2.1003398e-17	0.0888051
1.757544231163767e-09	-0.0011440476	-0.003131925	0.99417984	-2.1003203e-17	0.08880375
1.7600117158758032e-09	0.0022355875	-0.0025733407	0.9941754	-2.1003004e-17	0.08880577
1.7625285498499617e-09	0.0033937828	0.00079903094	0.9941705	-2.1002787e-17	0.0888051
1.7650454050954483e-09	0.000892269	0.003452813	0.9941655	-2.1002564e-17	0.08880443
1.7675128954818937e-09	-0.0026469615	0.0025077	0.99416023	-2.100233e-17	0.08880577
1.7700297101769307e-09	-0.0035308043	-0.0012019812	0.9941548	-2.1002084e-17	0.08880712
1.772546589325656e-09	-0.00059363124	-0.0037689505	0.9941489	-2.100183e-17	0.0888051
1.7750141093189313e-09	0.0030773943	-0.0023980518	0.994143	-2.1001562e-17	0.0888051
1.7775310106461783e-09	0.003637327	0.0016432349	0.99413663	-2.100128e-17	0.0888051
1.7800478810943595e-09	0.00024607513	0.004075984	0.9941299	-2.1000983e-17	0.0888051
1.7825153996624854e-09	-0.0035240166	0.002240526	0.99412316	-2.100068e-17	0.08880443
1.785032320064021e-09	-0.003708658	-0.0021218075	0.9941158	-2.1000352e-17	0.08880644
1.78754921766919e-09	0.00015184951	-0.0043693157	0.9941081	-2.1000013e-17	0.0888051
1.790016749845376e-09	0.0039835693	-0.002031551	0.99410015	-2.099966e-17	0.0888051
1.7925336536843767e-09	0.0037401267	0.002636541	0.9940917	-2.0999285e-17	0.08880577
1.7950012443355405e-09	-0.00050208205	0.004653904	0.994083	-2.0998898e-17	0.08880644
1.7975181655448018e-09	-0.0044525485	0.0017678349	0.9940737	-2.0998483e-17	0.08880577
1.8000351083211032e-09	-0.003727108	-0.0031860531	0.99406385	-2.0998051e-17	0.08880712
1.8025027128638383e-09	0.0009982291	-0.004916285	0.9940538	-2.0997606e-17	0.08880779
1.8050197311973814e-09	0.004927363	-0.0014462778	0.99404293	-2.0997126e-17	0.08880577
1.8075366838047188e-09	0.0036653338	0.0037685288	0.9940317	-2.0996622e-17	0.08880712
1.810004340896455e-09	-0.0015478542	0.0051521757	0.99402	-2.0996102e-17	0.08880846
1.8125212979257593e-09	-0.0054042363	0.0010646781	0.99400747	-2.0995551e-17	0.08880712
1.8150383562961841e-09	-0.0035509795	-0.004381937	0.9939943	-2.0994966e-17	0.08880846
1.8175059957868236e-09	0.0021508278	-0.005357457	0.9939807	-2.0994365e-17	0.08880846
1.8200230073536605e-09	0.005879804	-0.00062069896	0.99396604	-2.099372e-17	0.08880712
1.8225401384456743e-09	0.0033807438	0.0050243125	0.9939509	-2.0993042e-17	0.08880779
1.8250079146749265e-09	-0.0028075988	0.005528295	0.993935	-2.0992342e-17	0.08880846
1.827524998374486e-09	-0.006351043	0.00011240505	0.993918	-2.0991589e-17	0.08880779
1.8300421672985805e-09	-0.0031517316	-0.005694091	0.9939002	-2.0990795e-17	0.08880712
1.8325099417368155e-09	0.0035175958	-0.005661996	0.9938817	-2.0989976e-17	0.08880913
1.8350271266195857e-09	0.0068156393	0.00046088596	0.9938617	-2.0989096e-17	0.08880981
1.8375443929753285e-09	0.0028623305	0.0063899527	0.99384063	-2.098817e-17	0.08880779
1.8400121150877727e-09	-0.00428075	0.0057569137	0.9938189	-2.0987207e-17	0.08880913
1.8425294296872626e-09	-0.0072725676	-0.0010997704	0.9937956	-2.0986173e-17	0.08880913
1.8450467481987641e-09	-0.0025121947	-0.0071115433	0.9937707	-2.0985079e-17	0.08880779
1.847514694075186e-09	0.0050979108	-0.005812548	0.993745	-2.0983943e-17	0.08881048
1.850032090474511e-09	0.007722516	0.0018048298	0.99371743	-2.0982722e-17	0.08881182
1.8525001812307804e-09	0.0022660966	0.0078102835	0.9936885	-2.0981456e-17	0.08880779
1.8550176168807096e-09	-0.005969815	0.005831138	0.9936575	-2.0980086e-17	0.08880981
1.8575349665215729e-09	-0.008168911	-0.0025751088	0.99362445	-2.097863e-17	0.08881182
1.8600030739089224e-09	-0.0018149049	-0.008599025	0.9935903	-2.0977127e-17	0.08880913
1.8625206681506977e-09	0.00689799	-0.0058186124	0.9935531	-2.0975492e-17	0.08881115
1.865038359693662e-09	0.008618528	0.003410648	0.9935136	-2.0973755e-17	0.08881182
1.8675063890072593e-09	0.0013118691	0.009426583	0.99347234	-2.0971947e-17	0.08881048
1.870024168693483e-09	-0.007887146	0.005783915	0.9934276	-2.096998e-17	0.08881115
1.872541989757923e-09	-0.009084076	-0.0043087765	0.99337983	-2.0967884e-17	0.088813834
1.8750102348396176e-09	-0.000765599	-0.010304537	0.99332976	-2.0965695e-17	0.08881316
1.8775279706952375e-09	0.008943435	-0.0057435604	0.9932754	-2.096331e-17	0.08881249
1.8800458874323388e-09	0.009585732	0.005266881	0.993217	-2.0960758e-17	0.08881451
1.882514471753835e-09	0.00019122554	0.011251185	0.9931557	-2.0958082e-17	0.08881316
1.8850324524492657e-09	-0.010077923	0.0057214517	0.9930886	-2.0955155e-17	0.08881048
1.887501054019384e-09	-0.010277497	-0.006064035	0.9930178	-2.0952075e-17	0.08881518
1.8900193011161837e-09	0.00038910308	-0.012294737	0.9929402	-2.0948696e-17	0.088813834
1.8925376819774e-09	0.011305532	-0.005756464	0.9928563	-2.0945052e-17	0.08881182
1.8950064966320508e-09	0.010980401	0.0071145846	0.99276745	-2.09412e-17	0.08881787
1.897524979541538e-09	-0.00093973015	0.013477256	0.9926694	-2.0936952e-17	0.08881653
1.900043592739257e-09	-0.012646245	0.005910591	0.9925627	-2.093234e-17	0.08881182
1.9025129186863946e-09	-0.01187015	-0.008195452	0.9924489	-2.092743e-17	0.0888172
1.9050319880495122e-09	0.0014022331	-0.014860626	0.99232215	-2.092198e-17	0.0888172
1.9075017051688626e-09	0.013984643	-0.0065646614	0.992186	-2.091614e-17	0.08881249
1.910020916862607e-09	0.013057554	0.0092727905	0.9920337	-2.0909622e-17	0.088819884
1.912540478278749e-09	-0.0016714851	0.0165352	0.99186563	-2.0902445e-17	0.08881854
1.915010630298068e-09	-0.015614376	0.007339052	0.9916833	-2.0894691e-17	0.088813834
1.917530523207077e-09	-0.014720367	-0.010266348	0.99147654	-2.0885933e-17	0.08881921
1.920001215735069e-09	0.001171286	-0.018642476	0.9912501	-2.087639e-17	0.088821225
1.9225216939280933e-09	0.017403087	-0.008768322	0.990991	-2.0865515e-17	0.08881451
1.925042168572457e-09	0.017143382	0.010993466	0.990698	-2.0853288e-17	0.088820554
1.9275137778912643e-09	-0.00024168951	0.021304067	0.99037147	-2.0839752e-17	0.08882257
1.9300349795017213e-09	-0.01925684	0.011359584	0.98999006	-2.0824055e-17	0.08881585
1.9325072236493753e-09	-0.020980064	-0.010579917	0.9895581	-2.080644e-17	0.08882392
1.9350293452920865e-09	-0.0022611655	-0.024684832	0.98904437	-2.078571e-17	0.08882325
1.9375025588186184e-09	0.020401455	-0.016447358	0.9884507	-2.0762055e-17	0.08881585
1.9400258215867607e-09	0.02647724	0.008593727	0.9877277	-2.0733704e-17	0.08882459
1.942500197438123e-09	0.008686919	0.02835502	0.98686916	-2.0700701e-17	0.08882526
1.9450249760202205e-09	-0.019605855	0.025014212	0.9857905	-2.0660303e-17	0.08881518
1.9475006528217847e-09	-0.03417841	-0.0005424107	0.98446375	-2.0612322e-17	0.088826604
1.950022952455003e-09	-0.022219565	-0.029578855	0.9827337	-2.0552771e-17	0.08882392
1.952543219278402e-09	0.009048834	-0.039136585	0.98047554	-2.0480567e-17	0.08881921
1.9550131668935266e-09	0.037305467	-0.022319293	0.9775724	-2.0397627e-17	0.09607642
1.957531204835808e-09	0.04543425	0.01003073	0.97378653	-2.0306553e-17	0.13050392
1.9600493532971157e-09	0.029967837	0.03809921	0.9693055	-2.0221044e-17	0.16508374
1.9625181247008036e-09	0.0027255628	0.048863783	0.96465683	-2.0151327e-17	0.19317037
1.9650361783174832e-09	-0.02336888	0.042275354	0.9600666	-2.0094758e-17	0.22592978
1.9675047271014287e-09	-0.039357714	0.025848018	0.95598346	-2.0049875e-17	0.23161164
1.9700227108645027e-09	-0.045190588	0.0069563356	0.95245695	-2.0008903e-17	0.22961782
1.9725407470366756e-09	-0.043606754	-0.009657064	0.9497032	-1.9965961e-17	0.24700636
1.9750094534003886e-09	-0.03781721	-0.02262001	0.94775915	-1.9918261e-17	0.23556155
1.9775275710558593e-09	-0.029268987	-0.032638777	0.9464361	-1.9863374e-17	0.2134214
1.98004573017112e-09	-0.018703401	-0.03976338	0.9455455	-1.980343e-17	0.20774868
1.9825145072395883e-09	-0.006637553	-0.04383632	0.94475216	-1.9743276e-17	0.23632596
1.9850326169295848e-09	0.0068205716	-0.044405352	0.9436627	-1.9687423e-17	0.27027953
1.9875012942467363e-09	0.019991875	-0.040926617	0.9421065	-1.9646671e-17	0.28473568
1.9900193666551087e-09	0.032092217	-0.033270076	0.9399952	-1.9630262e-17	0.27989596
1.9925375084857314e-09	0.041752573	-0.021735808	0.9374474	-1.9652494e-17	0.25644195
1.9950063144920072e-09	0.047224388	-0.007259864	0.9349153	-1.9691463e-17	0.27234372
1.9975245045976867e-09	0.04707892	0.0084129125	0.9330187	-1.9697892e-17	0.28346595
2e-09	0.041500334	0.021910066	0.9319579	-1.9671702e-17	0.29414046
