# t (s)	mx ()	my ()	mz ()	E_total (J)	MaxAngle (rad)
0	1.2674835e-09	4.938247e-10	0.9795362	-2.0725775e-17	0.26627314
2.5169313641551087e-12	1.4156308e-09	1.0534927e-09	0.9720933	-2.0693784e-17	0.24421573
5.0445397027735185e-12	1.2674835e-09	1.316866e-09	0.9652113	-2.0627353e-17	0.23364718
7.519062115329838e-12	1.1193361e-09	2.633732e-09	0.959934	-2.0533324e-17	0.22960682
1.0042008856593505e-11	-3.292165e-10	4.1069756e-09	0.9568593	-2.0414344e-17	0.2271534
1.2514235671924541e-11	-2.5678886e-09	4.938247e-09	0.95636916	-2.0280576e-17	0.22590823
1.5035051031815147e-11	-5.79421e-09	3.9505976e-09	0.95820266	-2.0125478e-17	0.22593404
1.7505855411256782e-11	-8.823002e-09	1.5802392e-09	0.96162075	-1.9945474e-17	0.22341515
2.002548008870411e-11	-1.158842e-08	-3.1604783e-09	0.9652047	-1.9713858e-17	0.21879645
2.25447483478588e-11	-1.1753029e-08	-1.0403241e-08	0.9651323	-1.9415621e-17	0.21016575
2.5014434459583726e-11	-8.592551e-09	-1.8041064e-08	0.95394856	-1.912814e-17	0.20543513
2.7533330079661995e-11	-4.609031e-10	-2.2255035e-08	0.92382365	-1.9061563e-17	0.22143486
3.00026753558388e-11	9.1522185e-09	-2.0707716e-08	0.8832331	-1.9250036e-17	0.24947087
3.25212934581578e-11	1.7119257e-08	-1.3168659e-08	0.84810114	-1.9536674e-17	0.22774762
3.503991348575547e-11	2.2518408e-08	-4.44648e-09	0.8204948	-1.9771857e-17	0.20536733
3.750924187845803e-11	2.4296178e-08	3.358008e-09	0.79877675	-1.9913675e-17	0.20241064
4.002761407855972e-11	2.1530758e-08	1.0106946e-08	0.781864	-1.9991483e-17	0.20680594
4.2545626220053126e-11	1.6390866e-08	1.4880585e-08	0.77003276	-2.0028572e-17	0.2106945
4.501442767329884e-11	1.05020055e-08	1.6460824e-08	0.76287764	-2.0043255e-17	0.21140696
4.7532672636964215e-11	5.0617035e-09	1.5078115e-08	0.7593719	-2.0047817e-17	0.21283725
5.000151178702548e-11	1.7119257e-09	1.26748345e-08	0.759128	-2.004885e-17	0.21281043
5.251967100348199e-11	-5.925897e-10	1.0864144e-08	0.7614601	-2.0050107e-17	0.2122911
5.503780971664338e-11	-1.1193361e-09	8.823002e-09	0.76570433	-2.0053323e-17	0.21284401
5.7506621287557085e-11	-2.2715938e-09	6.4197216e-09	0.7713102	-2.005901e-17	0.21367508
6.002480651450055e-11	-9.711887e-10	5.7283667e-09	0.7781964	-2.0067407e-17	0.21365231
6.25430225999492e-11	-1.975299e-10	4.411501e-09	0.7858952	-2.007805e-17	0.21492653
6.501185443059363e-11	-4.609031e-10	3.9588284e-09	0.79385173	-2.009006e-17	0.21586686
6.753005211924434e-11	-6.5843296e-11	3.4588308e-09	0.8020552	-2.0103149e-17	0.21611217
7.004823643275065e-11	8.5596286e-10	3.555538e-09	0.8100888	-2.0116285e-17	0.21838196
7.251704847933829e-11	1.876534e-09	2.8497802e-09	0.817594	-2.0128509e-17	0.21937348
7.503523687649875e-11	2.5678886e-09	2.617271e-09	0.82469463	-2.0139717e-17	0.22066633
7.750403027298881e-11	2.6995752e-09	2.9217964e-09	0.8309846	-2.0149114e-17	0.22237462
8.00222008295042e-11	3.456773e-09	3.1604783e-09	0.8366501	-2.0156922e-17	0.22302447
8.254034332263639e-11	3.8847547e-09	3.917676e-09	0.8415627	-2.016295e-17	0.2244373
8.50091180322999e-11	4.115206e-09	4.115206e-09	0.84570664	-2.0167203e-17	0.22536606
8.75272515898908e-11	4.0493626e-09	4.5431876e-09	0.84933734	-2.0170002e-17	0.22515205
9.004536450972645e-11	4.1481276e-09	4.609031e-09	0.8524646	-2.017142e-17	0.22667386
9.251410160099e-11	4.5431876e-09	4.609031e-09	0.85513246	-2.0171646e-17	0.2273497
9.50322167696143e-11	5.0040905e-09	4.872404e-09	0.85752827	-2.0170859e-17	0.22739731
9.7500965288769e-11	4.5431876e-09	5.9588183e-09	0.85962516	-2.0169247e-17	0.22752364
1.0001905804418374e-10	4.0493626e-09	6.913546e-09	0.8615628	-2.0166885e-17	0.2284127
1.0253716060608633e-10	3.3415473e-09	6.913546e-09	0.8633425	-2.0163902e-17	0.22903652
1.0500586733237466e-10	2.534967e-09	5.9258967e-09	0.8649691	-2.0160468e-17	0.2293094
1.075239706614178e-10	2.2057505e-09	5.9258967e-09	0.86653537	-2.0156504e-17	0.22934899
1.1004206802258199e-10	1.9752988e-09	6.1563483e-09	0.8680304	-2.0152102e-17	0.22916198
1.125107972047465e-10	1.777769e-09	6.8806245e-09	0.8694449	-2.0147378e-17	0.22874625
1.1502889580499576e-10	1.1522577e-09	6.1234267e-09	0.8708508	-2.0142147e-17	0.22809978
1.1754699721442188e-10	9.876494e-10	6.0575833e-09	0.8722328	-2.0136486e-17	0.22723013
1.2001572327259627e-10	9.547279e-10	6.4526433e-09	0.8735764	-2.013048e-17	0.22616725
1.225338261628362e-10	0	6.2551133e-09	0.8749462	-2.0123857e-17	0.22485898
1.250025563598909e-10	-1.6460824e-10	5.6625233e-09	0.876299	-2.0116806e-17	0.22334628
1.2752066714621164e-10	-1.6460824e-10	5.8600533e-09	0.8776998	-2.0108977e-17	0.22273485
1.3003877642926059e-10	-3.950598e-10	6.4526433e-09	0.87913257	-2.0100403e-17	0.22223783
1.3250750603934783e-10	-3.6213813e-10	7.242763e-09	0.8805801	-2.0091152e-17	0.22147043
1.3502562216416032e-10	-1.1851794e-09	7.901195e-09	0.88211334	-2.0080701e-17	0.22036551
1.375437281897301e-10	-2.436202e-09	7.901195e-09	0.8837185	-2.0069031e-17	0.21889007
1.4001248526220113e-10	-3.555538e-09	7.242763e-09	0.88537866	-2.0056157e-17	0.21843092
1.4253059742535804e-10	-4.0822843e-09	6.5184866e-09	0.8871797	-2.0041256e-17	0.21810997
1.4504872113550277e-10	-4.2798143e-09	6.5843295e-09	0.8891128	-2.0024158e-17	0.21728316
1.4751746189021444e-10	-4.9053255e-09	7.506136e-09	0.8911633	-2.0004738e-17	0.21585546
1.5003559381381261e-10	-6.0575833e-09	7.506136e-09	0.8934467	-1.9981519e-17	0.21552265
1.5250434689859055e-10	-7.835352e-09	8.032882e-09	0.89591223	-1.9954498e-17	0.21528868
1.5502248230353858e-10	-1.0271554e-08	7.637823e-09	0.89870673	-1.9921312e-17	0.21397114
1.5754062497072825e-10	-1.2312697e-08	7.308606e-09	0.9018402	-1.9880682e-17	0.21396974
1.600093877274517e-10	-1.5209801e-08	5.767461e-09	0.9053039	-1.983123e-17	0.2135179
1.625275473427819e-10	-1.8929947e-08	3.8189114e-09	0.90929997	-1.9767549e-17	0.2132567
1.650456939875941e-10	-2.2814703e-08	4.938247e-10	0.9138097	-1.9685575e-17	0.21279097
1.6751448463230175e-10	-2.7127438e-08	-4.5761093e-09	0.91871256	-1.9580644e-17	0.2134076
1.7003265640515184e-10	-3.1440173e-08	-1.158842e-08	0.92402077	-1.9438663e-17	0.2129763
1.7250147138556548e-10	-3.6213812e-08	-2.2650093e-08	0.92897093	-1.9251747e-17	0.2116724
1.7501966816104774e-10	-3.8682938e-08	-3.753068e-08	0.9323577	-1.8995543e-17	0.211518
1.7753786978655404e-10	-3.68064e-08	-5.8732223e-08	0.93102294	-1.8665468e-17	0.20984694
1.8000672739671467e-10	-2.4493707e-08	-8.019713e-08	0.9200955	-1.8316896e-17	0.21330345
1.8252496009442192e-10	4.9053255e-09	-9.42876e-08	0.89496523	-1.809366e-17	0.23349911
1.8504320476904784e-10	3.7991583e-08	-1.0245217e-07	0.8612105	-1.822123e-17	0.2519565
1.8751206073217567e-10	7.2164255e-08	-1.0034518e-07	0.8277207	-1.8644992e-17	0.21389028
1.900303727034801e-10	1.0166205e-07	-6.4460586e-08	0.7939128	-1.9072029e-17	0.19973722
1.9254899143807825e-10	1.10485054e-07	-1.27736e-08	0.7619429	-1.9375232e-17	0.20025356
1.9501827219559632e-10	9.762092e-08	3.114388e-08	0.73439807	-1.9568028e-17	0.20567954
1.9753627611367578e-10	7.2394705e-08	5.7020294e-08	0.71153337	-1.9688867e-17	0.20993765
2.000049479757032e-10	4.4444224e-08	6.571161e-08	0.69466066	-1.9756329e-17	0.2117952
2.0252309440471407e-10	1.8864105e-08	6.136595e-08	0.6827483	-1.9791836e-17	0.21148564
2.0504123823821587e-10	6.255113e-10	4.9645845e-08	0.67579716	-1.980805e-17	0.21155065
2.0750997976847523e-10	-8.98761e-09	3.7662367e-08	0.6730971	-1.9814824e-17	0.21091783
2.1002811751004778e-10	-1.2411461e-08	2.7390811e-08	0.6736535	-1.9818614e-17	0.21096623
2.1254628485346707e-10	-1.2921747e-08	1.9489615e-08	0.6769768	-1.982291e-17	0.21143281
2.1501512003679938e-10	-1.1868254e-08	1.4617212e-08	0.68253773	-1.9829559e-17	0.21126376
2.1753332016218928e-10	-1.11686695e-08	1.0534928e-08	0.69012785	-1.983976e-17	0.21129332
2.2000215598303576e-10	-1.0962909e-08	7.111076e-09	0.6990123	-1.9853382e-17	0.21153219
2.2252035781080992e-10	-9.860034e-09	5.0040905e-09	0.70917434	-1.9870839e-17	0.2119338
2.2503856527334566e-10	-8.213951e-09	2.2386721e-09	0.7201683	-1.9891525e-17	0.21137401
2.2750741577626197e-10	-6.2551133e-09	1.3333268e-09	0.73153496	-1.9914443e-17	0.21189158
2.3002562768795898e-10	-4.1481276e-09	5.843593e-10	0.743517	-1.9939915e-17	0.21276301
2.3254383355522962e-10	-2.99587e-09	6.255113e-10	0.7556761	-1.996682e-17	0.21339832
2.350126487829477e-10	-2.5020452e-09	9.547279e-10	0.7675642	-1.9993884e-17	0.213947
2.3753084114796717e-10	-1.679004e-09	1.5802392e-09	0.77945375	-2.0021409e-17	0.21457185
2.4004903648521955e-10	-9.218062e-10	1.5143958e-09	0.7909022	-2.0048016e-17	0.21524599
2.4251782868436655e-10	1.975299e-10	2.436202e-09	0.8015022	-2.0072396e-17	0.21678242
2.450360194087388e-10	1.0534927e-09	2.8312617e-09	0.811488	-2.0094793e-17	0.21896307
2.475048210349551e-10	2.6995752e-09	2.493815e-09	0.8203124	-2.01138e-17	0.22073169
2.5002297063034505e-10	4.213971e-09	3.571999e-09	0.82822686	-2.0129913e-17	0.22144762
2.5254111611521663e-10	5.464994e-09	5.267464e-09	0.83501965	-2.0142755e-17	0.22351064
2.550098720580094e-10	4.5761093e-09	7.341528e-09	0.84064394	-2.0152401e-17	0.22426341
2.575279873582392e-10	3.555538e-09	8.164569e-09	0.8454403	-2.0159574e-17	0.22560306
2.6004609729600086e-10	1.8106907e-09	7.242763e-09	0.84943616	-2.0164415e-17	0.22530872
2.625148401709881e-10	1.9752988e-09	6.4526433e-09	0.852726	-2.0167226e-17	0.22684963
2.6503295309145356e-10	3.1110958e-09	6.913546e-09	0.85557985	-2.0168435e-17	0.22747739
2.675016770672215e-10	3.1110958e-09	8.131647e-09	0.8579989	-2.0168293e-17	0.22740074
2.7001977770198567e-10	1.0534927e-09	8.7571586e-09	0.8601721	-2.0167042e-17	0.22781466
2.725378661317312e-10	2.1399071e-10	8.098725e-09	0.8621202	-2.0164896e-17	0.2286537
2.7500658863540167e-10	-4.609031e-10	7.637823e-09	0.863865	-2.0162082e-17	0.22916093
2.775246991860642e-10	-8.888845e-10	6.716016e-09	0.8655175	-2.0158615e-17	0.2293364
2.8004278102816355e-10	-6.58433e-10	6.7818595e-09	0.86707395	-2.015462e-17	0.22931227
2.825115035752012e-10	-3.292165e-10	6.5843295e-09	0.86853087	-2.0150244e-17	0.22904177
2.850296091450464e-10	-1.2839443e-09	7.3744495e-09	0.86996615	-2.0145337e-17	0.22853033
2.8754771319081177e-10	-2.0411421e-09	7.308606e-09	0.87136656	-2.0139987e-17	0.22779803
2.900164401845061e-10	-2.436202e-09	6.4526433e-09	0.8727191	-2.0134294e-17	0.22686738
2.925345595374443e-10	-2.6995752e-09	5.79421e-09	0.8740899	-2.012801e-17	0.22569764
2.9500327749886215e-10	-2.4691236e-09	5.267464e-09	0.87543666	-2.0121327e-17	0.22433175
2.9752139567296027e-10	-2.8312617e-09	5.99174e-09	0.8768238	-2.0113917e-17	0.22291315
3.000395090384751e-10	-2.8641833e-09	5.6625233e-09	0.8782358	-2.0105823e-17	0.22257912
3.025082435669413e-10	-3.555538e-09	5.6625233e-09	0.8796553	-2.0097124e-17	0.22199106
3.0502635398417307e-10	-4.016441e-09	4.938247e-09	0.88115144	-2.008733e-17	0.22109511
3.07544481794898e-10	-4.6419526e-09	4.8065605e-09	0.88271016	-2.0076446e-17	0.2198553
3.100132160102773e-10	-4.411501e-09	4.7407176e-09	0.88431394	-2.0064503e-17	0.21842295
3.125313393402907e-10	-5.3003855e-09	5.3991505e-09	0.886045	-2.005076e-17	0.2183616
3.150000870025983e-10	-6.3868e-09	5.069934e-09	0.88785535	-2.003541e-17	0.2178782
3.1751820445506967e-10	-7.3744495e-09	4.016441e-09	0.8898424	-2.00174e-17	0.21684116
3.200363363164808e-10	-8.197491e-09	3.7201462e-09	0.8920011	-1.9996418e-17	0.21528478
3.225050927291244e-10	-8.888845e-09	1.6460824e-09	0.894319	-1.9972193e-17	0.21553631
3.250232193599983e-10	-9.18514e-09	9.218062e-10	0.8969318	-1.9942709e-17	0.21493852
3.275413609505693e-10	-1.06995355e-08	-1.3168659e-10	0.8998472	-1.9906955e-17	0.21341436
3.3001012838023694e-10	-1.1884715e-08	-1.9752988e-09	0.90305734	-1.9863872e-17	0.21402138
3.3252827336865844e-10	-1.3958779e-08	-3.6213814e-09	0.9067553	-1.980897e-17	0.21277206
3.350464397968588e-10	-1.6394981e-08	-6.913546e-09	0.91094214	-1.9739054e-17	0.21348612
3.37515211196754e-10	-1.7514317e-08	-1.1720107e-08	0.91555	-1.9650496e-17	0.2125433
3.4003338339284954e-10	-1.8534887e-08	-1.8436124e-08	0.9207005	-1.9531814e-17	0.21297292
3.4250218491687095e-10	-1.8501966e-08	-2.6995751e-08	0.9259066	-1.9376691e-17	0.21318743
3.450203782550372e-10	-1.458429e-08	-3.8584172e-08	0.9305653	-1.916363e-17	0.21199104
3.475385797178381e-10	-7.209841e-09	-5.2411263e-08	0.93264616	-1.8878899e-17	0.21086088
3.5000742562234476e-10	6.99585e-09	-6.5843295e-08	0.92844164	-1.8535356e-17	0.20955689
3.525256641181062e-10	2.9720018e-08	-7.190088e-08	0.9122599	-1.8205006e-17	0.2182727
3.5504390331644113e-10	5.892975e-08	-6.3999686e-08	0.88258064	-1.8091897e-17	0.24713992
3.575127675873091e-10	8.54646e-08	-5.451825e-08	0.8489327	-1.8358539e-17	0.23593947
3.600310125987368e-10	1.0442747e-07	-2.7720029e-08	0.81486803	-1.881859e-17	0.2055362
3.62500072793692e-10	1.0106946e-07	1.3744788e-08	0.78213364	-1.9195049e-17	0.19899927
3.6501876646380577e-10	7.7942005e-08	5.0831026e-08	0.7513556	-1.9455948e-17	0.20256712
3.675371509684584e-10	4.7440096e-08	6.988443e-08	0.725094	-1.962124e-17	0.20777673
3.700057459158332e-10	1.879826e-08	7.130829e-08	0.7047436	-1.9718315e-17	0.21068825
3.725238623146393e-10	-3.4896948e-09	6.162933e-08	0.68955296	-1.9772828e-17	0.21170075
3.750420135766071e-10	-1.6625432e-08	4.6090307e-08	0.6795666	-1.97996e-17	0.21179888
3.7751074195874157e-10	-2.2189191e-08	3.1209723e-08	0.67438763	-1.9811189e-17	0.21128052
3.800288697068175e-10	-2.237026e-08	1.9357929e-08	0.67295295	-1.9816384e-17	0.21084096
3.825470082428313e-10	-1.9407311e-08	1.1061674e-08	0.6746057	-1.9820035e-17	0.21114406
3.8501579486679897e-10	-1.5901156e-08	6.18927e-09	0.6787645	-1.9824996e-17	0.2115055
3.875340044829743e-10	-1.2395001e-08	3.4238514e-09	0.68520236	-1.983298e-17	0.21078484
3.9000284954156206e-10	-1.1143978e-08	7.901196e-10	0.69322926	-1.9844323e-17	0.21171239
3.925210628857712e-10	-8.9546885e-09	-5.2674637e-10	0.7027374	-1.9859571e-17	0.21073385
3.9503927973638675e-10	-5.7612883e-09	-1.5143958e-09	0.71324265	-1.98783e-17	0.21194202
3.975081141471614e-10	-3.358008e-09	-1.7119257e-09	0.7242642	-1.9899626e-17	0.21217963
4.000263172058022e-10	-2.0411421e-09	-2.5020452e-09	0.7360269	-1.9923854e-17	0.21196187
4.025445130906274e-10	-1.3497876e-09	-2.1728288e-09	0.74810094	-1.9949949e-17	0.21199585
4.050133649024619e-10	-3.6213813e-10	-1.5802392e-09	0.7600333	-1.9976667e-17	0.213197
4.075315561046473e-10	4.609031e-10	-7.2427625e-10	0.7720946	-2.0004336e-17	0.21428362
4.100003730895609e-10	6.9135464e-10	-4.609031e-10	0.78361547	-2.0031087e-17	0.21541393
4.1251854339910294e-10	1.7119257e-09	9.218062e-10	0.7948563	-2.005716e-17	0.21659641
4.1503671812606587e-10	1.9752988e-09	1.9094557e-09	0.8053822	-2.0081184e-17	0.21770026
4.175055135190624e-10	2.6008102e-09	2.7695337e-09	0.81482923	-2.0102095e-17	0.21860223
4.2002366826930146e-10	2.4691236e-09	3.8189114e-09	0.8234343	-2.0120282e-17	0.2211913
4.225418313852378e-10	2.5020452e-09	4.7407176e-09	0.8309233	-2.013514e-17	0.22270247
4.250105991646209e-10	1.8106907e-09	6.288035e-09	0.8371882	-2.01466e-17	0.2233662
4.2752872969742943e-10	1.0205711e-09	6.485565e-09	0.8425598	-2.0155409e-17	0.22504415
4.300468489237271e-10	3.6213813e-10	5.9258967e-09	0.84703535	-2.0161659e-17	0.22558042
4.3251557603704156e-10	6.255113e-10	5.135777e-09	0.85070246	-2.0165644e-17	0.22601995
4.3503368187112375e-10	3.6213813e-10	5.0040905e-09	0.8538568	-2.0167861e-17	0.2271759
4.3750240875975105e-10	6.255113e-10	5.135777e-09	0.8565019	-2.0168526e-17	0.2275165
4.4002051324553396e-10	1.218101e-09	4.7736393e-09	0.85885054	-2.0167939e-17	0.22723173
4.425386099572035e-10	5.5966803e-10	5.8600533e-09	0.86093116	-2.0166327e-17	0.22815248
4.450073481546226e-10	-8.230412e-10	5.530837e-09	0.86277413	-2.0163942e-17	0.22888026
4.475254424081403e-10	-1.1851794e-09	5.0040905e-09	0.8645024	-2.016084e-17	0.22926535
4.500435397728669e-10	-1.679004e-09	4.3456576e-09	0.8661153	-2.0157162e-17	0.22935869
4.525122628775772e-10	-9.876494e-10	3.4896948e-09	0.8676131	-2.0153074e-17	0.2292412
4.550303585947469e-10	-9.218062e-10	4.4773443e-09	0.8690781	-2.0148444e-17	0.22887501
4.575484635290702e-10	-1.5473175e-09	4.609031e-09	0.8704985	-2.0143368e-17	0.22827972
4.6001719435820736e-10	-2.2386721e-09	4.2798143e-09	0.8718623	-2.013796e-17	0.2274811
4.6253530487911185e-10	-2.732497e-09	4.016441e-09	0.8732374	-2.0131978e-17	0.22645202
4.6500403358594025e-10	-2.897105e-09	2.7654186e-09	0.8745811	-2.012563e-17	0.22522625
4.675221181752816e-10	-2.0740638e-09	1.8436124e-09	0.8759585	-2.0118604e-17	0.2237434
4.700402277235237e-10	-1.0534927e-09	2.1069855e-09	0.8773537	-2.0110946e-17	0.22281633
4.72508945061181e-10	-1.3827093e-09	3.358008e-09	0.87874967	-2.0102739e-17	0.22239488
4.750270434899568e-10	-1.9752988e-09	3.1604783e-09	0.88021404	-2.0093539e-17	0.2216901
4.775451389873893e-10	-1.6460824e-09	3.094635e-09	0.88173205	-2.008336e-17	0.22066906
4.800138634800562e-10	-1.316866e-09	2.897105e-09	0.8832864	-2.0072242e-17	0.21932033
4.825319756699696e-10	-1.9752988e-09	2.6995752e-09	0.88495547	-2.0059514e-17	0.21844578
4.85000709022804e-10	-2.7983402e-09	3.1604783e-09	0.88669205	-2.0045387e-17	0.21823995
4.875188100700107e-10	-2.534967e-09	3.4896948e-09	0.8885879	-2.0028915e-17	0.21755755
4.900369314094768e-10	-3.555538e-09	4.411501e-09	0.8906358	-2.000986e-17	0.21627805
4.925056737043082e-10	-4.213971e-09	4.1481276e-09	0.8928226	-1.9988035e-17	0.21544683
4.950237822277183e-10	-5.234542e-09	3.094635e-09	0.89527375	-1.9961688e-17	0.21543093
4.975418999678929e-10	-6.090505e-09	2.5020452e-09	0.8979943	-1.9930037e-17	0.21441448
5.000106574539459e-10	-6.716016e-09	1.777769e-09	0.900976	-1.9892264e-17	0.21379958
5.025287804205998e-10	-7.7695095e-09	1.4074005e-09	0.9044001	-1.9844619e-17	0.2138153
5.050469194622344e-10	-9.942338e-09	-6.5843296e-11	0.90827644	-1.9784592e-17	0.21289283
5.075156846676837e-10	-1.2016402e-08	-1.5308567e-09	0.91256756	-1.9709358e-17	0.21326768
5.100338306480985e-10	-1.4419682e-08	-5.086395e-09	0.91745037	-1.9609562e-17	0.21328373
5.125026095005243e-10	-1.6098687e-08	-9.744808e-09	0.92261034	-1.948031e-17	0.21230921
5.150207755986488e-10	-1.698757e-08	-1.6329137e-08	0.92781395	-1.9303679e-17	0.21253368
5.175389562951288e-10	-1.5440254e-08	-2.436202e-08	0.931812	-1.9065163e-17	0.21186323
5.200077827571307e-10	-1.1753029e-08	-3.4238514e-08	0.93209517	-1.8758843e-17	0.21030998
5.225259965121311e-10	-4.6666435e-09	-4.3983324e-08	0.9240232	-1.8399691e-17	0.21093406
5.250442212666894e-10	1.06995355e-08	-5.017259e-08	0.9023396	-1.812368e-17	0.22568777
5.275130692593567e-10	2.8905207e-08	-5.030428e-08	0.8703152	-1.814667e-17	0.2550598
5.300313105723125e-10	4.674874e-08	-4.6814584e-08	0.83605295	-1.852962e-17	0.22086369
5.325002104906429e-10	5.952234e-08	-2.9086276e-08	0.8027564	-1.8970362e-17	0.20104489
5.350187392936244e-10	6.1991464e-08	-1.5802392e-09	0.77008533	-1.930695e-17	0.19952622
5.375374636326537e-10	5.3168463e-08	2.1728289e-08	0.7408319	-1.9527868e-17	0.20453352
5.40006189627715e-10	3.8123268e-08	3.516032e-08	0.7170183	-1.966292e-17	0.2083691
5.425241962794276e-10	2.1859975e-08	3.911092e-08	0.6983716	-1.974316e-17	0.21106867
5.450422965759081e-10	9.5802e-09	3.595044e-08	0.6851881	-1.9785409e-17	0.21092524
5.475110346406927e-10	-6.255113e-10	2.9366111e-08	0.6771837	-1.9805005e-17	0.2117209
5.500291341651023e-10	-6.370339e-09	2.1728289e-08	0.67344004	-1.9813603e-17	0.21103112
5.525472501654594e-10	-7.950578e-09	1.5275646e-08	0.67324513	-1.9817745e-17	0.21088424
5.550159910454459e-10	-8.493785e-09	1.0008181e-08	0.6758519	-1.9821587e-17	0.21132316
5.575341525154063e-10	-6.3950303e-09	6.847703e-09	0.680958	-1.9827612e-17	0.21142827
5.600029968093087e-10	-5.432072e-09	4.7407176e-09	0.6879597	-1.9836703e-17	0.21079282
5.625211851112141e-10	-4.4279616e-09	2.633732e-09	0.6966826	-1.9849648e-17	0.21175805
5.650393778450008e-10	-2.4855844e-09	2.0411421e-09	0.7066014	-1.9866251e-17	0.21159151
5.675081879733737e-10	-1.497935e-09	1.9752988e-09	0.7171948	-1.9885771e-17	0.21131548
5.700263698777088e-10	-2.1399071e-10	2.057603e-09	0.7286544	-1.990851e-17	0.21227527
5.725445729786293e-10	-9.218062e-10	1.6460824e-09	0.74056005	-1.9933522e-17	0.21274523
5.75013380642391e-10	-4.773639e-10	1.4156308e-09	0.7524567	-1.9959608e-17	0.21295854
5.775315496552259e-10	7.2427625e-10	1.1851794e-09	0.76461035	-1.9987104e-17	0.21317078
5.800003491202299e-10	1.218101e-09	2.5020452e-09	0.77634513	-2.0014186e-17	0.21362561
5.825185185581197e-10	-2.6337318e-10	1.3827093e-09	0.78793	-2.0041119e-17	0.21527334
5.850366662127926e-10	7.2427625e-10	1.1193361e-09	0.798924	-2.0066508e-17	0.21703114
5.87505432730847e-10	1.316866e-09	1.139912e-09	0.8089387	-2.0089152e-17	0.21872999
5.900235624646283e-10	2.814801e-09	2.4115108e-09	0.8182051	-2.0109346e-17	0.22002769
5.925417000963027e-10	3.753068e-09	4.5267265e-09	0.8263935	-2.012628e-17	0.22095291
5.950104401002252e-10	2.7983402e-09	5.6625233e-09	0.83333063	-2.0139666e-17	0.22334412
5.975285374759619e-10	1.777769e-09	5.1028555e-09	0.83932996	-2.0150249e-17	0.22359452
6.000466269792121e-10	1.5143958e-09	4.230432e-09	0.84434587	-2.0158049e-17	0.22547993
6.025153365228481e-10	1.6460824e-09	3.9505976e-09	0.84844834	-2.0163341e-17	0.225357
6.050334041233424e-10	1.9752988e-09	3.753068e-09	0.8519547	-2.0166685e-17	0.22657835
6.075021028224708e-10	2.6501927e-09	4.510266e-09	0.85486734	-2.0168263e-17	0.22738777
6.100201732602402e-10	3.4238514e-09	5.2016205e-09	0.8574245	-2.016844e-17	0.22747236
6.125382332888804e-10	2.633732e-09	6.551408e-09	0.8596632	-2.016744e-17	0.22755641
6.150069278865902e-10	1.7119257e-09	6.2221917e-09	0.86162347	-2.0165538e-17	0.22845061
6.175249913357334e-10	4.609031e-10	5.79421e-09	0.863442	-2.0162843e-17	0.22906697
6.200430479917694e-10	3.950598e-10	5.267464e-09	0.86512274	-2.0159516e-17	0.22932251
6.22511735085787e-10	1.1687186e-09	5.0040905e-09	0.86667	-2.0155725e-17	0.22934426
6.250297951757883e-10	1.1193361e-09	4.938247e-09	0.8681721	-2.0151379e-17	0.22913153
6.275478644418017e-10	1.5143958e-09	5.333307e-09	0.8696183	-2.014658e-17	0.22867632
6.30016548356819e-10	1.0534927e-09	6.0575833e-09	0.8709985	-2.0141448e-17	0.22801225
6.325346190970699e-10	5.2674637e-10	5.79421e-09	0.8723822	-2.0135762e-17	0.22711846
6.350033226656099e-10	5.2674637e-10	5.99174e-09	0.8737274	-2.0129721e-17	0.22602873
6.375213828992735e-10	-3.950598e-10	6.3868e-09	0.8750992	-2.012305e-17	0.22469477
6.400394580317702e-10	-3.6213813e-10	6.716016e-09	0.87648195	-2.0115795e-17	0.22312255
6.42508151515424e-10	-9.876494e-10	7.4402924e-09	0.87785906	-2.010804e-17	0.22269356
6.450262199321147e-10	-2.3703588e-09	7.3744495e-09	0.8792965	-2.0099377e-17	0.22216344
6.475443024137275e-10	-3.094635e-09	7.242763e-09	0.88077956	-2.0089825e-17	0.22134449
6.500130092200369e-10	-2.99587e-09	6.9793895e-09	0.8822905	-2.0079445e-17	0.2202204
6.52531087590258e-10	-2.99587e-09	6.847703e-09	0.88390493	-2.0067623e-17	0.21869703
6.550491656721068e-10	-3.654303e-09	6.9793895e-09	0.8856106	-2.0054294e-17	0.21841387
6.575178824634843e-10	-4.1810493e-09	6.716016e-09	0.8873909	-2.0039441e-17	0.21804468
6.600359569754374e-10	-5.1028555e-09	6.7818595e-09	0.8893405	-2.0022066e-17	0.21715316
6.62504675945699e-10	-6.1563483e-09	6.9793895e-09	0.8914108	-2.0002304e-17	0.2156444
6.650227649992753e-10	-7.637823e-09	6.650173e-09	0.8937184	-1.9978644e-17	0.21553771
6.675408732856733e-10	-8.921766e-09	5.9258967e-09	0.8962651	-1.9950455e-17	0.21518403
6.700095977011815e-10	-1.139089e-08	5.267464e-09	0.8990423	-1.9917136e-17	0.21373776
6.725276961289986e-10	-1.28723645e-08	4.4773443e-09	0.9022182	-1.9875527e-17	0.21400987
6.750458133929485e-10	-1.5275646e-08	1.8559579e-09	0.9058051	-1.9823651e-17	0.2132981
6.775145476958972e-10	-1.7711846e-08	-3.2098607e-10	0.9097827	-1.9759322e-17	0.21337044
6.800326844315797e-10	-2.0411422e-08	-3.753068e-09	0.9143512	-1.9674888e-17	0.21249837
6.825014403175513e-10	-2.337437e-08	-8.559629e-09	0.91930205	-1.9566613e-17	0.21336032
6.850195855323728e-10	-2.6436084e-08	-1.6065764e-08	0.92461956	-1.9419855e-17	0.2131305
6.875377526398422e-10	-2.7588342e-08	-2.7654185e-08	0.92956066	-1.9221987e-17	0.21167807
6.900065411991213e-10	-2.716036e-08	-4.148128e-08	0.93252206	-1.8961863e-17	0.21132429
6.925247388844737e-10	-2.0938169e-08	-5.978571e-08	0.9303612	-1.8624746e-17	0.20953713
6.950429373604462e-10	-3.79422e-09	-7.6246536e-08	0.91759634	-1.8275019e-17	0.2141754
6.975117729370828e-10	2.577765e-08	-8.230412e-08	0.8913697	-1.8087073e-17	0.23837928
7.000299872336618e-10	5.471578e-08	-8.204075e-08	0.8573357	-1.826062e-17	0.24755548
7.025482307455221e-10	8.296256e-08	-7.111076e-08	0.82321346	-1.8706916e-17	0.2100523
7.05017201234261e-10	9.8699104e-08	-3.476526e-08	0.79017407	-1.9112592e-17	0.19897817
7.075358307522868e-10	9.5933686e-08	9.744808e-09	0.7585507	-1.940205e-17	0.2005847
7.100050214230391e-10	7.764571e-08	4.353065e-08	0.7315391	-1.9584982e-17	0.20560366
7.125229411010274e-10	5.171991e-08	6.0575836e-08	0.7093166	-1.969881e-17	0.21042673
7.150409790315904e-10	2.5678887e-08	6.209023e-08	0.6927862	-1.9762604e-17	0.21190716
7.175097073017799e-10	5.695445e-09	5.451825e-08	0.6817255	-1.9794407e-17	0.21164033
7.200277755969156e-10	-7.802431e-09	4.3193204e-08	0.6752972	-1.9809144e-17	0.21146774
7.225458431988772e-10	-1.4617212e-08	3.015623e-08	0.6729947	-1.9815408e-17	0.2108774
7.250145797664807e-10	-1.5078115e-08	2.0543109e-08	0.6738973	-1.9819021e-17	0.21101432
7.275326865894352e-10	-1.4123387e-08	1.4353839e-08	0.677507	-1.9823527e-17	0.21146774
7.300014755034063e-10	-1.2855904e-08	9.481435e-09	0.6833041	-1.9830529e-17	0.21115173
7.325196364078374e-10	-1.2526687e-08	7.111076e-09	0.69108313	-1.984114e-17	0.21145952
7.350378084239438e-10	-1.0666614e-08	3.6872247e-09	0.7002986	-1.9855488e-17	0.2113169
7.375066039693399e-10	-8.674855e-09	-2.6337318e-10	0.71037465	-1.9873013e-17	0.21200378
7.400247671421653e-10	-5.514376e-09	-1.0534927e-09	0.72144735	-1.9894033e-17	0.21169764
7.42542943737939e-10	-3.4238514e-09	-1.1193361e-09	0.7331003	-1.9917702e-17	0.21153247
7.450117330353845e-10	-2.3374371e-09	-2.6337318e-10	0.7448799	-1.9942881e-17	0.21263567
7.475298958191841e-10	-2.419741e-09	0	0.75704545	-1.9969905e-17	0.2134349
7.500480308453173e-10	-1.2839443e-09	-9.218062e-10	0.76915234	-1.999754e-17	0.21418577
7.525168081952828e-10	3.950598e-10	-4.609031e-10	0.7807669	-2.0024463e-17	0.21493797
7.550349417841297e-10	-1.3168659e-10	5.925897e-10	0.7921527	-2.005091e-17	0.21576807
7.575036876446813e-10	4.609031e-10	1.8436124e-09	0.8026695	-2.0075051e-17	0.21653178
7.600218015122883e-10	2.732497e-09	2.3765314e-09	0.8125503	-2.009713e-17	0.21893097
7.625399141132966e-10	2.6666536e-09	3.6049206e-09	0.82142097	-2.011612e-17	0.22097711
7.650086431224743e-10	2.633732e-09	4.3456576e-09	0.8290455	-2.0131518e-17	0.22188708
7.675267260315739e-10	2.633732e-09	4.6748743e-09	0.8357142	-2.0144004e-17	0.22350849
7.700447944330351e-10	4.5761093e-09	5.2016205e-09	0.8413279	-2.0153495e-17	0.22457947
7.725134963237831e-10	4.7736393e-09	6.6830945e-09	0.8459258	-2.0160228e-17	0.22562172
7.750315376463074e-10	4.609031e-09	8.7571586e-09	0.84984154	-2.0164827e-17	0.22555189
7.775002186771396e-10	3.6213814e-09	9.613121e-09	0.85306907	-2.016744e-17	0.22695057
7.800182639728659e-10	6.9135464e-10	9.415592e-09	0.8558737	-2.0168486e-17	0.2274988
7.825362782991376e-10	-1.8106907e-09	7.506136e-09	0.85830057	-2.0168185e-17	0.22734918
7.850049520088258e-10	-1.1357969e-09	5.9258967e-09	0.86040056	-2.0166842e-17	0.22792284
7.875229668163242e-10	1.6460824e-09	5.530837e-09	0.8623271	-2.0164609e-17	0.22873048
7.900409990597274e-10	3.6872247e-09	7.2756845e-09	0.8640891	-2.0161659e-17	0.22920212
7.92509661826504e-10	2.897105e-09	8.7571586e-09	0.86569625	-2.015819e-17	0.22934584
7.950276929374106e-10	1.0205711e-09	9.415592e-09	0.8672435	-2.0154141e-17	0.22929339
7.975457425176335e-10	-1.4485525e-09	8.263334e-09	0.8687223	-2.0149622e-17	0.22898822
8.000144023816046e-10	-2.732497e-09	6.1234267e-09	0.87012446	-2.014476e-17	0.22845955
8.025324390629467e-10	-1.4485525e-09	4.5431876e-09	0.87152183	-2.0139358e-17	0.2277022
8.050011066116469e-10	5.5966803e-10	5.069934e-09	0.8728727	-2.0133617e-17	0.22674677
8.075191593557077e-10	1.679004e-09	6.5843295e-09	0.8742434	-2.0127273e-17	0.22555403
8.100372110117193e-10	6.58433e-10	7.967039e-09	0.8756181	-2.012039e-17	0.22413096
8.125058882762718e-10	-1.1851794e-09	7.901195e-09	0.87698036	-2.0113049e-17	0.22288807
8.15023940981355e-10	-1.9094557e-09	7.637823e-09	0.87839574	-2.0104873e-17	0.2225262
8.175419922413972e-10	-2.5678886e-09	7.045233e-09	0.87984884	-2.0095893e-17	0.22189061
8.200106747147034e-10	-2.7983402e-09	6.3868e-09	0.8813223	-2.0086172e-17	0.22097304
8.225287218842678e-10	-2.6995752e-09	6.650173e-09	0.8828888	-2.007515e-17	0.2196948
8.250467779893353e-10	-2.8641833e-09	6.5843295e-09	0.88453543	-2.0062793e-17	0.2184367
8.275154631735278e-10	-3.555538e-09	6.847703e-09	0.8862452	-2.004911e-17	0.2183305
8.300335251284235e-10	-4.4444226e-09	6.913546e-09	0.88810766	-2.0033193e-17	0.21777613
8.32502210916513e-10	-4.9053255e-09	6.5843295e-09	0.8900744	-2.0015216e-17	0.21668568
8.35020276520601e-10	-6.3868e-09	6.5843295e-09	0.89225435	-1.9993857e-17	0.21533333
8.375383490094367e-10	-7.835352e-09	6.0246617e-09	0.8946466	-1.9968625e-17	0.21551457
8.400070558541413e-10	-8.625472e-09	5.069934e-09	0.8972411	-1.9939061e-17	0.21480323
8.425251462720627e-10	-9.5802e-09	3.7201462e-09	0.90019375	-1.9902497e-17	0.21355137
8.450432442392772e-10	-1.158842e-08	3.5185013e-09	0.90351665	-1.985737e-17	0.21398209
8.475119553296389e-10	-1.438676e-08	2.3703588e-09	0.9071972	-1.9802002e-17	0.21247914
8.500300560682645e-10	-1.8205672e-08	-1.0534927e-09	0.9114411	-1.9730106e-17	0.21346755
8.52548165779942e-10	-2.1135698e-08	-5.530837e-09	0.9162024	-1.963677e-17	0.21287026
8.550169181639551e-10	-2.3308527e-08	-1.2016402e-08	0.9212935	-1.9516352e-17	0.21268876
8.575350515732948e-10	-2.656777e-08	-2.1596602e-08	0.9265812	-1.9352292e-17	0.2130606
8.600038267070729e-10	-2.6732378e-08	-3.6082128e-08	0.930976	-1.9135689e-17	0.21202192
8.625219971770366e-10	-2.136615e-08	-5.3662287e-08	0.93257225	-1.8842458e-17	0.21067855
8.650401774456133e-10	-8.6007805e-09	-7.190088e-08	0.9271219	-1.84877e-17	0.21037735
8.675090080445362e-10	1.5925847e-08	-8.335761e-08	0.90954036	-1.817725e-17	0.21928498
8.700272086894009e-10	4.7012115e-08	-8.111894e-08	0.8787921	-1.8102934e-17	0.2501787
8.725454267618547e-10	7.5324735e-08	-7.9176566e-08	0.84446084	-1.8415932e-17	0.22969899
8.750142766257945e-10	1.002135e-07	-5.5044996e-08	0.81108963	-1.8867394e-17	0.20372346
8.775327393739669e-10	1.05678495e-07	-1.0090485e-08	0.777906	-1.9235857e-17	0.19898148
8.800020577090261e-10	9.416003e-08	3.1868154e-08	0.7481807	-1.9478487e-17	0.2027667
8.825202863975303e-10	6.9036695e-08	6.110258e-08	0.72250414	-1.9635059e-17	0.20829763
8.850382111570268e-10	3.897923e-08	7.229594e-08	0.70244443	-1.97276e-17	0.21043585
8.875068947324275e-10	1.2213931e-08	6.7160165e-08	0.6881904	-1.9776902e-17	0.2114669
8.900249725770965e-10	-7.143998e-09	5.471578e-08	0.6787618	-1.980146e-17	0.2118037
8.925429832011947e-10	-1.7053415e-08	3.8452484e-08	0.6739995	-1.9812112e-17	0.21118644
8.950116587939841e-10	-2.0115127e-08	2.55472e-08	0.67299503	-1.9816796e-17	0.21084324
8.975297399255581e-10	-1.8617193e-08	1.659251e-08	0.67495775	-1.9820492e-17	0.21120092
9.000478367478603e-10	-1.5061655e-08	1.0534928e-08	0.6794893	-1.982585e-17	0.21149841
9.025166104049492e-10	-1.3604871e-08	7.3744495e-09	0.68603504	-1.9834082e-17	0.21058534
9.050347667099318e-10	-1.2452613e-08	3.9505976e-09	0.69440424	-1.9846104e-17	0.21177848
9.075035485601194e-10	-1.1234513e-08	6.58433e-10	0.70386004	-1.9861483e-17	0.21094887
9.100216910185495e-10	-7.818891e-09	-2.5020452e-09	0.71445894	-1.9880575e-17	0.21181563
9.125398397239309e-10	-4.460883e-09	-3.8189114e-09	0.7257753	-1.9902662e-17	0.21230468
9.150086140931485e-10	-2.4691236e-09	-3.8189114e-09	0.7373555	-1.992667e-17	0.21228516
9.175267531869836e-10	-7.2427625e-10	-2.0082205e-09	0.7494505	-1.9952928e-17	0.21211338
9.200448885051419e-10	-7.571979e-10	-1.3827093e-09	0.76161844	-1.998027e-17	0.21289311
9.225136386804964e-10	1.3168659e-10	-7.2427625e-10	0.7734166	-2.0007395e-17	0.21418212
9.250317522120348e-10	1.5143958e-09	-1.975299e-10	0.78511566	-2.0034576e-17	0.2154839
9.275004898813048e-10	1.3827093e-09	1.8847643e-09	0.79606193	-2.0059936e-17	0.21682869
9.300185973557236e-10	1.4814742e-09	2.473239e-09	0.80649626	-2.0083694e-17	0.21810888
9.32536696595467e-10	4.1481276e-09	2.8703562e-09	0.8160126	-2.0104653e-17	0.21897377
9.35005391054631e-10	2.4032802e-09	5.386805e-09	0.8243192	-2.012209e-17	0.22119103
9.375234617170458e-10	1.3827093e-09	5.892975e-09	0.83168346	-2.0136587e-17	0.22295573
9.400415249180866e-10	2.6008102e-09	4.971169e-09	0.83794403	-2.0147906e-17	0.22322164
9.42510206545329e-10	3.654303e-09	5.267464e-09	0.84309655	-2.0156221e-17	0.22520623
9.450282449859306e-10	4.2798143e-09	6.8806245e-09	0.847482	-2.0162208e-17	0.22553058
9.475462587382944e-10	3.555538e-09	8.362099e-09	0.8511437	-2.0166033e-17	0.22623344
9.500149186791788e-10	2.6666536e-09	8.823002e-09	0.8541751	-2.0168005e-17	0.22725448
9.525329350527232e-10	7.901196e-10	9.415592e-09	0.8568255	-2.0168513e-17	0.22751123
9.550015648938005e-10	-1.3168659e-10	8.296255e-09	0.85909224	-2.0167806e-17	0.2272365
9.57519570648396e-10	-1.6460824e-10	6.946468e-09	0.8611475	-2.0166094e-17	0.22823758
9.600375882927885e-10	7.571979e-10	5.464994e-09	0.8630067	-2.0163576e-17	0.22895198
9.625062361650308e-10	2.3045155e-09	5.563759e-09	0.86468554	-2.0160463e-17	0.22928606
9.650242527304392e-10	2.4032802e-09	6.946468e-09	0.8662875	-2.0156726e-17	0.2293579
9.675422631374587e-10	7.901196e-10	8.559629e-09	0.86780655	-2.0152497e-17	0.22920737
9.700109077214387e-10	-1.6131608e-09	8.164569e-09	0.8692367	-2.0147906e-17	0.22882062
9.725289198636288e-10	-3.358008e-09	6.3868e-09	0.8706529	-2.0142781e-17	0.22820097
9.750469456794422e-10	-2.7654186e-09	4.6419526e-09	0.8720415	-2.0137209e-17	0.22736028
9.775156094815313e-10	-1.7448474e-09	3.8189114e-09	0.87338847	-2.0131291e-17	0.22632429
9.800336334334625e-10	-4.609031e-10	4.3456576e-09	0.87475926	-2.0124752e-17	0.22504629
9.825022923953132e-10	-9.547279e-10	5.6625233e-09	0.87611103	-2.011779e-17	0.22356711
9.850203072928452e-10	-1.3827093e-09	6.5184866e-09	0.8775088	-2.0110063e-17	0.22278234
9.875383445517319e-10	-2.8641833e-09	5.79421e-09	0.878937	-2.0101596e-17	0.22232029
9.90006988898959e-10	-3.6872247e-09	4.872404e-09	0.88037825	-2.0092474e-17	0.22159384
9.92525036126623e-10	-3.851833e-09	3.9505976e-09	0.88190293	-2.0082168e-17	0.22053559
9.950430885651283e-10	-3.3909298e-09	3.753068e-09	0.88349766	-2.0070679e-17	0.21911366
9.975117369847833e-10	-4.312736e-09	3.358008e-09	0.88514495	-2.0058016e-17	0.2184422
1.000029793739252e-09	-5.069934e-09	3.9505976e-09	0.88693005	-2.0043379e-17	0.21818075
1.002547839553403e-09	-6.0575833e-09	2.436202e-09	0.8888439	-2.0026603e-17	0.21742938
1.0050165209356175e-09	-5.892975e-09	2.0411421e-09	0.8908715	-2.0007583e-17	0.21609356
1.0075345715015475e-09	-6.2551133e-09	1.4485525e-09	0.89312655	-1.9984877e-17	0.21549088
1.010003249876745e-09	-7.637823e-09	8.065804e-10	0.89555866	-1.9958498e-17	0.21537432
1.0125213199333555e-09	-9.514356e-09	-1.3168659e-10	0.8983118	-1.9926169e-17	0.21422614
1.0150393914067679e-09	-1.0271554e-08	-1.6296217e-09	0.90139604	-1.9886671e-17	0.21389619
1.0175080950578059e-09	-1.14896554e-08	-4.3456576e-09	0.90480256	-1.98387e-17	0.2136987
1.0200261846371193e-09	-1.2543148e-08	-7.1769195e-09	0.90873206	-1.977707e-17	0.21307555
1.0225442864002574e-09	-1.297113e-08	-1.1135747e-08	0.9131714	-1.969792e-17	0.21306992
1.0250130138715063e-09	-1.3497876e-08	-1.5275646e-08	0.91801393	-1.9596833e-17	0.2133758
1.0275311247705378e-09	-1.3036973e-08	-2.1201542e-08	0.9233017	-1.9460329e-17	0.21268792
1.0300492512408277e-09	-1.08970655e-08	-2.992578e-08	0.92843544	-1.9276703e-17	0.21211706
1.0325180302452446e-09	-5.9588183e-09	-4.072408e-08	0.93208647	-1.9034511e-17	0.21172573
1.0350361957158707e-09	4.3785793e-09	-5.293801e-08	0.9316495	-1.8713558e-17	0.21010946
1.0375050112892226e-09	2.1654214e-08	-6.110258e-08	0.92237085	-1.8361835e-17	0.21141607
1.0400232108612753e-09	4.6814584e-08	-5.7942103e-08	0.8991129	-1.8107707e-17	0.23021023
1.0425414132947841e-09	6.999142e-08	-4.5826933e-08	0.8658578	-1.8179812e-17	0.25501278
1.0450102367503173e-09	9.0995435e-08	-3.114388e-08	0.83231753	-1.8581306e-17	0.21752524
1.047528524983068e-09	9.474851e-08	3.654303e-09	0.7984169	-1.9021253e-17	0.2000017
1.0500471035252974e-09	7.7563406e-08	3.911092e-08	0.7660694	-1.9341332e-17	0.20020771
1.0525163537773617e-09	5.0888637e-08	6.162933e-08	0.73791	-1.9546453e-17	0.20527934
1.0550343246559255e-09	2.1950509e-08	6.811489e-08	0.7142856	-1.9676086e-17	0.20900376
1.0575029090801698e-09	-1.3168659e-10	6.162933e-08	0.6966696	-1.9749323e-17	0.21148734
1.060020957634562e-09	-1.5308567e-08	4.71438e-08	0.68405807	-1.9788437e-17	0.21122083
1.0625389966592616e-09	-2.2485485e-08	3.2131528e-08	0.6764679	-1.9806582e-17	0.21164544
1.0650076325190119e-09	-2.2617172e-08	1.8436124e-08	0.6732612	-1.9814175e-17	0.21097505
1.0675256892515783e-09	-1.9292086e-08	1.0534928e-08	0.673407	-1.981813e-17	0.21091726
1.0700437562209068e-09	-1.5687165e-08	4.4773443e-09	0.67638004	-1.982221e-17	0.21138254
1.0725125014713407e-09	-1.2864134e-08	2.1069855e-09	0.6816495	-1.9828456e-17	0.21136719
1.0750306300956052e-09	-1.0255094e-08	2.6337318e-10	0.68900436	-1.9838163e-17	0.21105531
1.0775487629573445e-09	-8.296255e-09	-1.7119257e-09	0.69790196	-1.985159e-17	0.21166642
1.080017528019437e-09	-6.469104e-09	-3.2921648e-09	0.70774466	-1.986828e-17	0.21177565
1.082535660871005e-09	-4.6748743e-09	-3.8189114e-09	0.7186397	-1.988855e-17	0.21092895
1.085004420919595e-09	-3.374469e-09	-4.98763e-09	0.72993785	-1.9911142e-17	0.21214849
1.0875225473265074e-09	-1.0205711e-09	-5.069934e-09	0.74187875	-1.9936363e-17	0.21280281
1.0900406662920613e-09	7.2427625e-10	-3.8189114e-09	0.754026	-1.9963116e-17	0.21323447
1.0925094173747257e-09	1.9094557e-09	-2.436202e-09	0.7659301	-1.999013e-17	0.21357077
1.0950275324630101e-09	2.436202e-09	-1.777769e-09	0.77786344	-2.0017711e-17	0.2140082
1.0975456361526413e-09	1.3703636e-09	8.5596286e-10	0.78938335	-2.0044492e-17	0.21498604
1.1000143704272266e-09	1.1851794e-09	2.5637734e-09	0.8000799	-2.0069152e-17	0.2169705
1.1025324418060817e-09	7.571979e-10	3.1172687e-09	0.8101886	-2.0091926e-17	0.21889831
1.1050011473816197e-09	1.2839443e-09	2.7654186e-09	0.8191525	-2.0111356e-17	0.22038296
1.1075192165018482e-09	2.2386721e-09	2.0411421e-09	0.82721883	-2.0127923e-17	0.22084709
1.1100372744617887e-09	4.1810493e-09	3.1604783e-09	0.834162	-2.0141196e-17	0.2234555
1.1125059278200168e-09	4.016441e-09	5.4814544e-09	0.83992237	-2.015123e-17	0.2239115
1.1150239587215229e-09	1.777769e-09	7.637823e-09	0.8448392	-2.0158746e-17	0.22554976
1.1175419721726082e-09	-1.3168659e-10	7.308606e-09	0.8489345	-2.0163879e-17	0.2252364
1.1200106102675584e-09	-1.316866e-09	5.99174e-09	0.8523019	-2.0166936e-17	0.22670753
1.1225286149552336e-09	-1.0864144e-09	3.6872247e-09	0.8552171	-2.0168359e-17	0.22743827
1.1250466094378571e-09	-6.5843296e-11	3.1604783e-09	0.85772824	-2.0168369e-17	0.22743852
1.1275152497946524e-09	4.938247e-10	4.016441e-09	0.85989106	-2.0167269e-17	0.22767553
1.1300332435197685e-09	1.0534927e-09	4.938247e-09	0.86186606	-2.0165236e-17	0.22855349
1.1325018747244553e-09	-3.6213813e-10	5.629602e-09	0.8636309	-2.0162511e-17	0.22911185
1.135019877877328e-09	-1.4156308e-09	5.2016205e-09	0.8652988	-2.0159118e-17	0.22933142
1.1375378658181094e-09	-1.5143958e-09	3.9505976e-09	0.8668667	-2.0155194e-17	0.22933169
1.140006495283879e-09	-1.2510226e-09	3.2263217e-09	0.86833173	-2.0150879e-17	0.22909322
1.1425244999870899e-09	-3.950598e-10	3.4896948e-09	0.869773	-2.0146032e-17	0.228614
1.1450425067232156e-09	-6.5843296e-11	3.6872247e-09	0.8711772	-2.0140743e-17	0.22791123
1.1475111487497974e-09	-6.5843296e-11	5.0040905e-09	0.8725318	-2.0135115e-17	0.22700912
1.1500291451928382e-09	-2.9629485e-10	4.2798143e-09	0.8739031	-2.0128898e-17	0.22587097
1.1525471631991333e-09	3.950598e-10	4.016441e-09	0.8752757	-2.0122151e-17	0.2245077
1.155015810806894e-09	3.292165e-10	3.8847547e-09	0.87663335	-2.0114966e-17	0.22293985
1.1575338288839736e-09	6.5843296e-11	4.2798143e-09	0.8780412	-2.0106974e-17	0.22264013
1.1600024797977808e-09	-5.5966803e-10	4.2798143e-09	0.8794551	-2.0098385e-17	0.2220904
1.16252049098367e-09	-6.9135464e-10	4.4773443e-09	0.8809438	-2.008873e-17	0.22123641
1.1650385302494181e-09	-6.255113e-10	4.7407176e-09	0.88249296	-2.0078003e-17	0.22004789
1.1675071729842057e-09	-9.218062e-10	5.79421e-09	0.8840853	-2.0066254e-17	0.21850683
1.170025203642045e-09	-1.8106907e-09	5.5966805e-09	0.88580203	-2.005274e-17	0.2183946
1.1725432323643234e-09	-2.4032802e-09	5.135777e-09	0.8876325	-2.0037355e-17	0.21796173
1.175011900397094e-09	-2.6995752e-09	5.563759e-09	0.88956136	-2.0020024e-17	0.21702035
1.1775299282270728e-09	-4.016441e-09	5.6625233e-09	0.89169455	-1.9999488e-17	0.21539246
1.1800479900105935e-09	-4.312736e-09	5.0040905e-09	0.89403015	-1.9975308e-17	0.21554355
1.182516665998505e-09	-4.8065605e-09	5.3991505e-09	0.89655757	-1.9947077e-17	0.21508409
1.185034720302004e-09	-6.3868e-09	5.1193165e-09	0.89942807	-1.9912282e-17	0.21344785
1.1875034138429316e-09	-8.230412e-09	5.6625233e-09	0.90258574	-1.9870455e-17	0.21402784
1.1900214906904146e-09	-1.0534928e-08	4.79833e-09	0.9062214	-1.9817272e-17	0.21308541
1.1925395638399335e-09	-1.297113e-08	3.358008e-09	0.91033804	-1.9749705e-17	0.2134543
1.1950082834403757e-09	-1.5604861e-08	1.5802392e-09	0.9148768	-1.9664315e-17	0.2121632
1.1975263843869572e-09	-1.8469045e-08	-1.4485525e-09	0.919975	-1.955014e-17	0.21322319
1.2000445010379002e-09	-2.2320878e-08	-5.79421e-09	0.9252938	-1.9397748e-17	0.21320854
1.2025132605797015e-09	-2.6139789e-08	-1.3695406e-08	0.93001956	-1.9196756e-17	0.21186012
1.2050314086929971e-09	-2.854307e-08	-2.5020453e-08	0.9326311	-1.8922483e-17	0.21109827
1.2075001949155895e-09	-2.7308507e-08	-3.897923e-08	0.9295988	-1.8585372e-17	0.20910859
1.2100183904211811e-09	-1.6864114e-08	-5.412319e-08	0.91535425	-1.8242775e-17	0.21561238
1.2125365818472015e-09	4.3456576e-09	-6.3341254e-08	0.88717836	-1.8085723e-17	0.24217093
1.2150054082288718e-09	2.5217982e-08	-6.979389e-08	0.8536244	-1.8301982e-17	0.24205707
1.2175236193145423e-09	4.8987413e-08	-6.429598e-08	0.81953025	-1.8756785e-17	0.20842296
1.2200420051278133e-09	6.7160165e-08	-3.8847546e-08	0.78596765	-1.9156535e-17	0.19846067
1.222511291004547e-09	7.091323e-08	-6.2221917e-09	0.75534445	-1.9426563e-17	0.20172606
1.225029677591384e-09	6.157995e-08	1.9884675e-08	0.7283823	-1.9603077e-17	0.20667818
1.2275475612116515e-09	4.510266e-08	3.555538e-08	0.7068924	-1.970932e-17	0.21069251
1.2300162098575586e-09	2.7489577e-08	4.0427786e-08	0.69132245	-1.9767329e-17	0.21187714
1.2325342488752405e-09	1.218101e-08	3.7662367e-08	0.6806421	-1.979705e-17	0.21174784
1.2350028829612088e-09	2.0082205e-09	3.1341408e-08	0.6748668	-1.9810102e-17	0.21138453
1.2375208894962765e-09	-3.7201462e-09	2.4888767e-08	0.6729531	-1.9815853e-17	0.21085632
1.2400389400340865e-09	-5.8600533e-09	1.896287e-08	0.67421514	-1.9819499e-17	0.21107437
1.2425076355332006e-09	-6.1398873e-09	1.3432032e-08	0.6780434	-1.9824151e-17	0.21149188
1.2450257635740505e-09	-6.4444126e-09	1.0798301e-08	0.6842019	-1.9831677e-17	0.21099497
1.2475438789004947e-09	-6.5184866e-09	8.296255e-09	0.6921882	-1.9842764e-17	0.21161167
1.2500126431126729e-09	-6.1069656e-09	6.0575833e-09	0.7013636	-1.985726e-17	0.21109115
1.2525307675209698e-09	-5.037012e-09	3.8189114e-09	0.7117478	-1.987553e-17	0.21201569
1.2550488964187633e-09	-4.3456576e-09	1.7119257e-09	0.7229065	-1.9896916e-17	0.21198906
1.257517648134112e-09	-3.1934e-09	5.2674637e-10	0.73438406	-1.9920392e-17	0.21146064
1.2600357718033273e-09	-1.5143958e-09	1.1522577e-10	0.7464278	-1.9946268e-17	0.21238811
1.2625045030563252e-09	-6.5843296e-11	3.950598e-10	0.7583587	-1.9972873e-17	0.21338452
1.2650226076545597e-09	3.950598e-10	1.3168659e-10	0.77044684	-2.0000527e-17	0.21428446
1.267540701623229e-09	1.0864144e-09	1.1193361e-09	0.78224874	-2.0027909e-17	0.21524154
1.2700094178096056e-09	9.876494e-10	1.5802392e-09	0.7933448	-2.0053665e-17	0.21618554
1.2725275110009512e-09	1.8106907e-09	2.3703588e-09	0.80398035	-2.0078021e-17	0.21707956
1.2750455741781792e-09	2.5678886e-09	2.2510178e-09	0.81373984	-2.009973e-17	0.21880524
1.2775142645618196e-09	3.0617133e-09	2.5431974e-09	0.82231253	-2.0117969e-17	0.2211106
1.2800323191002384e-09	3.3909298e-09	3.555538e-09	0.82995677	-2.0133285e-17	0.22231705
1.2825009846694593e-09	4.1481276e-09	4.7407176e-09	0.8363683	-2.0145163e-17	0.22346923
1.28501902924729e-09	3.555538e-09	6.090505e-09	0.84187484	-2.0154353e-17	0.2248023
1.287537024481867e-09	2.436202e-09	6.7818595e-09	0.84646475	-2.0160933e-17	0.22561665
1.290005651388706e-09	1.316866e-09	6.716016e-09	0.8502232	-2.0165201e-17	0.22576796
1.2925236421716478e-09	1.4156308e-09	5.79421e-09	0.8534509	-2.0167653e-17	0.22706339
1.295041642587091e-09	1.777769e-09	5.267464e-09	0.85620165	-2.0168515e-17	0.22751386
1.2975102370131656e-09	2.7654186e-09	5.79421e-09	0.8585433	-2.0168086e-17	0.2273013
1.3000282358455635e-09	1.8929949e-09	6.5184866e-09	0.8606567	-2.0166604e-17	0.22803676
1.3025462176780802e-09	4.609031e-10	7.2756845e-09	0.8625595	-2.0164268e-17	0.22881168
1.305014838399931e-09	-1.1522577e-10	7.111076e-09	0.86427075	-2.0161305e-17	0.22923228
1.3075328302518634e-09	-6.255113e-10	6.3868e-09	0.8658977	-2.0157705e-17	0.22935449
1.31000144113786e-09	-5.925897e-10	5.6625233e-09	0.8674056	-2.0153677e-17	0.2292732
1.3125194279680834e-09	-6.255113e-10	4.707796e-09	0.8688782	-2.014911e-17	0.22894068
1.315037436944551e-09	-2.9629485e-10	4.609031e-09	0.8703037	-2.01441e-17	0.22837612
1.317506038262516e-09	9.876495e-11	4.609031e-09	0.8716706	-2.0138754e-17	0.22760792
1.3200240326016176e-09	9.876495e-11	4.609031e-09	0.87304705	-2.0132838e-17	0.22660781
1.3225420258879698e-09	-2.3045155e-10	4.7407176e-09	0.8744176	-2.0126428e-17	0.2253858
1.325010667449934e-09	-1.0534927e-09	4.872404e-09	0.8757665	-2.0119612e-17	0.22396545
1.3275286863754807e-09	-8.5596286e-10	4.6748743e-09	0.8771585	-2.011205e-17	0.22285706
1.330046691501062e-09	-1.316866e-09	4.5431876e-09	0.878578	-2.0103778e-17	0.22246109
1.3325153341412644e-09	-1.4814742e-09	4.7407176e-09	0.8800078	-2.0094872e-17	0.22180583
1.3350333460434189e-09	-1.7119257e-09	5.3991505e-09	0.88151747	-2.0084837e-17	0.22083186
1.3375019820144089e-09	-1.9752988e-09	5.5966805e-09	0.8830616	-2.0073895e-17	0.21953501
1.3400199994055168e-09	-3.3250864e-09	4.7407176e-09	0.88471776	-2.0061376e-17	0.21844357
1.3425380088423655e-09	-3.4896948e-09	4.6419526e-09	0.88647443	-2.0047207e-17	0.21828757
1.345006670878073e-09	-3.5226164e-09	5.0040905e-09	0.8883157	-2.0031348e-17	0.21768564
1.3475247048324716e-09	-4.5761093e-09	5.2016205e-09	0.8903406	-2.0012689e-17	0.21649736
1.3500427345830053e-09	-5.069934e-09	4.510266e-09	0.8925454	-1.9990886e-17	0.21539748
1.3525114061312616e-09	-6.1563483e-09	4.4773443e-09	0.8949177	-1.9965645e-17	0.21548559
1.3550294584400934e-09	-7.2756845e-09	4.954708e-09	0.89759755	-1.9934816e-17	0.21462923
1.3575474984940527e-09	-9.053453e-09	5.267464e-09	0.9005935	-1.9897292e-17	0.21368998
1.3600161870763243e-09	-1.0929988e-08	4.2798143e-09	0.9038977	-1.9851911e-17	0.21392483
1.362534243460747e-09	-1.34649545e-08	2.7654186e-09	0.9077072	-1.9793845e-17	0.21261874
1.3650029529672795e-09	-1.5143959e-08	8.5596286e-10	0.9119272	-1.9721243e-17	0.21340846
1.3675210468256214e-09	-1.8436124e-08	-1.3827093e-09	0.91674197	-1.9625164e-17	0.21308371
1.3700391421015467e-09	-2.1596602e-08	-6.18927e-09	0.9219703	-1.9498134e-17	0.21227555
1.3725078812743043e-09	-2.5250904e-08	-1.3563719e-08	0.92712396	-1.9331596e-17	0.21287645
1.3750260168177072e-09	-2.716036e-08	-2.3703587e-08	0.93140197	-1.9102762e-17	0.21198282
1.377544160429213e-09	-2.6139789e-08	-3.7398994e-08	0.9323843	-1.8799944e-17	0.21048522
1.3800129481535407e-09	-1.938262e-08	-5.293801e-08	0.92587674	-1.844907e-17	0.21083611
1.3825311315314764e-09	-1.8436124e-09	-6.623836e-08	0.9062291	-1.814931e-17	0.22333068
1.3850493267860512e-09	2.337437e-08	-7.124245e-08	0.874443	-1.8122131e-17	0.25246787
1.3875181450092866e-09	4.7407173e-08	-7.328359e-08	0.8408057	-1.8464671e-17	0.22616194
1.3900363854222412e-09	7.097908e-08	-5.4979154e-08	0.8067989	-1.8921252e-17	0.20266694
1.3925055066509176e-09	8.131647e-08	-2.0131589e-08	0.7744835	-1.9267657e-17	0.19848031
1.3950241983045357e-09	7.4946136e-08	1.38600145e-08	0.74463785	-1.9502771e-17	0.20302051
1.3975422695129233e-09	5.7448275e-08	3.6839324e-08	0.7196414	-1.9649834e-17	0.2085108
1.40001080611439e-09	3.693809e-08	4.5826933e-08	0.70063436	-1.9734657e-17	0.21029885
1.4025288405716185e-09	1.8929947e-08	4.5168502e-08	0.6867163	-1.9781164e-17	0.21111676
1.4050468708434537e-09	4.6419526e-09	3.9440135e-08	0.67791617	-1.9803376e-17	0.21177422
1.4075154946783498e-09	-4.888865e-09	3.0814665e-08	0.6737295	-1.9812795e-17	0.21111448
1.410033505486083e-09	-9.497896e-09	2.2255035e-08	0.6730881	-1.9817252e-17	0.21085662
1.4125021764117408e-09	-1.0353858e-08	1.6329137e-08	0.6753269	-1.9820953e-17	0.2112558
1.4150202620868276e-09	-9.308597e-09	1.1193361e-08	0.6801106	-1.982659e-17	0.21147881
1.4175383841038429e-09	-8.740698e-09	8.032882e-09	0.68701005	-1.9835399e-17	0.21052402
1.4200071259155273e-09	-7.950578e-09	5.6625233e-09	0.69538295	-1.9847613e-17	0.21179464
1.4225252437664219e-09	-5.810671e-09	3.8189114e-09	0.7051546	-1.9863718e-17	0.21128848
1.4250433579751253e-09	-4.691335e-09	2.6008102e-09	0.71585685	-1.9883215e-17	0.21159862
1.4275121055402639e-09	-3.6872247e-09	1.1851794e-09	0.7270195	-1.9905175e-17	0.21233553
1.430030238392858e-09	-2.9300267e-09	5.020551e-10	0.7388754	-1.992991e-17	0.21256053
1.4325483496869554e-09	-2.156368e-09	1.3168659e-10	0.7509913	-1.9956348e-17	0.21259783
1.4350170828929687e-09	-7.571979e-10	0	0.7629157	-1.9983228e-17	0.21255206
1.4375351708962198e-09	1.0534927e-09	7.901196e-10	0.7749202	-2.001088e-17	0.21395347
1.4400038846625103e-09	1.1851794e-09	6.255113e-10	0.78633857	-2.0037418e-17	0.21544823
1.4425219710348267e-09	1.7119257e-09	3.0864045e-10	0.7974271	-2.0063076e-17	0.21698795
1.4450400374817838e-09	2.436202e-09	1.0534927e-09	0.8077546	-2.0086511e-17	0.21847686
1.4475087067985587e-09	3.0287917e-09	2.2386721e-09	0.81696945	-2.0106708e-17	0.21947396
1.4500267657685329e-09	4.2468926e-09	3.0287917e-09	0.8253133	-2.0124107e-17	0.22111875
1.4525448037660281e-09	4.2798143e-09	3.9012154e-09	0.8325351	-2.0138187e-17	0.22318394
1.4550134395075636e-09	3.8847547e-09	4.9217865e-09	0.838551	-2.0148943e-17	0.22313547
1.4575314538802897e-09	3.753068e-09	5.8271317e-09	0.8436965	-2.0157108e-17	0.22535646
1.4600000800232978e-09	3.7859897e-09	5.3991505e-09	0.84790504	-2.0162713e-17	0.2254658
1.4625180642725333e-09	3.6213814e-09	5.9258967e-09	0.85149837	-2.0166329e-17	0.22639228
1.4650360416790287e-09	2.7983402e-09	6.3209566e-09	0.8545324	-2.0168149e-17	0.2273296
1.4675046496395637e-09	2.6008102e-09	5.8600533e-09	0.8570868	-2.0168491e-17	0.22749959
1.4700226330206677e-09	3.6213814e-09	5.8600533e-09	0.8593648	-2.0167641e-17	0.22739333
1.472540596743675e-09	3.1275567e-09	6.3209566e-09	0.8613922	-2.0165818e-17	0.22834688
1.475009207113976e-09	2.814801e-09	7.506136e-09	0.8631957	-2.0163264e-17	0.22900553
1.4775271883591035e-09	9.876494e-10	7.5719795e-09	0.8648933	-2.016002e-17	0.229306
1.480045175835491e-09	1.6460824e-10	7.835352e-09	0.86648357	-2.015622e-17	0.22935343
1.4825137779900754e-09	-5.1028554e-10	7.967039e-09	0.86796474	-2.0152016e-17	0.22917667
1.4850317505519238e-09	-6.9135464e-10	6.3209566e-09	0.86941767	-2.0147282e-17	0.22875518
1.4875003757826527e-09	-3.292165e-10	6.1563483e-09	0.8708023	-2.0142209e-17	0.22812164
1.4900183703909797e-09	-6.5843296e-11	6.3868e-09	0.87218857	-2.0136587e-17	0.22725818
1.4925363609186269e-09	-8.230412e-10	7.045233e-09	0.87356144	-2.0130494e-17	0.22617576
1.4950049814255765e-09	-1.1851794e-09	6.7818595e-09	0.87490565	-2.0124024e-17	0.22489747
1.4975229805886094e-09	-1.2510226e-09	7.242763e-09	0.87628627	-2.0116852e-17	0.2233592
1.5e-09	-2.4032802e-09	7.1769195e-09	0.87766427	-2.010917e-17	0.22274485
