# t (s)	mx ()	my ()	mz ()	E_total (J)	MaxAngle (rad)
0	1.176949e-09	3.950598e-10	0.97953606	-2.0725775e-17	0.2662747
2.5089097358742604e-12	3.7662367e-08	9.6336976e-08	0.9655482	-2.0650784e-17	0.23723234
5.038975017670427e-12	-7.373626e-08	2.8490393e-07	0.95021915	-2.046465e-17	0.22759074
7.515160662842115e-12	-4.652158e-07	4.2561106e-07	0.9366863	-2.0193074e-17	0.22605878
1.0038649251868749e-11	-1.1401426e-06	3.772821e-07	0.925747	-1.9872771e-17	0.22465464
1.251085487909665e-11	-2.0175373e-06	8.902014e-08	0.91739094	-1.9554161e-17	0.22223134
1.5031436745994804e-11	-3.0869971e-06	-4.963926e-07	0.91044396	-1.9241928e-17	0.2207328
1.7501970903259077e-11	-4.24258e-06	-1.3403062e-06	0.9044656	-1.8955482e-17	0.2203347
2.0021343202067333e-11	-5.4639404e-06	-2.3644327e-06	0.8987175	-1.8688149e-17	0.22168875
2.254046423299429e-11	-6.719572e-06	-3.3454978e-06	0.89313924	-1.8451362e-17	0.22690606
2.5010037553142482e-11	-8.076832e-06	-4.0423834e-06	0.8879276	-1.825404e-17	0.23408082
2.75288683962417e-11	-9.787639e-06	-4.317213e-06	0.88309795	-1.8090892e-17	0.24394715
3.004758879673532e-11	-1.206855e-05	-4.089659e-06	0.8789618	-1.7964285e-17	0.25485536
3.25168181190641e-11	-1.50821315e-05	-3.3897447e-06	0.8756456	-1.7869263e-17	0.2640839
3.503537598198736e-11	-1.9184696e-05	-2.2528943e-06	0.8729184	-1.7792577e-17	0.27130052
3.7504495973922715e-11	-2.4531797e-05	-9.4274435e-07	0.8706567	-1.7727346e-17	0.27702606
4.00229519354296e-11	-3.1789143e-05	-1.385343e-07	0.8684188	-1.7662713e-17	0.28252375
4.254135367304981e-11	-4.0993018e-05	-1.7331931e-06	0.86577505	-1.7599229e-17	0.29446983
4.5010359245180025e-11	-4.981572e-05	-8.204734e-06	0.86224914	-1.7553745e-17	0.33120668
4.752876236109517e-11	-5.298463e-05	-1.9532941e-05	0.8573545	-1.755082e-17	0.38129762
5.0047164535738525e-11	-4.6693764e-05	-3.0179406e-05	0.85140204	-1.7592515e-17	0.4356285
5.25162072652746e-11	-3.382186e-05	-3.472997e-05	0.84514046	-1.7649268e-17	0.4718439
5.503464777032801e-11	-1.883013e-05	-3.1966658e-05	0.83870226	-1.7702512e-17	0.5204844
5.7503702238617166e-11	-6.7490037e-06	-2.3472214e-05	0.8325195	-1.7745537e-17	0.54769605
6.002206753646823e-11	2.8620025e-07	-1.2545979e-05	0.82649535	-1.7779797e-17	0.58935034
6.254039290840628e-11	2.5493043e-06	-2.8592451e-06	0.82083553	-1.7806054e-17	0.5975457
6.500935113816849e-11	2.4529757e-06	4.0632062e-06	0.8156706	-1.7826536e-17	0.6167434
6.752765935724823e-11	2.142903e-06	9.074194e-06	0.81079924	-1.7844202e-17	0.6259186
7.004595054850041e-11	2.3996754e-06	1.3492674e-05	0.8063007	-1.7859915e-17	0.6298457
7.25148426328862e-11	2.6072958e-06	1.8409983e-05	0.80221385	-1.7874098e-17	0.64294684
7.503295976273561e-11	1.5748235e-06	2.4315403e-05	0.7983497	-1.7887844e-17	0.6516073
7.750169987098316e-11	-1.5909716e-06	3.052765e-05	0.7948267	-1.7901227e-17	0.6661288
8.001983040255771e-11	-7.377478e-06	3.6605845e-05	0.7914309	-1.791554e-17	0.6743202
8.253796462955558e-11	-1.5725553e-05	4.198781e-05	0.78811556	-1.793154e-17	0.65221477
8.500672437213308e-11	-2.6573993e-05	4.674548e-05	0.78479844	-1.7950306e-17	0.68080854
8.752485065107761e-11	-4.1313277e-05	5.1768075e-05	0.7811757	-1.7974992e-17	0.64504474
9.004299709905431e-11	-6.284361e-05	5.7947105e-05	0.7771051	-1.8009825e-17	0.6388239
9.251177122536438e-11	-9.7716096e-05	6.559704e-05	0.772421	-1.8063072e-17	0.59575224
9.50299053629928e-11	-0.00016511352	7.0581234e-05	0.76656824	-1.815931e-17	0.5053778
9.754803883187359e-11	-0.0003015326	3.9631013e-05	0.7591082	-1.8357059e-17	0.41985062
1.0001680431901615e-10	-0.00047589783	-0.00014465662	0.749594	-1.8756921e-17	0.3230299
1.0253494201472866e-10	-0.00038981612	-0.0004321927	0.7371896	-1.9259385e-17	0.24060358
1.0500375028016972e-10	-8.563387e-05	-0.00050928304	0.72417176	-1.9553628e-17	0.20135388
1.0752217103049976e-10	0.00019312698	-0.00038499123	0.7129278	-1.969401e-17	0.20123433
1.10040674166493e-10	0.0003211012	-0.00016979617	0.70516723	-1.9763262e-17	0.2019657
1.1250954924858127e-10	0.0003014971	9.96051e-06	0.701098	-1.980126e-17	0.20921537
1.150275663386848e-10	0.0002091917	9.613332e-05	0.70041543	-1.9825789e-17	0.21586742
1.175457422474324e-10	0.00012074661	9.0339505e-05	0.70272976	-1.9842994e-17	0.21939293
1.2001457391988014e-10	7.59187e-05	4.7727437e-05	0.7070926	-1.985623e-17	0.21910298
1.2253280321690398e-10	6.596661e-05	1.846246e-05	0.71318716	-1.9868549e-17	0.21733846
1.2500167598203536e-10	6.442816e-05	2.074844e-05	0.7205367	-1.9881451e-17	0.2149268
1.275199329535154e-10	5.185535e-05	4.1195697e-05	0.72913736	-1.989687e-17	0.21290296
1.3003820674134843e-10	2.7518881e-05	5.816123e-05	0.7384751	-1.991508e-17	0.21275765
1.3250710509191868e-10	2.6159296e-06	6.004237e-05	0.74801946	-1.9935187e-17	0.21390489
1.3502531673587493e-10	-1.3971561e-05	4.857609e-05	0.7579035	-1.9957038e-17	0.21556585
1.37543523733337e-10	-1.9240448e-05	3.2116386e-05	0.76773083	-1.9979294e-17	0.2171504
1.4001239417465323e-10	-1.7254877e-05	1.8371202e-05	0.77710867	-2.0000847e-17	0.21927102
1.425306190412299e-10	-1.3193811e-05	9.419542e-06	0.78620124	-2.0022059e-17	0.22204413
1.4504886474079964e-10	-1.0134962e-05	4.403468e-06	0.79462385	-2.0042002e-17	0.22391768
1.4751772441401297e-10	-8.368979e-06	1.0816078e-06	0.8020875	-2.0059742e-17	0.22612898
1.5003594643481587e-10	-6.697152e-06	-2.072352e-06	0.8087962	-2.0075483e-17	0.22658737
1.525047836998201e-10	-4.3004893e-06	-4.975385e-06	0.8144432	-2.0088442e-17	0.22798245
1.5502297935004654e-10	-1.122727e-06	-7.0697633e-06	0.8192575	-2.0099276e-17	0.22815907
1.5754115918767258e-10	2.0356442e-06	-7.770431e-06	0.82316834	-2.0107957e-17	0.22822784
1.600099655510593e-10	4.327666e-06	-7.1756026e-06	0.82621115	-2.011463e-17	0.22852902
1.6252812759885275e-10	5.484467e-06	-5.8029837e-06	0.8286168	-2.0119837e-17	0.22905858
1.6504627548158764e-10	5.5993796e-06	-4.2922093e-06	0.830435	-2.0123743e-17	0.22962543
1.6751503506359676e-10	5.1139173e-06	-3.078421e-06	0.8317579	-2.0126601e-17	0.23013759
1.700331618080866e-10	4.4141016e-06	-2.2178656e-06	0.83274126	-2.0128777e-17	0.23055477
1.7250191904972935e-10	3.7514876e-06	-1.654428e-06	0.83343196	-2.0130358e-17	0.23086366
1.7502005026512255e-10	3.1640338e-06	-1.2310475e-06	0.83392924	-2.0131554e-17	0.23113051
1.775381607174263e-10	2.6413697e-06	-8.7983926e-07	0.83427274	-2.0132433e-17	0.23130555
1.8000690098990283e-10	2.1627714e-06	-5.9054855e-07	0.83450186	-2.013307e-17	0.23140407
1.8252501643711856e-10	1.7054731e-06	-3.697101e-07	0.8346568	-2.013355e-17	0.23145372
1.8504312889447572e-10	1.2990224e-06	-2.3526633e-07	0.8347559	-2.0133899e-17	0.2314719
1.8751186274641266e-10	9.725384e-07	-1.7501148e-07	0.83481586	-2.013415e-17	0.23146774
1.9002996704262216e-10	7.2151084e-07	-1.5828729e-07	0.83485156	-2.0134342e-17	0.23145449
1.925480862067339e-10	5.439973e-07	-1.5715149e-07	0.83487034	-2.0134483e-17	0.2314337
1.9501682852820077e-10	4.2254936e-07	-1.5201572e-07	0.83487827	-2.0134582e-17	0.23141344
1.9753494157982036e-10	3.29842e-07	-1.3840261e-07	0.8348795	-2.0134655e-17	0.23139705
2.00003686404855e-10	2.57579e-07	-1.2153026e-07	0.8348768	-2.0134711e-17	0.23138198
2.0252179199993343e-10	1.979908e-07	-1.05744334e-07	0.8348718	-2.0134749e-17	0.23136742
2.0503988687782379e-10	1.5048485e-07	-9.417238e-08	0.8348658	-2.0134777e-17	0.23135963
2.0750862634479988e-10	1.1575251e-07	-8.589258e-08	0.8348598	-2.0134799e-17	0.23135234
2.1002672954191227e-10	9.060037e-08	-7.835352e-08	0.8348538	-2.0134814e-17	0.23134793
2.1254484683850075e-10	7.402433e-08	-6.985974e-08	0.8348484	-2.0134823e-17	0.2313443
2.1501356806454152e-10	6.116842e-08	-6.024662e-08	0.8348436	-2.0134833e-17	0.23134196
2.1753167659072073e-10	5.0205514e-08	-5.0435965e-08	0.8348393	-2.0134838e-17	0.23134299
2.200004014625584e-10	4.0789924e-08	-4.1744652e-08	0.8348355	-2.0134842e-17	0.23134273
2.2251850052375896e-10	3.236198e-08	-3.39093e-08	0.8348323	-2.0134843e-17	0.23134117
2.2503660965740462e-10	2.577765e-08	-2.8049245e-08	0.8348297	-2.0134843e-17	0.23134273
2.2750533879210098e-10	2.1464915e-08	-2.3143919e-08	0.8348273	-2.0134847e-17	0.23134299
2.30023430674235e-10	1.7678925e-08	-1.8337358e-08	0.83482534	-2.0134845e-17	0.23134273
2.3254153237661074e-10	1.4057544e-08	-1.4353839e-08	0.8348238	-2.0134845e-17	0.23134351
2.3501024903246625e-10	1.0798301e-08	-1.1456733e-08	0.83482254	-2.0134845e-17	0.23134299
2.3752833698859056e-10	8.707776e-09	-9.3497485e-09	0.83482134	-2.0134845e-17	0.23134455
2.4004644423315135e-10	7.539057e-09	-6.9793895e-09	0.8348205	-2.0134845e-17	0.23134376
2.4251517634285785e-10	6.0575833e-09	-5.530837e-09	0.8348197	-2.0134845e-17	0.23134376
2.4503326772360306e-10	4.7736393e-09	-3.9835193e-09	0.8348191	-2.0134845e-17	0.2313456
2.4750198663913896e-10	4.2798143e-09	-1.9752988e-09	0.8348186	-2.0134845e-17	0.23134533
2.5002008174126154e-10	3.4896948e-09	-1.218101e-09	0.8348182	-2.0134847e-17	0.2313443
2.5253817475820867e-10	2.6995752e-09	-1.0370319e-09	0.8348179	-2.0134843e-17	0.23134455
2.5500689274700765e-10	1.9917596e-09	-5.925897e-10	0.8348176	-2.0134845e-17	0.23134455
2.575249823586391e-10	1.9752988e-09	-5.7612887e-10	0.83481735	-2.0134847e-17	0.23134533
2.6004308187549026e-10	2.2222113e-09	-6.58433e-10	0.8348172	-2.0134847e-17	0.23134404
2.625117994373122e-10	2.3374371e-09	-3.6213813e-10	0.83481705	-2.0134843e-17	0.23134376
2.650298916149182e-10	2.3703588e-09	-1.3168659e-10	0.83481705	-2.0134843e-17	0.23134585
2.675479913956609e-10	2.7983402e-09	2.6337318e-10	0.8348168	-2.0134843e-17	0.23134404
2.7001670453436263e-10	2.6995752e-09	6.9135464e-10	0.8348168	-2.0134843e-17	0.23134404
2.725348006937414e-10	2.99587e-09	1.0864144e-09	0.8348167	-2.0134845e-17	0.23134507
2.750035101554373e-10	2.6831144e-09	1.2510226e-09	0.8348167	-2.0134845e-17	0.23134455
2.775216057431102e-10	2.4855844e-09	1.218101e-09	0.8348167	-2.0134845e-17	0.23134507
2.8003969990743224e-10	2.1399071e-09	1.5802392e-09	0.83481663	-2.0134845e-17	0.23134455
2.825084136167017e-10	2.2880546e-09	1.5802392e-09	0.83481663	-2.0134845e-17	0.23134376
2.850264991755407e-10	1.9423774e-09	1.5308567e-09	0.83481663	-2.0134845e-17	0.23134533
2.875445891229708e-10	2.7489577e-09	1.9423774e-09	0.83481663	-2.0134845e-17	0.23134376
2.9001331046703406e-10	2.6008102e-09	2.1069855e-09	0.83481663	-2.0134845e-17	0.23134404
2.925314045398922e-10	2.1069855e-09	1.876534e-09	0.83481663	-2.0134845e-17	0.2313456
2.9500010277863755e-10	2.0740638e-09	1.8436124e-09	0.83481663	-2.0134845e-17	0.23134455
2.975181899899495e-10	2.3045155e-09	2.0246813e-09	0.83481663	-2.0134845e-17	0.23134482
3.0003627440131193e-10	2.1892896e-09	1.8436124e-09	0.83481663	-2.0134845e-17	0.23134455
3.0250499423993115e-10	2.4691236e-09	1.679004e-09	0.83481663	-2.0134845e-17	0.23134376
3.050230706552333e-10	1.9094557e-09	1.679004e-09	0.83481663	-2.0134845e-17	0.23134533
3.0754115949668774e-10	2.0740638e-09	1.3004051e-09	0.83481663	-2.0134845e-17	0.23134404
3.1000988463565057e-10	2.5020452e-09	1.0534927e-09	0.83481663	-2.0134845e-17	0.23134404
3.125279715809499e-10	2.0246813e-09	1.1851794e-09	0.83481663	-2.0134845e-17	0.2313456
3.150460533215626e-10	2.3703588e-09	1.5967e-09	0.8348166	-2.0134845e-17	0.2313443
3.175147636225291e-10	2.1728288e-09	1.679004e-09	0.83481663	-2.0134845e-17	0.23134455
3.200328540023897e-10	2.0740638e-09	1.8436124e-09	0.83481663	-2.0134845e-17	0.2313443
3.2250157282607356e-10	1.8106907e-09	1.7119257e-09	0.83481663	-2.0134845e-17	0.23134404
3.250196607777571e-10	2.0246813e-09	1.8436124e-09	0.83481663	-2.0134845e-17	0.23134533
3.275377464060452e-10	2.0411421e-09	1.7942299e-09	0.8348166	-2.0134845e-17	0.2313443
3.3000645594434315e-10	2.5843494e-09	1.9752988e-09	0.83481663	-2.0134845e-17	0.23134404
3.3252455093774556e-10	1.9423774e-09	1.9752988e-09	0.83481663	-2.0134845e-17	0.2313456
3.350426430606271e-10	1.7448474e-09	1.5143958e-09	0.83481663	-2.0134842e-17	0.23134404
3.37511345763012e-10	1.679004e-09	1.5802392e-09	0.8348166	-2.0134845e-17	0.2313443
3.4002943018923515e-10	1.8436124e-09	1.3991701e-09	0.83481663	-2.0134845e-17	0.23134482
3.425475296409085e-10	2.3703588e-09	6.58433e-10	0.8348166	-2.0134845e-17	0.23134404
3.450162363221417e-10	2.4691236e-09	1.5802392e-09	0.83481663	-2.0134845e-17	0.23134482
3.475343214419553e-10	2.8312617e-09	1.9752988e-09	0.8348166	-2.0134845e-17	0.23134404
3.5000302784580474e-10	2.3045155e-09	1.8436124e-09	0.83481663	-2.0134845e-17	0.23134376
3.5252111308823453e-10	2.1399071e-09	1.7119257e-09	0.83481663	-2.0134845e-17	0.2313456
3.5503920874234415e-10	1.876534e-09	1.1522577e-09	0.83481663	-2.0134845e-17	0.23134404
3.5750793027141427e-10	1.6131608e-09	5.2674637e-10	0.8348166	-2.0134845e-17	0.23134404
3.600260167048002e-10	2.5514277e-09	3.1275565e-10	0.83481663	-2.0134845e-17	0.23134507
3.6254409709016026e-10	2.8312617e-09	8.5596286e-10	0.83481663	-2.0134845e-17	0.23134404
3.6501280791112604e-10	3.1934e-09	1.4485525e-09	0.83481663	-2.0134845e-17	0.23134455
3.6753089634159537e-10	2.897105e-09	1.9752988e-09	0.83481663	-2.0134845e-17	0.23134482
3.700489833713176e-10	2.4526627e-09	2.3703588e-09	0.83481663	-2.0134845e-17	0.23134507
3.725176862418576e-10	2.1069855e-09	1.8436124e-09	0.83481663	-2.0134845e-17	0.23134533
3.750357644447521e-10	2.0246813e-09	1.8929949e-09	0.83481663	-2.0134845e-17	0.2313443
3.7750448561409357e-10	1.876534e-09	1.1851794e-09	0.83481663	-2.0134845e-17	0.23134351
3.800225674176555e-10	2.2057505e-09	1.2510226e-09	0.83481663	-2.0134845e-17	0.2313456
3.82540660986409e-10	1.9752988e-09	1.1851794e-09	0.83481663	-2.0134845e-17	0.23134404
3.850093722059114e-10	2.2386721e-09	1.5473175e-09	0.83481663	-2.0134845e-17	0.23134507
3.8752745093606324e-10	2.9300267e-09	1.316866e-09	0.83481663	-2.0134845e-17	0.23134455
3.9004553773731816e-10	3.2592433e-09	1.2345618e-09	0.83481663	-2.0134845e-17	0.23134455
3.9251424639591393e-10	3.1934e-09	1.5802392e-09	0.83481663	-2.0134845e-17	0.23134482
3.9503234116103894e-10	2.8312617e-09	1.5143958e-09	0.8348166	-2.0134845e-17	0.23134351
3.9750105259954494e-10	2.518506e-09	1.9752988e-09	0.83481663	-2.0134845e-17	0.2313443
4.0001914426742956e-10	2.255133e-09	1.9259165e-09	0.83481663	-2.0134845e-17	0.2313456
4.025372151544611e-10	1.9752988e-09	1.4320917e-09	0.83481663	-2.0134845e-17	0.23134404
4.050059399460907e-10	2.1892896e-09	1.497935e-09	0.83481663	-2.0134845e-17	0.23134455
4.07524012659403e-10	2.5020452e-09	6.090505e-10	0.83481663	-2.0134845e-17	0.23134455
4.100421120051835e-10	2.633732e-09	1.4485525e-09	0.83481663	-2.0134845e-17	0.23134455
4.1251081394551183e-10	2.7983402e-09	1.4650133e-09	0.83481663	-2.0134845e-17	0.23134507
4.150288903779333e-10	2.0082205e-09	1.4320917e-09	0.83481663	-2.0134845e-17	0.23134404
4.1754696272635527e-10	2.3209763e-09	1.4485525e-09	0.83481663	-2.0134845e-17	0.23134533
4.2001567840995217e-10	1.958838e-09	8.065804e-10	0.83481663	-2.0134845e-17	0.23134585
4.225337587321972e-10	2.2386721e-09	1.0534927e-09	0.83481663	-2.0134845e-17	0.2313443
4.250024795315639e-10	2.0905246e-09	5.2674637e-10	0.8348166	-2.0134845e-17	0.2313443
4.275205405555553e-10	2.99587e-09	2.9629485e-10	0.83481663	-2.0134845e-17	0.23134482
4.300386234437936e-10	2.9629483e-09	1.2839443e-09	0.83481663	-2.0134845e-17	0.23134482
4.3250734176557574e-10	2.5020452e-09	1.9259165e-09	0.83481663	-2.0134845e-17	0.23134455
4.350254173991577e-10	2.4691236e-09	1.7119257e-09	0.83481663	-2.0134845e-17	0.23134455
4.3754349244549145e-10	2.5514277e-09	1.3004051e-09	0.83481663	-2.0134845e-17	0.23134482
4.4001220037086337e-10	2.4032802e-09	1.3991701e-09	0.83481663	-2.0134845e-17	0.23134507
4.425302858384134e-10	2.1728288e-09	1.6460824e-09	0.83481663	-2.0134845e-17	0.23134404
4.4504837307382513e-10	2.4691236e-09	1.8436124e-09	0.83481663	-2.0134845e-17	0.2313456
4.4751707647552433e-10	2.0740638e-09	2.057603e-09	0.83481663	-2.0134845e-17	0.23134533
4.5003516864525013e-10	1.876534e-09	2.419741e-09	0.83481663	-2.0134845e-17	0.2313443
4.525038585317279e-10	1.8106907e-09	1.9917596e-09	0.83481663	-2.0134845e-17	0.23134482
4.5502193306441973e-10	1.7448474e-09	2.1399071e-09	0.83481663	-2.0134845e-17	0.2313443
4.57540018542668e-10	1.679004e-09	1.876534e-09	0.83481663	-2.0134845e-17	0.23134455
4.6000871984391095e-10	1.8106907e-09	1.6131608e-09	0.83481663	-2.0134845e-17	0.2313456
4.625268079009042e-10	1.7119257e-09	1.8271515e-09	0.83481663	-2.0134845e-17	0.23134376
4.650448845424946e-10	1.876534e-09	2.5678886e-09	0.83481663	-2.0134845e-17	0.2313456
4.675135812229081e-10	9.876494e-10	2.1069855e-09	0.83481663	-2.0134845e-17	0.2313456
4.700316616470748e-10	1.0864144e-09	1.5802392e-09	0.8348166	-2.0134845e-17	0.23134404
4.725003718018715e-10	1.2016401e-09	1.316866e-09	0.83481663	-2.0134845e-17	0.2313443
4.750184544860622e-10	2.2715938e-09	1.3827093e-09	0.83481663	-2.0134845e-17	0.23134455
4.775365273772746e-10	2.534967e-09	1.4485525e-09	0.83481663	-2.0134845e-17	0.23134482
4.8000521900938e-10	2.897105e-09	2.2386721e-09	0.83481663	-2.0134845e-17	0.23134507
4.825232953106546e-10	2.3374371e-09	1.7942299e-09	0.83481663	-2.0134845e-17	0.23134404
4.850413793226073e-10	2.0905246e-09	1.9752988e-09	0.83481663	-2.0134845e-17	0.23134533
4.875100755172427e-10	1.7613082e-09	1.8600731e-09	0.83481663	-2.0134845e-17	0.23134533
4.900281611162008e-10	2.353898e-09	1.2345618e-09	0.8348166	-2.0134845e-17	0.23134376
4.925462360846453e-10	2.3703588e-09	1.3497876e-09	0.83481663	-2.0134845e-17	0.2313456
4.950149209234845e-10	2.3703588e-09	1.7119257e-09	0.83481663	-2.0134845e-17	0.23134507
4.975330028394153e-10	2.1234463e-09	1.8436124e-09	0.8348166	-2.0134845e-17	0.23134455
5.00001726824969e-10	1.4814742e-09	1.8436124e-09	0.83481663	-2.0134845e-17	0.23134507
5.025197975352403e-10	1.6131608e-09	8.5596286e-10	0.83481663	-2.0134845e-17	0.23134404
5.050378716079638e-10	1.9752988e-09	1.3333268e-09	0.83481663	-2.0134845e-17	0.23134507
5.075065568410342e-10	2.633732e-09	1.5802392e-09	0.83481663	-2.0134845e-17	0.2313456
5.100246316596544e-10	1.5473175e-09	1.0041102e-09	0.83481663	-2.0134845e-17	0.2313443
5.125427057169673e-10	1.777769e-09	1.1851794e-09	0.83481663	-2.0134845e-17	0.23134585
5.150114066673613e-10	1.6954649e-09	1.1522577e-09	0.83481663	-2.0134845e-17	0.23134507
5.175294823546013e-10	1.5143958e-09	1.316866e-09	0.83481663	-2.0134845e-17	0.23134482
5.20047561864065e-10	1.5308567e-09	1.8436124e-09	0.83481663	-2.0134845e-17	0.23134482
5.225162531469847e-10	1.7283865e-09	1.5143958e-09	0.83481663	-2.0134845e-17	0.23134482
5.250343371255821e-10	2.6995752e-09	5.2674637e-10	0.83481663	-2.0134845e-17	0.23134533
5.27503044587332e-10	2.9629483e-09	1.1522577e-09	0.83481663	-2.0134845e-17	0.2313456
5.300210985491115e-10	2.99587e-09	9.218062e-10	0.83481663	-2.0134845e-17	0.23134376
5.325391584216032e-10	3.2592433e-09	1.6131608e-09	0.83481663	-2.0134845e-17	0.23134585
5.350078597303381e-10	2.5020452e-09	1.8436124e-09	0.83481663	-2.0134845e-17	0.23134507
5.375259255934942e-10	2.3868196e-09	1.218101e-09	0.8348166	-2.0134845e-17	0.23134482
5.40044001711421e-10	2.4855844e-09	7.571979e-10	0.83481663	-2.0134845e-17	0.23134533
5.425127136047547e-10	2.5678886e-09	1.5802392e-09	0.83481663	-2.0134845e-17	0.23134455
5.450307877194958e-10	2.5678886e-09	2.3374371e-09	0.83481663	-2.0134845e-17	0.23134533
5.475488520497663e-10	2.0082205e-09	2.0740638e-09	0.83481663	-2.0134845e-17	0.2313443
5.500175368929185e-10	2.1234463e-09	1.9752988e-09	0.83481663	-2.0134845e-17	0.2313443
5.525356012298983e-10	2.3703588e-09	1.316866e-09	0.83481663	-2.0134845e-17	0.23134533
5.55004310568605e-10	2.1069855e-09	1.9094557e-09	0.83481663	-2.0134845e-17	0.2313456
5.575223856845473e-10	2.057603e-09	2.1069855e-09	0.8348166	-2.0134845e-17	0.2313443
5.600404581057478e-10	2.2715938e-09	2.3703588e-09	0.83481663	-2.0134845e-17	0.23134585
5.625091553194488e-10	2.3374371e-09	1.958838e-09	0.83481663	-2.0134845e-17	0.23134455
5.650272229983857e-10	2.0740638e-09	1.5802392e-09	0.83481663	-2.0134845e-17	0.23134482
5.675453054804761e-10	2.296285e-09	1.316866e-09	0.83481663	-2.0134845e-17	0.2313443
5.700139817883822e-10	2.6501927e-09	6.090505e-10	0.83481663	-2.0134845e-17	0.23134404
5.725320513028264e-10	2.8312617e-09	1.0534927e-09	0.83481663	-2.0134845e-17	0.23134482
5.750007254087957e-10	2.6008102e-09	1.4814742e-09	0.83481663	-2.0134845e-17	0.23134585
5.775187948525431e-10	2.6995752e-09	1.497935e-09	0.83481663	-2.0134845e-17	0.23134376
5.80036864563481e-10	2.534967e-09	1.4320917e-09	0.83481663	-2.0134845e-17	0.23134533
5.825055629858759e-10	2.1728288e-09	1.4485525e-09	0.83481663	-2.0134845e-17	0.23134482
5.850236278440762e-10	2.2057505e-09	1.5802392e-09	0.83481663	-2.0134845e-17	0.23134507
5.875416929555988e-10	1.8600731e-09	2.0740638e-09	0.83481663	-2.0134845e-17	0.23134482
5.9001038060492e-10	2.2057505e-09	2.255133e-09	0.83481663	-2.0134845e-17	0.2313443
5.925284533760316e-10	2.1892896e-09	2.2057505e-09	0.83481663	-2.0134845e-17	0.23134507
5.950464975372589e-10	2.1069855e-09	2.2386721e-09	0.83481663	-2.0134845e-17	0.23134482
5.975152075562957e-10	1.8600731e-09	1.9423774e-09	0.83481663	-2.0134845e-17	0.23134404
6.000332687628381e-10	1.6296217e-09	2.1069855e-09	0.83481663	-2.0134845e-17	0.23134585
6.025019513672734e-10	1.2839443e-09	1.9752988e-09	0.83481663	-2.0134845e-17	0.23134507
6.050200079761962e-10	1.5967e-09	1.8436124e-09	0.83481663	-2.0134845e-17	0.2313443
6.075380871517296e-10	2.2386721e-09	1.8436124e-09	0.83481663	-2.0134845e-17	0.23134533
6.100067952164768e-10	2.1399071e-09	1.7119257e-09	0.83481663	-2.0134845e-17	0.2313443
6.125248543316161e-10	2.436202e-09	1.7119257e-09	0.83481663	-2.0134845e-17	0.23134507
6.150429049342663e-10	2.0246813e-09	1.7448474e-09	0.83481663	-2.0134845e-17	0.23134455
6.175115906007477e-10	2.3374371e-09	1.4485525e-09	0.83481663	-2.0134845e-17	0.23134404
6.200296494897613e-10	2.534967e-09	1.7119257e-09	0.83481663	-2.0134845e-17	0.23134533
6.225477248481195e-10	2.1728288e-09	2.0082205e-09	0.83481663	-2.0134845e-17	0.23134376
6.250164108548829e-10	2.897105e-09	2.2386721e-09	0.8348166	-2.0134845e-17	0.2313443
6.275344663063677e-10	2.3045155e-09	2.2715938e-09	0.83481663	-2.0134845e-17	0.23134533
6.300031549222828e-10	1.777769e-09	2.1069855e-09	0.83481663	-2.0134845e-17	0.2313443
6.325212136337803e-10	1.8600731e-09	1.3662484e-09	0.83481663	-2.0134845e-17	0.23134482
6.350392728597699e-10	1.777769e-09	1.1851794e-09	0.83481663	-2.0134845e-17	0.2313443
6.375079622724497e-10	2.2057505e-09	9.218062e-10	0.83481663	-2.0134845e-17	0.23134482
6.400260278037512e-10	2.2715938e-09	1.5802392e-09	0.83481663	-2.0134845e-17	0.2313456
6.425440787025267e-10	2.5514277e-09	1.777769e-09	0.8348166	-2.0134845e-17	0.2313443
6.450127771131023e-10	2.0082205e-09	1.9752988e-09	0.83481663	-2.0134845e-17	0.2313443
6.475308309727539e-10	2.4032802e-09	1.7119257e-09	0.83481663	-2.0134845e-17	0.23134507
6.50048885373204e-10	2.4691236e-09	1.316866e-09	0.83481663	-2.0134845e-17	0.23134482
6.525175691046354e-10	2.2715938e-09	2.419741e-09	0.83481663	-2.0134845e-17	0.23134533
6.550356174364787e-10	1.9094557e-09	2.9300267e-09	0.83481663	-2.0134845e-17	0.23134482
6.575043038383645e-10	1.2839443e-09	2.5020452e-09	0.83481663	-2.0134845e-17	0.23134455
6.60022359591062e-10	6.58433e-10	1.8106907e-09	0.83481663	-2.0134845e-17	0.23134507
6.625404165134146e-10	1.1522577e-09	1.4485525e-09	0.83481663	-2.0134845e-17	0.23134482
6.650091081011877e-10	1.6131608e-09	1.4485525e-09	0.83481663	-2.0134845e-17	0.2313443
6.675271576716252e-10	2.353898e-09	2.057603e-09	0.83481663	-2.0134845e-17	0.2313456
6.700452243455086e-10	2.057603e-09	1.7942299e-09	0.83481663	-2.0134845e-17	0.2313443
6.725139051848631e-10	1.876534e-09	1.5802392e-09	0.83481663	-2.0134845e-17	0.23134455
6.750319535033329e-10	1.5143958e-09	1.9752988e-09	0.83481663	-2.0134845e-17	0.23134507
6.775006428198714e-10	1.6131608e-09	1.6625432e-09	0.83481663	-2.0134845e-17	0.23134404
6.800186975008195e-10	2.2386721e-09	1.5967e-09	0.83481663	-2.0134845e-17	0.23134533
6.825367496096818e-10	3.094635e-09	1.7119257e-09	0.83481663	-2.0134845e-17	0.23134455
6.85005427349915e-10	2.99587e-09	2.1069855e-09	0.83481663	-2.0134845e-17	0.23134455
6.875234842569598e-10	2.6008102e-09	2.3209763e-09	0.83481663	-2.0134845e-17	0.23134585
6.900415361196404e-10	2.3374371e-09	1.7613082e-09	0.83481663	-2.0134845e-17	0.2313443
6.92510230295485e-10	2.3374371e-09	1.8106907e-09	0.83481663	-2.0134845e-17	0.23134455
6.950282788644126e-10	2.3045155e-09	1.0534927e-09	0.83481663	-2.0134845e-17	0.23134507
6.975463318605625e-10	2.3209763e-09	1.0534927e-09	0.83481663	-2.0134845e-17	0.23134533
7.000150060714577e-10	2.1728288e-09	7.901196e-10	0.83481663	-2.0134845e-17	0.23134507
7.02533065875117e-10	2.3374371e-09	1.4485525e-09	0.83481663	-2.0134845e-17	0.23134455
7.050017408204694e-10	2.3703588e-09	7.571979e-10	0.83481663	-2.0134845e-17	0.2313443
7.075197835579151e-10	2.1892896e-09	1.5637783e-09	0.83481663	-2.0134845e-17	0.23134533
7.100378291191516e-10	2.5843494e-09	1.0534927e-09	0.83481663	-2.0134845e-17	0.23134482
7.125065065634509e-10	2.6995752e-09	1.4485525e-09	0.83481663	-2.0134845e-17	0.23134482
7.150245682701581e-10	2.436202e-09	1.316866e-09	0.83481663	-2.0134845e-17	0.23134585
7.17542615968751e-10	2.6666536e-09	1.4156308e-09	0.83481663	-2.0134845e-17	0.23134482
7.200113053709319e-10	2.1728288e-09	1.7119257e-09	0.83481663	-2.0134845e-17	0.23134533
7.225293369526352e-10	2.4032802e-09	1.8436124e-09	0.83481663	-2.0134843e-17	0.2313443
7.25047393068356e-10	1.8600731e-09	2.0082205e-09	0.83481663	-2.0134845e-17	0.23134507
7.27516067759053e-10	2.1399071e-09	2.1069855e-09	0.83481663	-2.0134845e-17	0.23134507
7.300341212028602e-10	2.2715938e-09	1.7119257e-09	0.83481663	-2.0134845e-17	0.23134455
7.325027854537288e-10	2.534967e-09	1.8436124e-09	0.83481663	-2.0134845e-17	0.2313443
7.350208484954094e-10	2.2386721e-09	2.2715938e-09	0.83481663	-2.0134845e-17	0.23134533
7.375388864797231e-10	1.8271515e-09	1.5637783e-09	0.83481663	-2.0134845e-17	0.23134455
7.40007560990579e-10	2.0740638e-09	9.218062e-10	0.83481663	-2.0134845e-17	0.23134533
7.425256083753635e-10	2.3456674e-09	8.5596286e-10	0.83481663	-2.0134845e-17	0.23134455
7.450436490647733e-10	2.5020452e-09	1.1851794e-09	0.83481663	-2.0134845e-17	0.23134533
7.475123354897118e-10	2.4691236e-09	1.2345618e-09	0.83481663	-2.0134845e-17	0.23134507
7.500303732660032e-10	2.534967e-09	1.3333268e-09	0.8348166	-2.0134845e-17	0.23134507
7.525484307049535e-10	1.7119257e-09	6.58433e-10	0.83481663	-2.0134843e-17	0.23134533
7.550171030752087e-10	1.4156308e-09	0	0.83481663	-2.0134845e-17	0.2313456
7.575351467004345e-10	2.534967e-09	-4.115206e-10	0.83481663	-2.0134845e-17	0.23134455
7.600038141320888e-10	2.617271e-09	6.255113e-10	0.83481663	-2.0134845e-17	0.23134482
7.625218616177193e-10	2.8312617e-09	9.218062e-10	0.83481663	-2.0134845e-17	0.23134482
7.650398992445603e-10	2.8312617e-09	1.4650133e-09	0.83481663	-2.0134845e-17	0.23134507
7.675085880549742e-10	2.436202e-09	2.4526627e-09	0.83481663	-2.0134845e-17	0.23134585
7.700266306051257e-10	1.6625432e-09	1.7448474e-09	0.8348166	-2.0134845e-17	0.23134482
7.725446760499094e-10	1.7448474e-09	1.1851794e-09	0.83481663	-2.0134845e-17	0.2313456
7.750133341719111e-10	1.5967e-09	1.8436124e-09	0.83481663	-2.0134845e-17	0.2313456
7.775313753920877e-10	1.4485525e-09	1.5802392e-09	0.83481663	-2.0134845e-17	0.23134482
7.800000500693282e-10	1.6460824e-09	7.571979e-10	0.83481663	-2.0134845e-17	0.23134482
7.825180691950055e-10	1.8106907e-09	1.316866e-09	0.83481663	-2.0134845e-17	0.23134507
7.850361318222385e-10	2.4691236e-09	9.218062e-10	0.83481663	-2.0134845e-17	0.23134507
7.875048061363695e-10	2.1728288e-09	1.4320917e-09	0.83481663	-2.0134845e-17	0.2313456
7.900228350975332e-10	2.6501927e-09	1.0534927e-09	0.83481663	-2.0134845e-17	0.23134482
7.925408655729556e-10	2.436202e-09	7.901196e-10	0.83481663	-2.0134845e-17	0.23134533
7.950095284014281e-10	2.4691236e-09	1.8436124e-09	0.83481663	-2.0134845e-17	0.23134533
7.975275891238945e-10	2.6995752e-09	1.679004e-09	0.83481663	-2.0134845e-17	0.23134482
8.000456329408207e-10	2.7654186e-09	1.0534927e-09	0.8348166	-2.0134845e-17	0.23134533
8.025142873365942e-10	2.8641833e-09	1.4485525e-09	0.8348166	-2.0134845e-17	0.23134533
8.050323176411372e-10	2.9629483e-09	1.5802392e-09	0.8348166	-2.0134843e-17	0.23134482
8.0750098804992e-10	2.897105e-09	1.9752988e-09	0.83481663	-2.0134845e-17	0.23134533
8.100190223405421e-10	2.1069855e-09	9.218062e-10	0.83481663	-2.0134845e-17	0.23134455
8.125370659310397e-10	2.7489577e-09	1.6296217e-09	0.8348166	-2.0134845e-17	0.23134507
8.150057239746839e-10	2.7654186e-09	1.7119257e-09	0.83481663	-2.0134845e-17	0.2313456
8.17523770104675e-10	2.057603e-09	1.876534e-09	0.83481663	-2.0134845e-17	0.23134507
8.200417988643398e-10	1.8929949e-09	1.4320917e-09	0.8348166	-2.0134845e-17	0.23134533
8.225104679047856e-10	1.7448474e-09	1.679004e-09	0.83481663	-2.0134845e-17	0.23134585
8.250285168257335e-10	1.4320917e-09	1.3333268e-09	0.83481663	-2.0134845e-17	0.23134482
8.275465536756133e-10	1.5143958e-09	1.3004051e-09	0.83481663	-2.0134845e-17	0.2313456
8.300152154645819e-10	2.1069855e-09	1.1851794e-09	0.8348166	-2.0134845e-17	0.23134533
8.325332423702237e-10	2.7654186e-09	1.0534927e-09	0.83481663	-2.0134845e-17	0.2313456
8.3500190869204e-10	3.094635e-09	1.316866e-09	0.83481663	-2.0134845e-17	0.2313461
8.375199564279633e-10	3.374469e-09	2.1069855e-09	0.83481663	-2.0134845e-17	0.23134455
8.400379877106799e-10	2.156368e-09	1.9752988e-09	0.8348166	-2.0134845e-17	0.2313461
8.425066445855836e-10	1.9917596e-09	1.316866e-09	0.83481663	-2.0134845e-17	0.23134585
8.450246683431363e-10	1.9752988e-09	1.0864144e-09	0.83481663	-2.0134845e-17	0.23134455
8.475427082087192e-10	2.4691236e-09	2.3045155e-10	0.83481663	-2.0134845e-17	0.23134533
8.500113542811858e-10	3.0287917e-09	5.2674637e-10	0.83481663	-2.0134845e-17	0.23134507
8.525294075497996e-10	3.094635e-09	1.7119257e-09	0.83481663	-2.0134845e-17	0.2313456
8.550474347275624e-10	2.7983402e-09	2.1069855e-09	0.83481663	-2.0134845e-17	0.23134533
8.575160919680958e-10	2.2715938e-09	1.9752988e-09	0.83481663	-2.0134845e-17	0.23134482
8.600341153379936e-10	2.4691236e-09	2.534967e-09	0.83481663	-2.0134845e-17	0.2313456
8.625027822532036e-10	2.0411421e-09	2.1069855e-09	0.83481663	-2.0134845e-17	0.2313456
8.650208029759888e-10	2.3374371e-09	1.0534927e-09	0.83481663	-2.0134845e-17	0.23134533
8.675388567957526e-10	2.0740638e-09	1.4156308e-09	0.83481663	-2.0134845e-17	0.23134507
8.700075086708641e-10	1.8436124e-09	1.7119257e-09	0.83481663	-2.0134845e-17	0.2313456
8.725255350023759e-10	2.057603e-09	2.2386721e-09	0.83481663	-2.0134845e-17	0.23134482
8.750435628208966e-10	1.6460824e-09	1.5473175e-09	0.83481663	-2.0134845e-17	0.23134533
8.775122173159416e-10	1.3497876e-09	1.4650133e-09	0.83481663	-2.0134845e-17	0.23134482
8.80030254283889e-10	1.3827093e-09	7.2427625e-10	0.83481663	-2.0134845e-17	0.23134507
8.825482798855972e-10	2.2222113e-09	7.2427625e-10	0.83481663	-2.0134845e-17	0.2313456
8.850169520035772e-10	2.534967e-09	1.218101e-09	0.83481663	-2.0134845e-17	0.23134533
8.875349766981862e-10	2.2715938e-09	2.1728288e-09	0.83481663	-2.0134845e-17	0.2313456
8.900036350762008e-10	2.3045155e-09	2.2386721e-09	0.83481663	-2.0134845e-17	0.23134585
8.925216463797367e-10	2.5020452e-09	1.5802392e-09	0.83481663	-2.0134845e-17	0.23134507
8.95039680931064e-10	2.436202e-09	1.3333268e-09	0.83481663	-2.0134845e-17	0.23134533
8.975083400149904e-10	2.0082205e-09	1.7119257e-09	0.83481663	-2.0134845e-17	0.23134507
9.000263605821381e-10	2.436202e-09	2.2386721e-09	0.83481663	-2.0134845e-17	0.23134585
9.025443782707033e-10	2.897105e-09	2.5020452e-09	0.83481663	-2.0134845e-17	0.23134507
9.050130461758583e-10	2.4691236e-09	2.4855844e-09	0.83481663	-2.0134845e-17	0.23134482
9.075310634262997e-10	1.9506077e-09	2.5020452e-09	0.83481663	-2.0134845e-17	0.23134585
9.100490973520565e-10	1.7283865e-09	1.8436124e-09	0.83481663	-2.0134845e-17	0.23134533
9.12517740420269e-10	1.3827093e-09	1.0534927e-09	0.83481663	-2.0134845e-17	0.23134482
9.150357663280099e-10	2.2386721e-09	8.230412e-10	0.83481663	-2.0134845e-17	0.2313456
9.175044182053365e-10	2.7818794e-09	1.0534927e-09	0.83481663	-2.0134845e-17	0.23134507
9.200224478047111e-10	2.7654186e-09	1.1851794e-09	0.83481663	-2.0134845e-17	0.23134533
9.225404710137928e-10	2.9629483e-09	1.8436124e-09	0.83481663	-2.0134845e-17	0.23134482
9.25009140117144e-10	3.1934e-09	1.8436124e-09	0.83481663	-2.0134845e-17	0.23134533
9.275271607318242e-10	2.633732e-09	2.0740638e-09	0.83481663	-2.0134845e-17	0.23134533
9.300451811011833e-10	2.6666536e-09	2.7654186e-09	0.83481663	-2.0134845e-17	0.2313456
9.325138329066385e-10	2.4691236e-09	2.1234463e-09	0.83481663	-2.0134845e-17	0.23134482
9.350318663298506e-10	2.2222113e-09	1.9094557e-09	0.83481663	-2.0134845e-17	0.2313461
9.375005048872145e-10	2.0082205e-09	1.6625432e-09	0.83481663	-2.0134845e-17	0.23134585
9.400185370628925e-10	2.0905246e-09	1.679004e-09	0.83481663	-2.0134845e-17	0.2313456
9.42536545717127e-10	1.5473175e-09	2.2386721e-09	0.83481663	-2.0134845e-17	0.23134533
9.450051900212971e-10	1.7119257e-09	1.8436124e-09	0.83481663	-2.0134845e-17	0.23134533
9.475232129233492e-10	1.679004e-09	1.7283865e-09	0.83481663	-2.0134845e-17	0.23134533
9.5004122635694e-10	1.9094557e-09	1.5143958e-09	0.83481663	-2.0134845e-17	0.23134507
9.525098845682831e-10	2.534967e-09	7.901196e-10	0.83481663	-2.0134845e-17	0.23134585
9.550279041934696e-10	2.8641833e-09	8.888845e-10	0.83481663	-2.0134845e-17	0.2313456
9.575459253821252e-10	3.1604783e-09	1.777769e-09	0.83481663	-2.0134845e-17	0.23134507
9.600145676395985e-10	2.3045155e-09	2.255133e-09	0.83481663	-2.0134845e-17	0.23134507
9.625325861614243e-10	2.156368e-09	1.9094557e-09	0.83481663	-2.0134845e-17	0.23134585
9.650012334092733e-10	1.958838e-09	2.5020452e-09	0.83481663	-2.0134845e-17	0.23134507
9.675192521989252e-10	1.5802392e-09	1.1851794e-09	0.83481663	-2.0134845e-17	0.2313456
9.700372740440175e-10	1.7613082e-09	1.1357969e-09	0.83481663	-2.0134845e-17	0.23134533
9.725059005347317e-10	2.2715938e-09	1.1522577e-09	0.83481663	-2.0134845e-17	0.2313456
9.750239221056436e-10	2.3374371e-09	7.901196e-10	0.83481663	-2.0134845e-17	0.23134585
9.775419444061468e-10	2.9629483e-09	1.1357969e-09	0.83481663	-2.0134845e-17	0.23134507
9.800105883583486e-10	2.3374371e-09	1.316866e-09	0.83481663	-2.0134845e-17	0.23134507
9.825285976606185e-10	2.6831144e-09	1.679004e-09	0.8348166	-2.0134845e-17	0.23134585
9.850465931955353e-10	2.8312617e-09	1.316866e-09	0.83481663	-2.0134845e-17	0.23134533
9.875152409478038e-10	3.3250864e-09	1.2510226e-09	0.83481663	-2.0134845e-17	0.2313456
9.900332550994874e-10	2.6666536e-09	1.9423774e-09	0.83481663	-2.0134845e-17	0.23134507
9.925019037921996e-10	2.5678886e-09	1.5802392e-09	0.83481663	-2.0134845e-17	0.2313456
9.950199304521473e-10	2.2057505e-09	1.5143958e-09	0.83481663	-2.0134845e-17	0.23134507
9.97537941132282e-10	1.5802392e-09	1.5473175e-09	0.83481663	-2.0134845e-17	0.23134533
1.00000658185673e-09	1.7613082e-09	1.7119257e-09	0.83481663	-2.0134845e-17	0.23134482
1.0025245933073317e-09	1.9094557e-09	1.3827093e-09	0.83481663	-2.0134845e-17	0.2313456
1.0050425952375102e-09	2.0411421e-09	7.901196e-10	0.83481663	-2.0134845e-17	0.2313456
1.0075112390720337e-09	3.0617133e-09	7.571979e-10	0.83481663	-2.0134845e-17	0.23134533
1.010029254448984e-09	2.897105e-09	1.7613082e-09	0.83481663	-2.0134845e-17	0.23134585
1.0125472678115368e-09	2.8312617e-09	2.1069855e-09	0.83481663	-2.0134845e-17	0.23134533
1.015015898871432e-09	2.3045155e-09	2.0082205e-09	0.83481663	-2.0134845e-17	0.23134533
1.017533919156718e-09	2.1728288e-09	1.9259165e-09	0.83481663	-2.0134845e-17	0.23134585
1.020002574159582e-09	1.9917596e-09	1.5473175e-09	0.83481663	-2.0134845e-17	0.2313456
1.0225205768505065e-09	2.0905246e-09	1.5473175e-09	0.83481663	-2.0134845e-17	0.2313456
1.0250385793148511e-09	1.8436124e-09	1.3827093e-09	0.8348166	-2.0134845e-17	0.23134533
1.0275072133637522e-09	2.436202e-09	8.5596286e-10	0.83481663	-2.0134845e-17	0.23134507
1.030025224127275e-09	3.1934e-09	1.4485525e-09	0.83481663	-2.0134845e-17	0.23134585
1.0325432184225491e-09	3.094635e-09	1.5802392e-09	0.83481663	-2.0134845e-17	0.23134533
1.0350118737321709e-09	2.8641833e-09	1.8436124e-09	0.83481663	-2.0134845e-17	0.2313456
1.0375298881902305e-09	2.0411421e-09	1.5308567e-09	0.83481663	-2.0134845e-17	0.23134533
1.0400478854930124e-09	2.732497e-09	7.407371e-10	0.83481663	-2.0134843e-17	0.2313456
1.0425165263645465e-09	3.3250864e-09	1.3827093e-09	0.83481663	-2.0134845e-17	0.23134533
1.0450345342548533e-09	3.654303e-09	2.2386721e-09	0.83481663	-2.0134845e-17	0.23134533
1.0475031637239464e-09	2.6008102e-09	2.6666536e-09	0.83481663	-2.0134845e-17	0.2313456
1.050021170974953e-09	1.9094557e-09	2.6008102e-09	0.83481663	-2.0134845e-17	0.2313461
1.0525391689728305e-09	1.3827093e-09	2.0740638e-09	0.83481663	-2.0134845e-17	0.23134507
1.0550077947916914e-09	1.3497876e-09	1.316866e-09	0.83481663	-2.0134845e-17	0.2313456
1.0575258089781006e-09	1.7448474e-09	1.1851794e-09	0.83481663	-2.0134845e-17	0.23134533
1.0600438061146198e-09	2.2386721e-09	1.0534927e-09	0.83481663	-2.0134845e-17	0.23134585
1.0625124431139355e-09	2.436202e-09	6.9135464e-10	0.83481663	-2.0134845e-17	0.2313456
1.0650304442492544e-09	2.6666536e-09	9.218062e-10	0.83481663	-2.0134845e-17	0.2313456
1.0675484459768574e-09	2.9300267e-09	1.2510226e-09	0.83481663	-2.0134845e-17	0.23134585
1.0700170785089974e-09	2.9135658e-09	2.0411421e-09	0.83481663	-2.0134845e-17	0.23134585
1.072535077307965e-09	2.0905246e-09	2.6008102e-09	0.83481663	-2.0134845e-17	0.23134533
1.075003708749247e-09	2.5020452e-09	2.156368e-09	0.83481663	-2.0134845e-17	0.23134533
1.077521723356404e-09	1.777769e-09	1.8929949e-09	0.83481663	-2.0134845e-17	0.23134533
1.080039716532163e-09	1.8106907e-09	1.316866e-09	0.83481663	-2.0134845e-17	0.2313456
1.082508354475844e-09	2.2057505e-09	1.2016401e-09	0.83481663	-2.0134845e-17	0.23134533
1.085026350312374e-09	2.633732e-09	2.0411421e-09	0.83481663	-2.0134845e-17	0.23134533
1.0875443496085497e-09	2.0246813e-09	2.1069855e-09	0.83481663	-2.0134845e-17	0.23134533
1.0900129591967934e-09	1.4156308e-09	1.5637783e-09	0.83481663	-2.0134845e-17	0.23134533
1.0925309547672888e-09	2.2386721e-09	1.2345618e-09	0.83481663	-2.0134845e-17	0.2313456
1.095048949298505e-09	2.6666536e-09	1.4485525e-09	0.83481663	-2.0134845e-17	0.23134533
1.0975175619678797e-09	2.5020452e-09	9.218062e-10	0.8348166	-2.0134843e-17	0.2313456
1.100035567163084e-09	2.518506e-09	1.0370319e-09	0.83481663	-2.0134845e-17	0.23134533
1.1025041988950833e-09	1.8436124e-09	6.58433e-10	0.83481663	-2.0134843e-17	0.2313456
1.1050221938959587e-09	2.2386721e-09	7.901196e-10	0.83481663	-2.0134845e-17	0.2313456
1.1075401869299482e-09	2.617271e-09	6.58433e-10	0.83481663	-2.0134845e-17	0.2313456
1.1100088113116113e-09	3.3250864e-09	1.316866e-09	0.83481663	-2.0134845e-17	0.23134533
1.1125268005547734e-09	3.1275567e-09	2.2386721e-09	0.83481663	-2.0134845e-17	0.23134507
1.1150447941872496e-09	3.1275567e-09	1.9752988e-09	0.83481663	-2.0134845e-17	0.23134585
1.1175134267695613e-09	2.3374371e-09	1.5143958e-09	0.83481663	-2.0134845e-17	0.2313456
1.1200314144934128e-09	2.0411421e-09	1.316866e-09	0.8348166	-2.0134845e-17	0.23134507
1.1225000348177283e-09	2.156368e-09	1.2016401e-09	0.83481663	-2.0134845e-17	0.23134533
1.1250180193130771e-09	2.4691236e-09	1.0205711e-09	0.83481663	-2.0134845e-17	0.23134585
1.1275360271378317e-09	2.4032802e-09	7.7365875e-10	0.83481663	-2.0134845e-17	0.23134533
1.130004638918471e-09	2.2057505e-09	1.4814742e-09	0.83481663	-2.0134845e-17	0.23134585
1.1325226279952276e-09	1.5143958e-09	1.316866e-09	0.83481663	-2.0134845e-17	0.2313456
1.1350406159113731e-09	1.4650133e-09	2.6337318e-10	0.83481663	-2.0134845e-17	0.2313456
1.137509245919226e-09	1.9917596e-09	2.9629485e-10	0.83481663	-2.0134845e-17	0.2313456
1.1400272368101562e-09	2.3045155e-09	8.230412e-10	0.83481663	-2.0134845e-17	0.2313456
1.1425452022493562e-09	1.9094557e-09	1.1851794e-09	0.83481663	-2.0134845e-17	0.2313461
1.1450138330303785e-09	2.5678886e-09	1.7119257e-09	0.83481663	-2.0134845e-17	0.23134533
1.147531828424585e-09	2.4526627e-09	2.1069855e-09	0.83481663	-2.0134845e-17	0.2313456
1.150000449590078e-09	2.1728288e-09	1.6625432e-09	0.83481663	-2.0134845e-17	0.23134507
1.1525184318223028e-09	2.1234463e-09	1.5802392e-09	0.83481663	-2.0134845e-17	0.2313456
1.1550364183205923e-09	2.3703588e-09	1.4650133e-09	0.83481663	-2.0134843e-17	0.2313456
1.1575050446148953e-09	2.353898e-09	1.6131608e-09	0.83481663	-2.0134845e-17	0.23134585
1.1600230350660068e-09	2.0740638e-09	9.218062e-10	0.83481663	-2.0134845e-17	0.23134507
1.1625410155442553e-09	2.3374371e-09	8.724237e-10	0.83481663	-2.0134845e-17	0.2313456
1.1650096437097644e-09	2.633732e-09	5.2674637e-10	0.83481663	-2.0134845e-17	0.23134533
1.167527628399297e-09	2.9300267e-09	7.901196e-10	0.83481663	-2.0134845e-17	0.23134585
1.1700456103899592e-09	2.897105e-09	1.5802392e-09	0.83481663	-2.0134845e-17	0.2313456
1.1725142117307524e-09	2.5678886e-09	1.5143958e-09	0.83481663	-2.0134845e-17	0.2313456
1.1750322026314595e-09	2.057603e-09	1.7448474e-09	0.83481663	-2.0134845e-17	0.2313456
1.1775008177127753e-09	2.0082205e-09	1.4156308e-09	0.83481663	-2.0134845e-17	0.23134585
1.1800188083869867e-09	1.5967e-09	9.547279e-10	0.83481663	-2.0134845e-17	0.23134585
1.182536796945077e-09	2.3374371e-09	6.9135464e-10	0.83481663	-2.0134845e-17	0.23134585
1.1850054004444888e-09	2.6008102e-09	1.218101e-09	0.83481663	-2.0134845e-17	0.2313456
1.187523385112176e-09	2.732497e-09	1.5143958e-09	0.83481663	-2.0134845e-17	0.23134533
1.1900413790260686e-09	2.4032802e-09	1.4485525e-09	0.83481663	-2.0134845e-17	0.2313456
1.1925099843601945e-09	2.3374371e-09	1.7119257e-09	0.83481663	-2.0134845e-17	0.2313456
1.1950279597245317e-09	2.2880546e-09	1.4156308e-09	0.83481663	-2.0134845e-17	0.23134585
1.1975459383852061e-09	2.2386721e-09	9.218062e-10	0.83481663	-2.0134845e-17	0.2313456
1.2000145538472682e-09	2.0411421e-09	1.4485525e-09	0.83481663	-2.0134845e-17	0.2313456
1.2025325358136963e-09	2.3374371e-09	1.7613082e-09	0.83481663	-2.0134845e-17	0.2313456
1.2050011550479882e-09	1.9423774e-09	1.7119257e-09	0.83481663	-2.0134845e-17	0.23134585
1.2075191269825647e-09	1.6296217e-09	1.5143958e-09	0.83481663	-2.0134845e-17	0.23134585
1.2100371130539062e-09	1.7119257e-09	1.9752988e-09	0.83481663	-2.0134845e-17	0.2313456
1.2125057299436905e-09	1.8929949e-09	1.958838e-09	0.83481663	-2.0134845e-17	0.2313456
1.215023729013467e-09	2.2715938e-09	1.1851794e-09	0.83481663	-2.0134845e-17	0.2313456
1.2175417005570336e-09	2.1069855e-09	1.4485525e-09	0.83481663	-2.0134845e-17	0.2313456
1.220010297768781e-09	2.1892896e-09	1.2839443e-09	0.83481663	-2.0134845e-17	0.2313456
1.2225282768917296e-09	2.1234463e-09	1.1522577e-09	0.83481663	-2.0134845e-17	0.2313456
1.2250462703291926e-09	2.0082205e-09	1.3497876e-09	0.83481663	-2.0134845e-17	0.2313456
1.2275148797741529e-09	2.1728288e-09	1.9423774e-09	0.83481663	-2.0134845e-17	0.23134585
1.2300328475475224e-09	1.5802392e-09	1.5637783e-09	0.83481663	-2.0134845e-17	0.2313456
1.232501469826256e-09	1.9752988e-09	8.888845e-10	0.83481663	-2.0134845e-17	0.2313456
1.2350194560683779e-09	2.1399071e-09	1.1522577e-09	0.83481663	-2.0134845e-17	0.2313456
1.2375374262263114e-09	2.3374371e-09	1.4650133e-09	0.83481663	-2.0134845e-17	0.23134585
1.2400060294308729e-09	2.0740638e-09	1.7119257e-09	0.83481663	-2.0134845e-17	0.2313456
1.2425240121575636e-09	1.777769e-09	1.4485525e-09	0.83481663	-2.0134845e-17	0.23134533
1.2450419826591497e-09	1.8106907e-09	1.5802392e-09	0.83481663	-2.0134845e-17	0.23134533
1.2475105913755572e-09	2.419741e-09	1.7448474e-09	0.83481663	-2.0134845e-17	0.23134507
1.2500285820266568e-09	2.4855844e-09	1.5802392e-09	0.8348166	-2.0134845e-17	0.2313456
1.2525465753268035e-09	2.3374371e-09	2.1728288e-09	0.83481663	-2.0134845e-17	0.23134585
1.255015167883843e-09	1.7942299e-09	1.5802392e-09	0.83481663	-2.0134845e-17	0.23134533
1.257533145364333e-09	2.1728288e-09	1.3004051e-09	0.83481663	-2.0134845e-17	0.23134533
1.2600017545904642e-09	2.633732e-09	1.0534927e-09	0.83481663	-2.0134845e-17	0.23134585
1.2625197349288212e-09	2.534967e-09	1.316866e-09	0.83481663	-2.0134845e-17	0.23134585
1.26503771689944e-09	2.419741e-09	1.9094557e-09	0.83481663	-2.0134845e-17	0.23134585
1.267506315180447e-09	1.777769e-09	1.7119257e-09	0.83481663	-2.0134845e-17	0.23134533
1.2700243004639458e-09	1.9094557e-09	1.316866e-09	0.83481663	-2.0134845e-17	0.23134533
1.2725422914168374e-09	2.4855844e-09	1.316866e-09	0.83481663	-2.0134845e-17	0.23134533
1.2750108931639592e-09	2.4691236e-09	2.156368e-09	0.83481663	-2.0134843e-17	0.2313456
1.2775288789614065e-09	2.0740638e-09	2.255133e-09	0.83481663	-2.0134845e-17	0.23134507
1.2800468488212335e-09	2.2386721e-09	1.9752988e-09	0.83481663	-2.0134845e-17	0.23134533
1.282515470404177e-09	1.8929949e-09	1.2510226e-09	0.83481663	-2.0134845e-17	0.2313461
1.2850334576235117e-09	2.633732e-09	1.7119257e-09	0.83481663	-2.0134845e-17	0.23134585
1.2875020486549975e-09	2.9794092e-09	1.679004e-09	0.83481663	-2.0134845e-17	0.2313456
1.290020025763877e-09	2.9629483e-09	2.4855844e-09	0.83481663	-2.0134845e-17	0.2313456
1.2925379934505239e-09	1.7448474e-09	2.1399071e-09	0.83481663	-2.0134845e-17	0.23134533
1.2950066111364436e-09	1.6460824e-09	1.4650133e-09	0.83481663	-2.0134845e-17	0.23134533
1.2975246056916636e-09	1.9752988e-09	6.255113e-10	0.83481663	-2.0134845e-17	0.23134585
1.3000425861688809e-09	2.2222113e-09	1.0534927e-09	0.83481663	-2.0134845e-17	0.2313456
1.3025111936135092e-09	2.6995752e-09	1.5308567e-09	0.83481663	-2.0134845e-17	0.2313456
1.305029173856656e-09	1.9752988e-09	1.9752988e-09	0.83481663	-2.0134845e-17	0.23134585
1.3075471637145255e-09	1.1851794e-09	8.065804e-10	0.83481663	-2.0134845e-17	0.23134585
1.3100157625948541e-09	2.0246813e-09	1.2839443e-09	0.83481663	-2.0134845e-17	0.23134507
1.3125337405614027e-09	2.0740638e-09	1.316866e-09	0.83481663	-2.0134845e-17	0.23134585
1.3150023489839346e-09	2.436202e-09	1.5802392e-09	0.83481663	-2.0134845e-17	0.23134585
1.3175203375474437e-09	2.2880546e-09	1.9752988e-09	0.83481663	-2.0134845e-17	0.2313456
1.3200383066550043e-09	2.4691236e-09	2.0411421e-09	0.83481663	-2.0134845e-17	0.23134533
1.3225069099235502e-09	2.5843494e-09	1.6296217e-09	0.83481663	-2.0134845e-17	0.23134507
1.3250248924687972e-09	2.3703588e-09	1.0534927e-09	0.83481663	-2.0134845e-17	0.2313461
1.327542871776741e-09	2.3374371e-09	1.8600731e-09	0.83481663	-2.0134845e-17	0.23134533
1.3300114741102898e-09	2.6666536e-09	2.1234463e-09	0.83481663	-2.0134845e-17	0.23134533
1.3325294453863945e-09	2.0082205e-09	2.2386721e-09	0.83481663	-2.0134845e-17	0.23134507
1.3350474396995298e-09	1.777769e-09	1.8436124e-09	0.83481663	-2.0134845e-17	0.23134533
1.3375160559702242e-09	1.876534e-09	1.7119257e-09	0.8348166	-2.0134845e-17	0.2313456
1.340034044841576e-09	1.8106907e-09	1.497935e-09	0.83481663	-2.0134845e-17	0.23134533
1.3425026570596336e-09	2.0740638e-09	9.218062e-10	0.83481663	-2.0134845e-17	0.2313456
1.3450206425707797e-09	2.732497e-09	1.4156308e-09	0.83481663	-2.0134845e-17	0.2313456
1.3475386077249426e-09	2.3045155e-09	1.9752988e-09	0.83481663	-2.0134845e-17	0.23134585
1.3500072305701692e-09	2.3374371e-09	2.5678886e-09	0.83481663	-2.0134845e-17	0.23134533
1.352525198395872e-09	1.8929949e-09	1.7448474e-09	0.8348166	-2.0134845e-17	0.23134533
1.3550431794344974e-09	1.9752988e-09	2.3703588e-09	0.83481663	-2.0134845e-17	0.2313456
1.3575117934261983e-09	1.1193361e-09	1.8436124e-09	0.83481663	-2.0134845e-17	0.23134533
1.3600297828858941e-09	1.4814742e-09	1.316866e-09	0.83481663	-2.0134845e-17	0.23134533
1.3625477643906943e-09	1.777769e-09	1.0534927e-09	0.83481663	-2.0134845e-17	0.2313456
1.3650163722310592e-09	2.1234463e-09	6.58433e-10	0.83481663	-2.0134845e-17	0.23134533
1.367534356851076e-09	2.518506e-09	8.888845e-10	0.83481663	-2.0134845e-17	0.2313456
1.3700029534056464e-09	2.7654186e-09	1.679004e-09	0.83481663	-2.0134845e-17	0.23134533
1.3725209415681413e-09	2.6501927e-09	1.4485525e-09	0.83481663	-2.0134843e-17	0.23134585
1.375038928183375e-09	2.897105e-09	1.0205711e-09	0.83481663	-2.0134845e-17	0.2313456
1.3775075412192058e-09	2.5678886e-09	1.497935e-09	0.83481663	-2.0134843e-17	0.23134533
1.3800255241099301e-09	2.534967e-09	1.7942299e-09	0.83481663	-2.0134845e-17	0.2313456
1.3825435060944016e-09	2.1069855e-09	1.316866e-09	0.83481663	-2.0134845e-17	0.2313456
1.3850121213951477e-09	2.5678886e-09	1.6954649e-09	0.8348166	-2.0134845e-17	0.23134585
1.387530109996597e-09	2.7654186e-09	1.6460824e-09	0.83481663	-2.0134845e-17	0.23134533
1.390048075568792e-09	2.4855844e-09	2.3868196e-09	0.83481663	-2.0134843e-17	0.2313456
1.3925166970155043e-09	2.436202e-09	2.5020452e-09	0.83481663	-2.0134845e-17	0.23134585
1.3950346755825836e-09	2.1069855e-09	2.3045155e-09	0.83481663	-2.0134845e-17	0.23134585
1.3975032903913538e-09	1.8600731e-09	1.7119257e-09	0.83481663	-2.0134845e-17	0.23134585
1.4000212689084921e-09	2.0905246e-09	1.876534e-09	0.83481663	-2.0134845e-17	0.2313456
1.4025392442640467e-09	1.6460824e-09	1.777769e-09	0.83481663	-2.0134845e-17	0.23134507
1.405007847837047e-09	1.1193361e-09	2.0411421e-09	0.83481663	-2.0134845e-17	0.23134533
1.407525828444415e-09	1.3662484e-09	1.4485525e-09	0.83481663	-2.0134845e-17	0.23134533
1.4100438166553199e-09	1.9752988e-09	1.4485525e-09	0.83481663	-2.0134843e-17	0.2313456
1.4125124390935916e-09	2.4526627e-09	9.876494e-10	0.83481663	-2.0134845e-17	0.2313456
1.4150304232645535e-09	3.0287917e-09	1.1851794e-09	0.83481663	-2.0134845e-17	0.23134533
1.417548403513907e-09	2.3868196e-09	1.4485525e-09	0.83481663	-2.0134845e-17	0.2313456
1.4200170227224085e-09	2.6995752e-09	1.316866e-09	0.83481663	-2.0134845e-17	0.2313461
1.422534998281554e-09	2.436202e-09	1.0534927e-09	0.83481663	-2.0134843e-17	0.23134533
1.425003610279543e-09	2.5843494e-09	1.1851794e-09	0.83481663	-2.0134845e-17	0.23134533
1.427521595383856e-09	2.5678886e-09	9.876494e-10	0.83481663	-2.0134845e-17	0.23134585
1.4300395738667243e-09	2.9300267e-09	1.0534927e-09	0.83481663	-2.0134845e-17	0.2313456
1.432508173463746e-09	2.633732e-09	1.3004051e-09	0.83481663	-2.0134845e-17	0.2313456
1.4350261544829698e-09	2.7983402e-09	1.316866e-09	0.83481663	-2.0134845e-17	0.23134533
1.4375441455103013e-09	2.5678886e-09	1.7119257e-09	0.83481663	-2.0134845e-17	0.23134507
1.4400127666087479e-09	2.2222113e-09	1.7613082e-09	0.8348166	-2.0134845e-17	0.2313456
1.4425307448357158e-09	2.6831144e-09	1.8436124e-09	0.83481663	-2.0134845e-17	0.23134533
1.4450487256241953e-09	2.3374371e-09	2.2386721e-09	0.83481663	-2.0134845e-17	0.23134585
1.4475173311136654e-09	2.633732e-09	1.876534e-09	0.83481663	-2.0134845e-17	0.2313456
1.4500353065520487e-09	2.419741e-09	2.8806442e-09	0.8348166	-2.0134845e-17	0.23134533
1.4525039330764603e-09	1.679004e-09	2.1728288e-09	0.8348166	-2.0134845e-17	0.23134507
1.4550219234084065e-09	1.6131608e-09	1.7448474e-09	0.83481663	-2.0134845e-17	0.2313456
1.4575399090351947e-09	1.679004e-09	7.901196e-10	0.83481663	-2.0134845e-17	0.2313456
1.4600085133764425e-09	2.3045155e-09	1.1522577e-09	0.83481663	-2.0134845e-17	0.23134533
1.4625265012001899e-09	3.1604783e-09	1.7119257e-09	0.83481663	-2.0134845e-17	0.23134533
1.4650444732988817e-09	2.732497e-09	2.2386721e-09	0.83481663	-2.0134845e-17	0.23134585
1.467513080165357e-09	2.6008102e-09	2.5678886e-09	0.83481663	-2.0134845e-17	0.23134533
1.4700310789557939e-09	2.4032802e-09	2.6995752e-09	0.83481663	-2.0134845e-17	0.23134585
1.4725490656215221e-09	2.3703588e-09	1.8436124e-09	0.83481663	-2.0134845e-17	0.23134507
1.4750176667780458e-09	1.4814742e-09	1.1028752e-09	0.83481663	-2.0134845e-17	0.23134533
1.4775356544046879e-09	1.958838e-09	1.5473175e-09	0.83481663	-2.0134845e-17	0.2313456
1.4800042661550543e-09	1.7448474e-09	1.5802392e-09	0.83481663	-2.0134845e-17	0.2313461
1.4825222462444493e-09	1.8106907e-09	1.4485525e-09	0.83481663	-2.0134845e-17	0.23134533
1.4850402277329067e-09	1.8600731e-09	1.7448474e-09	0.83481663	-2.0134845e-17	0.23134585
1.4875088410875502e-09	1.4485525e-09	1.0534927e-09	0.83481663	-2.0134845e-17	0.23134585
1.4900268254791236e-09	2.0740638e-09	1.0864144e-09	0.83481663	-2.0134843e-17	0.2313456
1.4925448066071527e-09	1.876534e-09	1.3991701e-09	0.83481663	-2.0134845e-17	0.2313456
1.4950134015632397e-09	2.4855844e-09	2.0740638e-09	0.83481663	-2.0134845e-17	0.2313456
1.4975313952908923e-09	2.8641833e-09	2.3703588e-09	0.83481663	-2.0134845e-17	0.2313456
1.5e-09	2.6995752e-09	2.897105e-09	0.83481663	-2.0134845e-17	0.2313456
