# t (s)	mx ()	my ()	mz ()	E_total (J)	MaxAngle (rad)
0	1.3045204e-09	2.6337318e-10	0.97953594	-2.0725771e-17	0.2662727
2.5199056625059896e-12	1.7283865e-09	1.0534927e-09	0.9740371	-2.0703985e-17	0.24678028
5.0469287125659526e-12	1.316866e-09	1.4485525e-09	0.96937394	-2.0662748e-17	0.2381439
7.520771363384142e-12	6.255113e-10	2.8312617e-09	0.9661045	-2.0607493e-17	0.23310052
1.0043127256066131e-11	-6.748938e-10	3.5884598e-09	0.9646052	-2.0540638e-17	0.23280333
1.2515111080487683e-11	-2.7654186e-09	3.3312593e-09	0.9651624	-2.046938e-17	0.23221743
1.5035760829987623e-11	-3.456773e-09	1.5884696e-09	0.9677161	-2.0393347e-17	0.23306541
1.7506515955425077e-11	-3.7859897e-09	-1.3168659e-10	0.9718551	-2.031503e-17	0.23519145
2.0026316403777447e-11	-4.0822843e-09	-1.9752988e-09	0.977118	-2.022776e-17	0.24145506
2.2545779634604874e-11	-2.5678886e-09	-4.7407176e-09	0.98210496	-2.0125926e-17	0.26885116
2.501566181818847e-11	5.925897e-10	-6.847703e-09	0.98362136	-2.0009838e-17	0.34713733
2.7534788765785228e-11	5.267464e-09	-7.242763e-09	0.9752124	-1.9933824e-17	0.21484433
3.0004382819010294e-11	8.427942e-09	-4.213971e-09	0.95326316	-1.9999156e-17	0.21481386
3.252323486191608e-11	9.5472785e-09	-1.777769e-09	0.92234117	-2.01298e-17	0.21951695
3.5041941356176836e-11	9.843573e-09	8.5596286e-10	0.8923263	-2.0218974e-17	0.22652766
3.751116778173391e-11	7.5719795e-09	5.6625233e-09	0.8700223	-2.0254234e-17	0.2249143
4.002964021080891e-11	6.4526433e-09	8.9546885e-09	0.8543101	-2.026875e-17	0.21635275
4.254779987804777e-11	5.711906e-09	9.958799e-09	0.84405524	-2.0270008e-17	0.21384591
4.5016513053871805e-11	4.9012105e-09	1.0008181e-08	0.83816665	-2.0261898e-17	0.21397986
4.753466102734605e-11	4.234547e-09	1.0403241e-08	0.83543915	-2.024954e-17	0.21673226
5.0003494347995145e-11	2.4691236e-09	1.0929988e-08	0.8351113	-2.0237735e-17	0.21806811
5.252169963542182e-11	1.4814742e-09	1.0074024e-08	0.83648527	-2.0228187e-17	0.21860358
5.503983934486117e-11	-3.2921648e-11	9.086375e-09	0.8390184	-2.0221514e-17	0.21832968
5.7508617258079175e-11	-7.901196e-10	7.4073707e-09	0.84216326	-2.021722e-17	0.21999271
6.002676024729398e-11	6.5843296e-11	5.8271317e-09	0.84573996	-2.0214377e-17	0.22089227
6.25449141545793e-11	7.2427625e-10	6.0575833e-09	0.849511	-2.0212396e-17	0.22060616
6.501369303012363e-11	7.571979e-10	6.3209566e-09	0.8532617	-2.021079e-17	0.22207388
6.753182981976361e-11	6.748938e-10	5.8600533e-09	0.857023	-2.0209127e-17	0.2227354
7.000055361759253e-11	8.888845e-10	6.2551133e-09	0.8605775	-2.0207192e-17	0.22215967
7.251865647402055e-11	5.2674637e-10	6.090505e-09	0.86405176	-2.0204676e-17	0.22346734
7.503675891785098e-11	8.230412e-10	6.1234267e-09	0.86739296	-2.0201425e-17	0.2237039
7.750549298407393e-11	1.1193361e-09	6.2551133e-09	0.8705685	-2.0197353e-17	0.22283764
8.002359764927e-11	4.2798143e-10	7.506136e-09	0.8737349	-2.019215e-17	0.22085336
8.254170433401991e-11	-7.078154e-10	7.967039e-09	0.87685823	-2.0185743e-17	0.21932033
8.501042969654627e-11	-1.9423774e-09	7.835352e-09	0.8799142	-2.0178156e-17	0.2185368
8.752854769642148e-11	-2.8312617e-09	7.901195e-09	0.88306785	-2.0168892e-17	0.21654704
9.0046655483755e-11	-3.4238514e-09	8.230412e-09	0.8863064	-2.0157827e-17	0.21628416
9.251540911570907e-11	-3.7201462e-09	7.637823e-09	0.8896141	-2.0144913e-17	0.2153364
9.50335249646632e-11	-4.609031e-09	7.637823e-09	0.89317894	-2.012919e-17	0.21433574
9.750228152401612e-11	-5.7612883e-09	7.637823e-09	0.89692247	-2.0110703e-17	0.2142553
1.0002039893894077e-10	-6.5184866e-09	7.242763e-09	0.9010684	-2.0087929e-17	0.21330543
1.0253853410780054e-10	-9.1522185e-09	7.111076e-09	0.90563184	-2.0060156e-17	0.21354744
1.0500729086908529e-10	-1.158842e-08	6.1234267e-09	0.91060716	-2.0026746e-17	0.21368295
1.0752545015563956e-10	-1.478182e-08	4.7407176e-09	0.9162973	-1.998458e-17	0.21314459
1.1004360090717903e-10	-1.7711846e-08	1.5802392e-09	0.9227037	-1.9931881e-17	0.21368942
1.1251238476382703e-10	-1.998344e-08	-3.4238514e-09	0.9297269	-1.9866941e-17	0.21440692
1.1503054783130265e-10	-2.1135698e-08	-1.0469084e-08	0.93757266	-1.978272e-17	0.21452287
1.1754872758453552e-10	-2.074064e-08	-1.9621302e-08	0.9457548	-1.9673262e-17	0.2153509
1.2001754724473198e-10	-1.7185101e-08	-3.015623e-08	0.95318997	-1.9529951e-17	0.21343632
1.2253574513831726e-10	-7.864159e-09	-4.1612964e-08	0.95799065	-1.9332035e-17	0.20884828
1.2500457458052453e-10	7.411486e-09	-5.017259e-08	0.9554553	-1.9099807e-17	0.20445193
1.2752279243340467e-10	2.8938128e-08	-4.951416e-08	0.93860024	-1.8949285e-17	0.20982635
1.30041000127641e-10	4.9777533e-08	-3.3250863e-08	0.90557754	-1.9042849e-17	0.2294596
1.325098267144065e-10	5.8600534e-08	-1.1851793e-08	0.86890584	-1.9320542e-17	0.24247496
1.3502802433624788e-10	5.8073788e-08	7.835352e-09	0.83765507	-1.9612477e-17	0.21346249
1.3754643386607447e-10	4.655121e-08	2.811303e-08	0.8120614	-1.9817171e-17	0.20240915
1.4001553479060446e-10	2.8938128e-08	4.0757e-08	0.7919347	-1.9935263e-17	0.20392694
1.4253345965186008e-10	9.744808e-09	4.3785793e-08	0.77650285	-1.9999436e-17	0.207408
1.4500211365473123e-10	-4.2160284e-09	3.8057426e-08	0.76616925	-2.0029287e-17	0.2111469
1.4752023451671377e-10	-1.267072e-08	2.8180931e-08	0.75993824	-2.0041486e-17	0.2123027
1.500383796469725e-10	-1.5407332e-08	1.8436124e-08	0.7574197	-2.0045346e-17	0.21276698
1.525071131190577e-10	-1.5209801e-08	1.0469084e-08	0.7580128	-2.004683e-17	0.2125676
1.5502521925687033e-10	-1.2213931e-08	5.234542e-09	0.76102304	-2.0049136e-17	0.21204741
1.5754335959597734e-10	-9.5802e-09	2.1728288e-09	0.7658729	-2.0053732e-17	0.21247661
1.6001216104696527e-10	-7.835352e-09	7.901196e-10	0.77206767	-2.006099e-17	0.21318996
1.6253033653366335e-10	-5.473224e-09	-7.2427625e-10	0.77953494	-2.0071157e-17	0.21340112
1.6504852260980062e-10	-3.753068e-09	-1.5473175e-09	0.78778374	-2.008373e-17	0.21396525
1.6751731277050019e-10	-1.679004e-09	-1.5411447e-09	0.79627454	-2.0097766e-17	0.21525967
1.7003548401246015e-10	-6.5843296e-11	-9.218062e-10	0.8050528	-2.0113042e-17	0.21561544
1.7250428231203215e-10	1.4485525e-09	-2.6337318e-10	0.813544	-2.0128166e-17	0.21662968
1.750224558793832e-10	2.7654186e-09	7.901196e-10	0.8218813	-2.0142961e-17	0.2184147
1.7754061395328745e-10	2.6008102e-09	2.1069855e-09	0.8297102	-2.0156441e-17	0.21909858
1.8000939864981288e-10	2.814801e-09	3.4238514e-09	0.8367617	-2.0167916e-17	0.22018574
1.825275330399978e-10	1.9094557e-09	4.872404e-09	0.84325236	-2.0177585e-17	0.22147964
1.8504567156046027e-10	1.8436124e-09	5.267464e-09	0.84903926	-2.0185101e-17	0.22150542
1.8751440807711802e-10	1.4156308e-09	5.79421e-09	0.85408777	-2.0190379e-17	0.22275402
1.900325274299264e-10	1.7283865e-09	6.485565e-09	0.8586902	-2.0193704e-17	0.22285868
1.9250126427470662e-10	8.888845e-10	6.716016e-09	0.86276335	-2.0195067e-17	0.22320063
1.9501936732920138e-10	6.5843296e-11	7.045233e-09	0.86656773	-2.0194627e-17	0.22380517
1.9753747444909882e-10	-1.1193361e-09	6.847703e-09	0.8701091	-2.0192456e-17	0.22309318
2.0000619833246137e-10	-1.876534e-09	6.650173e-09	0.8734037	-2.018872e-17	0.221172
2.0252429454142978e-10	-1.8106907e-09	6.1234267e-09	0.8766543	-2.0183295e-17	0.21931978
2.0504239815070285e-10	-2.2057505e-09	6.5843295e-09	0.87985694	-2.0176212e-17	0.21855548
2.0751112796002238e-10	-3.1934e-09	6.2551133e-09	0.88300693	-2.0167562e-17	0.21659195
2.100292451639497e-10	-3.851833e-09	6.847703e-09	0.88628614	-2.0156808e-17	0.21626583
2.1254735904661516e-10	-4.510266e-09	6.1563483e-09	0.889689	-2.014381e-17	0.21528004
2.150160992776211e-10	-5.530837e-09	6.18927e-09	0.8932045	-2.0128484e-17	0.21433014
2.1753421755840709e-10	-7.5719795e-09	5.99174e-09	0.89704037	-2.0109644e-17	0.21421072
2.200029582057429e-10	-8.855923e-09	4.213971e-09	0.90112084	-2.0087284e-17	0.21332711
2.225210787921077e-10	-9.77773e-09	3.1604783e-09	0.9056966	-2.0059479e-17	0.2135269
2.2503919843216627e-10	-1.0929988e-08	1.9094557e-09	0.9107896	-2.0025247e-17	0.21372905
2.2750797161279432e-10	-1.2345618e-08	4.691335e-10	0.9163874	-1.9983704e-17	0.21320601
2.3002610687855705e-10	-1.4485526e-08	-2.9629483e-09	0.9228074	-1.9930832e-17	0.2136391
2.3254425346657833e-10	-1.5506096e-08	-7.045233e-09	0.9299913	-1.9864185e-17	0.21426567
2.3501303708947097e-10	-1.5539019e-08	-1.2246853e-08	0.93769896	-1.9781098e-17	0.21460937
2.375311972613405e-10	-1.4485526e-08	-1.9884675e-08	0.94588107	-1.9671154e-17	0.21536401
2.400000018910779e-10	-9.744808e-09	-2.8971051e-08	0.9532939	-1.9527134e-17	0.21333443
2.425181990173897e-10	4.2798143e-10	-3.83208e-08	0.9580198	-1.9328304e-17	0.20872809
2.4503639032403437e-10	1.527976e-08	-4.3456577e-08	0.9551377	-1.9091654e-17	0.2042857
2.4750521140806176e-10	3.2822882e-08	-3.897923e-08	0.938181	-1.8948562e-17	0.2099571
2.500234120109779e-10	4.832898e-08	-2.1069855e-08	0.9049611	-1.904623e-17	0.2296275
2.5254160004044663e-10	5.3003856e-08	-2.0411421e-09	0.8676689	-1.9331653e-17	0.24212618
2.550104339897818e-10	5.0040907e-08	1.4814741e-08	0.8371988	-1.9616454e-17	0.21301323
2.5752883400343293e-10	3.7201463e-08	3.0979272e-08	0.81168675	-1.981963e-17	0.20246488
2.6004729395094105e-10	1.9407311e-08	4.0528608e-08	0.79129004	-1.993832e-17	0.20393342
2.625158403187235e-10	2.4115108e-09	3.990104e-08	0.7762889	-2.0000099e-17	0.20739788
2.650338144066069e-10	-8.808598e-09	3.3514237e-08	0.76586825	-2.0029932e-17	0.21116367
2.6750256295901544e-10	-1.4464949e-08	2.294639e-08	0.7598606	-2.0041562e-17	0.2123259
2.7002070290484074e-10	-1.5868235e-08	1.3958779e-08	0.75739676	-2.0045347e-17	0.21276698
2.7253878821206406e-10	-1.4074005e-08	6.9793895e-09	0.7580721	-2.004686e-17	0.21255772
2.7500749360967376e-10	-1.1078135e-08	3.2921648e-09	0.7610766	-2.004916e-17	0.21203381
2.7752562370627564e-10	-8.905306e-09	6.5843296e-11	0.76595235	-2.0053801e-17	0.21249978
2.800437626775654e-10	-6.18927e-09	-6.255113e-10	0.7723047	-2.0061274e-17	0.213177
2.8251255567679375e-10	-4.6254915e-09	-8.888845e-10	0.7796508	-2.0071314e-17	0.21343574
2.8503072727838175e-10	-3.8189114e-09	-1.0864144e-09	0.7879092	-2.008392e-17	0.21394363
2.8754888666051054e-10	-2.2057505e-09	-1.6090456e-09	0.79657626	-2.009827e-17	0.2152951
2.900176667629959e-10	-3.950598e-10	-1.0534927e-09	0.80518305	-2.0113262e-17	0.21566531
2.925358260487588e-10	1.2510226e-09	7.201611e-11	0.8138384	-2.0128687e-17	0.2165806
2.9500460033937275e-10	1.7448474e-09	1.4485525e-09	0.8220024	-2.0143171e-17	0.21842816
2.9752274902614416e-10	2.0740638e-09	2.7654186e-09	0.8298228	-2.0156626e-17	0.21914493
3.000408790116972e-10	1.9752988e-09	2.633732e-09	0.8369982	-2.0168285e-17	0.22015408
3.0250963382181827e-10	1.5143958e-09	3.2921648e-09	0.8433443	-2.0177711e-17	0.2215019
3.0502775799985094e-10	2.2715938e-09	3.6872247e-09	0.84912103	-2.0185197e-17	0.22148561
3.0754586703491355e-10	2.5678886e-09	4.6748743e-09	0.8542559	-2.0190526e-17	0.22279315
3.100146012149215e-10	1.3497876e-09	5.9258967e-09	0.85875565	-2.019374e-17	0.22284545
3.125327177893905e-10	0	5.432072e-09	0.86290056	-2.019508e-17	0.22324587
3.1500144360500816e-10	-7.7365875e-10	5.7283667e-09	0.8666228	-2.019461e-17	0.22380356
3.1751954310654883e-10	-1.4485525e-09	5.2016205e-09	0.87016076	-2.019241e-17	0.22307406
3.200376411343899e-10	-1.679004e-09	4.5431876e-09	0.87351805	-2.0188557e-17	0.22108369
3.225063648386832e-10	-1.7613082e-09	4.0822843e-09	0.8767027	-2.0183199e-17	0.21931869
3.250244642623922e-10	-1.9752988e-09	4.213971e-09	0.87990505	-2.0176093e-17	0.21853378
3.2754256237489915e-10	-2.6008102e-09	4.609031e-09	0.8831192	-2.0167221e-17	0.21649876
3.3001129378225816e-10	-2.8641833e-09	4.213971e-09	0.88633645	-2.015663e-17	0.21626222
3.3252940230583136e-10	-3.2263217e-09	3.1604783e-09	0.8897416	-2.0143593e-17	0.21525325
3.350475005078561e-10	-3.7859897e-09	3.2263217e-09	0.89333284	-2.0127888e-17	0.21435761
3.3751625431897533e-10	-4.7407176e-09	3.1275567e-09	0.8971005	-2.0109331e-17	0.2141925
3.4003435750865545e-10	-5.432072e-09	2.436202e-09	0.90127176	-2.0086414e-17	0.21338172
3.4250309507223793e-10	-6.288035e-09	2.0822943e-09	0.9057691	-2.0059012e-17	0.21350412
3.450212263387727e-10	-6.6830945e-09	6.296265e-10	0.91087085	-2.002468e-17	0.21374479
3.475393587332585e-10	-7.308606e-09	-1.1522577e-09	0.9165975	-1.9982061e-17	0.21333414
3.500081149313509e-10	-7.835352e-09	-2.2386721e-09	0.92290986	-1.992994e-17	0.21358483
3.525262532114391e-10	-8.197491e-09	-4.7407176e-09	0.93010503	-1.9863057e-17	0.21420093
3.550444180273308e-10	-8.559629e-09	-7.901195e-09	0.93798035	-1.9777768e-17	0.21480659
3.5751319972022557e-10	-6.4526433e-09	-1.2246853e-08	0.9460029	-1.9669252e-17	0.2153746
3.600313732973172e-10	-2.897105e-09	-1.6296216e-08	0.9535239	-1.9521193e-17	0.21308711
3.625001771094076e-10	1.9423774e-09	-2.0016362e-08	0.95804894	-1.932489e-17	0.20861472
3.650183718392518e-10	9.699541e-09	-2.2386722e-08	0.9549998	-1.9088293e-17	0.20420694
3.6753657823553604e-10	1.955546e-08	-2.0016362e-08	0.9372699	-1.8947479e-17	0.21101888
3.70005398661807e-10	2.7654185e-08	-1.0929988e-08	0.9043867	-1.904956e-17	0.22972779
3.725235756624567e-10	2.9695327e-08	1.316866e-09	0.867152	-1.933638e-17	0.241923
3.750417909255668e-10	2.6534849e-08	1.1193361e-08	0.8362284	-1.9625131e-17	0.21201909
3.775108143951418e-10	1.9226242e-08	1.9285913e-08	0.81134206	-1.9821974e-17	0.20251349
3.800292648870642e-10	8.9546885e-09	2.221594e-08	0.7910228	-1.993961e-17	0.20393077
3.8254715752689727e-10	9.3003655e-10	2.1464915e-08	0.77584773	-2.0001583e-17	0.20741321
3.8501577580251324e-10	-4.6872195e-09	1.7448473e-08	0.76574665	-2.0030213e-17	0.21116766
3.8753388009631786e-10	-6.806551e-09	1.1950559e-08	0.7597163	-2.0041784e-17	0.21237116
3.900026257520332e-10	-7.143998e-09	7.242763e-09	0.75738543	-2.004538e-17	0.21276443
3.925206981335054e-10	-6.5843295e-09	4.213971e-09	0.75810236	-2.0046883e-17	0.2125543
3.950387900720493e-10	-5.1028555e-09	2.3374371e-09	0.7612173	-2.0049276e-17	0.21200293
3.9750752957835323e-10	-3.3415473e-09	6.255113e-10	0.7660375	-2.005389e-17	0.21252267
4.0002568992886763e-10	-2.0411421e-09	-4.609031e-10	0.7724097	-2.006141e-17	0.21317078
4.025438284159361e-10	-1.3004051e-09	-5.2674637e-10	0.77992594	-2.0071715e-17	0.2135117
4.0501262090411267e-10	2.6337318e-10	-5.432072e-10	0.7880371	-2.0084126e-17	0.21392061
4.0753077022110337e-10	1.3827093e-09	1.2139859e-10	0.79670775	-2.0098495e-17	0.21530682
4.1004892555857595e-10	1.4156308e-09	4.3415424e-10	0.8054858	-2.0113802e-17	0.21577807
4.1251769503819983e-10	2.436202e-09	1.9752988e-09	0.8139661	-2.0128916e-17	0.21655563
4.1503584015440394e-10	1.876534e-09	2.7654186e-09	0.82228243	-2.0143658e-17	0.21845594
4.1750460209404176e-10	1.8106907e-09	2.8312617e-09	0.8299353	-2.0156817e-17	0.21919154
4.2002272802420717e-10	2.2386721e-09	3.0287917e-09	0.83710045	-2.0168442e-17	0.22013797
4.225408613790912e-10	2.2715938e-09	3.2921648e-09	0.8435555	-2.0178007e-17	0.22155371
4.250095933613083e-10	1.4814742e-09	3.0287917e-09	0.8492024	-2.018529e-17	0.2214639
4.2752770419023835e-10	2.5020452e-09	3.2921648e-09	0.8543284	-2.0190589e-17	0.22281067
4.3004580265171226e-10	1.3333268e-09	3.555538e-09	0.85890603	-2.019382e-17	0.22281256
4.3251452322604566e-10	1.5802392e-09	4.016441e-09	0.8629596	-2.0195087e-17	0.22326283
4.3503261173841393e-10	7.7365875e-10	4.7407176e-09	0.8667489	-2.0194561e-17	0.22380142
4.3750133020815883e-10	8.888845e-10	5.0040905e-09	0.87021214	-2.0192364e-17	0.2230525
4.4001942966182653e-10	7.571979e-10	4.4773443e-09	0.87356716	-2.0188488e-17	0.22104509
4.425375062538245e-10	3.6213813e-10	3.8847547e-09	0.8768138	-2.0182982e-17	0.21931101
4.4500623329991055e-10	2.3045155e-10	4.2798143e-09	0.8799529	-2.0175972e-17	0.21851206
4.475243227711832e-10	1.6460824e-10	4.5431876e-09	0.8831677	-2.0167075e-17	0.21645907
4.5004241331062937e-10	-1.975299e-10	5.135777e-09	0.88645166	-2.015622e-17	0.21625277
4.525111322437618e-10	-4.609031e-10	5.464994e-09	0.88979375	-2.014338e-17	0.21522674
4.550292220637071e-10	-1.0534927e-09	5.5966805e-09	0.8933882	-2.0127632e-17	0.21436994
4.5754731996931733e-10	-1.9752988e-09	6.5184866e-09	0.8972385	-2.0108612e-17	0.21414933
4.60016060189013e-10	-2.7654186e-09	7.127537e-09	0.90133697	-2.008603e-17	0.2134045
4.625341690708768e-10	-5.135777e-09	6.716016e-09	0.90593594	-2.0057944e-17	0.21345122
4.650029138851763e-10	-6.9793895e-09	5.520549e-09	0.9109515	-2.0024107e-17	0.21376052
4.675210257717719e-10	-8.855923e-09	4.0822843e-09	0.9166882	-1.9981355e-17	0.21338679
4.700391382554867e-10	-9.744808e-09	2.7654186e-09	0.9231454	-1.9927883e-17	0.21345235
4.725079057936454e-10	-1.158842e-08	1.316866e-09	0.93021786	-1.9861933e-17	0.21413334
4.750260484577146e-10	-1.4090466e-08	-2.633732e-09	0.9381014	-1.9776325e-17	0.21488543
4.775442213863554e-10	-1.5078115e-08	-7.637823e-09	0.9462818	-1.9664856e-17	0.2153799
4.800129973560347e-10	-1.4485526e-08	-1.497935e-08	0.9536217	-1.951862e-17	0.2129732
4.825311818820833e-10	-1.0864144e-08	-2.2913467e-08	0.95810944	-1.9317012e-17	0.20835641
4.850493722742046e-10	-3.1728238e-09	-3.1275565e-08	0.9546705	-1.908066e-17	0.20399933
4.875181969049796e-10	1.0041103e-08	-3.5028634e-08	0.93687195	-1.8947111e-17	0.2114152
4.900363819975946e-10	2.6008102e-08	-2.6864065e-08	0.9030663	-1.9057361e-17	0.23034053
4.925051850301556e-10	3.5028634e-08	-1.5604861e-08	0.8666416	-1.934106e-17	0.24168952
4.950234010934784e-10	3.7201463e-08	-2.732497e-09	0.8358133	-1.9628824e-17	0.211581
4.975418002282883e-10	3.4501888e-08	1.07756675e-08	0.8105555	-1.9827268e-17	0.20260534
5.000108616518365e-10	2.556366e-08	2.1333229e-08	0.7907593	-1.9940874e-17	0.20392428
5.025287405489535e-10	1.4674825e-08	2.678176e-08	0.77566004	-2.0002212e-17	0.20754081
5.050467256903582e-10	4.6110884e-09	2.5020453e-08	0.76547116	-2.0030837e-17	0.21117732
5.075154455913158e-10	-1.3909397e-09	2.0049283e-08	0.75965565	-2.0041878e-17	0.21239066
5.100335609669141e-10	-4.98763e-09	1.5275646e-08	0.7573619	-2.0045443e-17	0.21276216
5.125022625263251e-10	-6.485565e-09	1.0732458e-08	0.7581329	-2.0046907e-17	0.21255037
5.150203403504108e-10	-6.1234267e-09	7.539057e-09	0.7612784	-2.0049328e-17	0.21198763
5.175384404422954e-10	-5.5472977e-09	5.168699e-09	0.76623446	-2.0054102e-17	0.2125741
5.200071952725505e-10	-4.312736e-09	3.0287917e-09	0.7725138	-2.0061542e-17	0.21316488
5.225253399078535e-10	-3.0287917e-09	2.2386721e-09	0.78004426	-2.0071887e-17	0.21354406
5.250434724321149e-10	-2.2386721e-09	1.958838e-09	0.788331	-2.0084597e-17	0.21386698
5.275122516607462e-10	-7.571979e-10	1.0514352e-09	0.7968379	-2.0098719e-17	0.21531966
5.300303965943015e-10	7.2427625e-10	1.5267414e-09	0.80561554	-2.0114031e-17	0.21582513
5.325485312762021e-10	1.0864144e-09	1.8497851e-09	0.81425923	-2.0129439e-17	0.2164982
5.350172740977708e-10	1.2510226e-09	2.6666536e-09	0.82240224	-2.014387e-17	0.21846612
5.375354124145591e-10	1.5143958e-09	3.0287917e-09	0.83019334	-2.0157247e-17	0.21929376
5.400041568538406e-10	1.5473175e-09	3.374469e-09	0.83720136	-2.0168597e-17	0.22012132
5.425222712195221e-10	3.094635e-09	2.633732e-09	0.8436457	-2.0178135e-17	0.2215735
5.450403732065313e-10	2.6666536e-09	3.8189114e-09	0.849389	-2.0185507e-17	0.22141181
5.475090983762758e-10	2.0411421e-09	3.9505976e-09	0.8544	-2.019065e-17	0.22282496
5.500271832661361e-10	1.1522577e-09	5.5966805e-09	0.85897017	-2.0193851e-17	0.22279853
5.52545267312514e-10	1.0534927e-09	5.2016205e-09	0.8630952	-2.0195098e-17	0.22330457
5.550139690043232e-10	1.4156308e-09	5.333307e-09	0.8668029	-2.0194538e-17	0.22379953
5.575320470893186e-10	1.679004e-09	5.366229e-09	0.8703301	-2.0192261e-17	0.22300372
5.600007513821538e-10	8.5596286e-10	6.1234267e-09	0.87361586	-2.018842e-17	0.22100812
5.625188159237151e-10	-3.950598e-10	6.3209566e-09	0.87686133	-2.0182888e-17	0.21930829
5.650369066682849e-10	-1.1193361e-09	6.4526433e-09	0.880063	-2.0175698e-17	0.21846282
5.675056114041177e-10	-1.9423774e-09	5.99174e-09	0.88321555	-2.016693e-17	0.21641827
5.700236940620091e-10	-2.1069855e-09	5.79421e-09	0.88650084	-2.0156042e-17	0.21624722
5.725417736744466e-10	-1.9094557e-09	5.8600533e-09	0.88991374	-2.0142885e-17	0.21516226
5.750104886431915e-10	-2.2057505e-09	6.748938e-09	0.89344305	-2.0127377e-17	0.21438059
5.775285712849633e-10	-3.8189114e-09	8.691315e-09	0.8972976	-2.0108304e-17	0.21413024
5.800466624833481e-10	-5.8271317e-09	8.362099e-09	0.90148747	-2.0085158e-17	0.21345375
5.825153987239279e-10	-8.592551e-09	7.4402924e-09	0.9060074	-2.0057487e-17	0.21342702
5.850335113957524e-10	-1.10945955e-08	6.2551133e-09	0.9111375	-2.0022787e-17	0.21379171
5.875022436209164e-10	-1.2905287e-08	4.0987453e-09	0.9167779	-1.9980652e-17	0.21343799
5.900203543088303e-10	-1.5703627e-08	1.3827093e-09	0.9232462	-1.9927e-17	0.21339099
5.925384835670206e-10	-1.8337358e-08	-2.1728288e-09	0.93047845	-1.9859334e-17	0.21396694
5.950072453215728e-10	-1.955546e-08	-7.901195e-09	0.93822134	-1.9774892e-17	0.21495949
5.975254053486443e-10	-2.0213893e-08	-1.5407332e-08	0.9464006	-1.966297e-17	0.21537377
6.000435779855351e-10	-1.738263e-08	-2.475708e-08	0.95384496	-1.9512641e-17	0.21269499
6.025123685007103e-10	-1.1061674e-08	-3.6608874e-08	0.9581325	-1.9313635e-17	0.20824632
6.050305559563808e-10	2.7901097e-09	-4.648537e-08	0.95452446	-1.9077435e-17	0.20389867
6.075487421022079e-10	2.2666555e-08	-4.7802235e-08	0.93594027	-1.89465e-17	0.21217963
6.10017552860343e-10	4.2831065e-08	-3.4238514e-08	0.90250176	-1.9060761e-17	0.23103213
6.125357223894294e-10	5.313554e-08	-1.5012272e-08	0.8654718	-1.9351831e-17	0.24107887
6.150045527752473e-10	5.4649938e-08	3.9505976e-09	0.8354045	-1.9632449e-17	0.21130781
6.175229751562514e-10	4.4641755e-08	2.3703587e-08	0.81022197	-1.98295e-17	0.20263733
6.200413842794716e-10	2.8394922e-08	3.6635623e-08	0.7901566	-1.9943741e-17	0.20390044
6.225098739727467e-10	1.1267434e-08	3.9654125e-08	0.77547574	-2.0002825e-17	0.20766285
6.250278620505309e-10	-2.637847e-09	3.476526e-08	0.7653552	-2.0031098e-17	0.21117875
6.275459405774511e-10	-1.0633692e-08	2.5481356e-08	0.75951886	-2.0042088e-17	0.21243052
6.3001464308445e-10	-1.2724217e-08	1.6658355e-08	0.757353	-2.004547e-17	0.21275963
6.325326860419969e-10	-1.14896554e-08	9.810651e-09	0.7582053	-2.0046962e-17	0.21253935
6.350013894099689e-10	-9.267444e-09	5.892975e-09	0.76133907	-2.004938e-17	0.2119746
6.375194869544126e-10	-6.765399e-09	3.9835193e-09	0.76631874	-2.0054192e-17	0.21259472
6.400376242374209e-10	-5.464994e-09	1.9752988e-09	0.77275515	-2.0061853e-17	0.21314572
6.425063690548689e-10	-4.938247e-09	2.2715938e-09	0.78016126	-2.0072057e-17	0.213575
6.450244896396987e-10	-3.9835193e-09	2.1069855e-09	0.7884561	-2.0084797e-17	0.21384226
6.475426269503089e-10	-2.8312617e-09	8.045228e-10	0.7971382	-2.0099232e-17	0.2153428
6.500113878303473e-10	-1.218101e-09	-1.2139859e-10	0.8057437	-2.0114256e-17	0.21587077
6.525295126162256e-10	6.9135464e-10	4.897095e-10	0.8143837	-2.0129665e-17	0.21647045
6.550476271902101e-10	1.5473175e-09	2.057603e-09	0.8226785	-2.0144356e-17	0.21848592
6.575163763645514e-10	1.679004e-09	3.497925e-09	0.8303028	-2.015743e-17	0.2193365
6.600344852815483e-10	1.3497876e-09	4.411501e-09	0.8374339	-2.0168963e-17	0.22008201
6.625031936429619e-10	7.2427625e-10	4.2468926e-09	0.8437346	-2.0178257e-17	0.22159304
6.650212905048062e-10	2.0740638e-09	6.18927e-09	0.84946805	-2.01856e-17	0.22138873
6.675393725843402e-10	1.6460824e-09	7.506136e-09	0.8545647	-2.0190796e-17	0.22285949
6.700080674029612e-10	5.2674637e-10	9.086375e-09	0.8590333	-2.0193886e-17	0.22278477
6.725261348887234e-10	-1.218101e-09	6.5843295e-09	0.8631527	-2.0195102e-17	0.22332072
6.750441920061726e-10	-1.3662484e-09	5.267464e-09	0.86692727	-2.019449e-17	0.22379497
6.775128885931548e-10	-9.876494e-10	5.530837e-09	0.87038004	-2.0192217e-17	0.22298242
6.800309382125851e-10	-8.230412e-10	6.3868e-09	0.8737282	-2.0188254e-17	0.22091728
6.825490064868104e-10	-1.5802392e-09	7.3744495e-09	0.8769711	-2.018267e-17	0.21929924
6.85017698330963e-10	-2.9629483e-09	7.7695095e-09	0.88010955	-2.017558e-17	0.21844165
6.875357615845381e-10	-4.3456576e-09	7.3744495e-09	0.8833263	-2.0166592e-17	0.2163247
6.900044678629534e-10	-5.1028555e-09	6.3209566e-09	0.88654953	-2.0155869e-17	0.21624194
6.925225320947844e-10	-5.7612883e-09	5.366229e-09	0.88996464	-2.014268e-17	0.21513602
6.950406062756498e-10	-5.366229e-09	4.4773443e-09	0.89357007	-2.0126783e-17	0.21440467
6.975092977041243e-10	-5.366229e-09	5.0040905e-09	0.8973559	-2.0108001e-17	0.21411145
7.000273755268259e-10	-6.748938e-09	5.8600533e-09	0.90155125	-2.0084786e-17	0.21347485
7.025454746196985e-10	-9.283905e-09	5.267464e-09	0.9061733	-2.0056418e-17	0.21336877
7.050141895682839e-10	-1.1160439e-08	3.1604783e-09	0.91121626	-2.0022228e-17	0.21380378
7.075322903790799e-10	-1.26748345e-08	8.5596286e-10	0.9169862	-1.9979014e-17	0.21355109
7.100010262086251e-10	-1.418923e-08	-2.2386721e-09	0.9233458	-1.9926127e-17	0.21336454
7.125191562673149e-10	-1.4748899e-08	-6.090505e-09	0.93058884	-1.985823e-17	0.21397422
7.150372848065778e-10	-1.5209801e-08	-1.1061674e-08	0.93849915	-1.9771556e-17	0.21511702
7.175060467079442e-10	-1.4551369e-08	-1.7909377e-08	0.9465174	-1.9661097e-17	0.21536373
7.200241963068693e-10	-1.0139868e-08	-2.6205631e-08	0.9539381	-1.95101e-17	0.212571
7.225423676166731e-10	-8.230412e-10	-3.5292008e-08	0.95817935	-1.9305773e-17	0.20799564
7.250111658469318e-10	1.2839443e-08	-4.0032724e-08	0.95437735	-1.9074284e-17	0.20379208
7.275293496470732e-10	3.015623e-08	-3.6082128e-08	0.9355407	-1.8946342e-17	0.21243815
7.300475351672957e-10	4.5464798e-08	-2.0938169e-08	0.9011917	-1.9068794e-17	0.2324455
7.325163083458116e-10	4.9909218e-08	-2.0905246e-09	0.86498064	-1.935637e-17	0.24077436
7.350345235199189e-10	4.7209642e-08	1.6246833e-08	0.8344612	-1.9640777e-17	0.21100979
7.375035754336716e-10	3.4436045e-08	3.1946346e-08	0.8098945	-1.9831678e-17	0.20266427
7.400219788024992e-10	1.7250944e-08	3.8144872e-08	0.7899038	-1.9944933e-17	0.20388366
7.42539815185285e-10	2.2057505e-09	3.6608874e-08	0.7750524	-2.0004218e-17	0.20793559
7.450083990395449e-10	-8.168684e-09	2.99587e-08	0.7652421	-2.0031351e-17	0.21118017
7.475264708742743e-10	-1.2855904e-08	2.0674795e-08	0.7594625	-2.0042174e-17	0.21244693
7.500445293411815e-10	-1.3135738e-08	1.27736e-08	0.7573351	-2.0045531e-17	0.21275653
7.525131985692274e-10	-1.2246853e-08	7.308606e-09	0.7582367	-2.0046985e-17	0.2125351
7.550312481866795e-10	-1.0551388e-08	3.3909298e-09	0.7614813	-2.00495e-17	0.21194004
7.575493302567431e-10	-8.427942e-09	2.1069855e-09	0.7665156	-2.0054407e-17	0.21264386
7.600180568497035e-10	-6.7818595e-09	1.975299e-10	0.7728571	-2.0061984e-17	0.21313784
7.62536167946689e-10	-4.6419526e-09	-1.4814742e-10	0.7804333	-2.0072454e-17	0.21364388
7.650049232719768e-10	-2.7654186e-09	-8.230412e-11	0.78857934	-2.0084994e-17	0.21381867
7.675230260074035e-10	-2.2715938e-09	-3.950598e-10	0.7972647	-2.0099447e-17	0.21535258
7.700411435779392e-10	-1.3827093e-09	-6.58433e-10	0.80604094	-2.0114786e-17	0.2159712
7.725098976760616e-10	3.2921648e-11	-4.609031e-10	0.81450605	-2.0129879e-17	0.21644408
7.750279980476581e-10	1.876534e-09	5.1851595e-10	0.82279456	-2.014456e-17	0.2184928
7.77546087581826e-10	3.094635e-09	2.7654186e-09	0.83055645	-2.0157852e-17	0.21943098
7.80014801988897e-10	2.3703588e-09	4.230432e-09	0.8375312	-2.016911e-17	0.22006316
7.82532883934294e-10	1.3497876e-09	4.609031e-09	0.84394073	-2.0178543e-17	0.22163615
7.850015904109978e-10	1.1193361e-09	5.0040905e-09	0.8495456	-2.0185688e-17	0.22136511
7.875196566552133e-10	1.7448474e-09	5.0040905e-09	0.85463375	-2.0190855e-17	0.22287244
7.90037697726528e-10	1.2510226e-09	2.9300267e-09	0.8591799	-2.0193955e-17	0.22274782
7.925063841339031e-10	2.633732e-09	5.037012e-09	0.86320907	-2.0195107e-17	0.2233374
7.950244293732703e-10	1.316866e-09	9.876494e-09	0.8669793	-2.019447e-17	0.22379202
7.975424897652738e-10	-2.0082205e-09	1.0238633e-08	0.8704962	-2.0192107e-17	0.22293201
8.000111561163769e-10	-3.851833e-09	6.5184866e-09	0.8737752	-2.0188187e-17	0.22087975
8.025292095263633e-10	-2.518506e-09	3.9505976e-09	0.8770171	-2.0182578e-17	0.21929568
8.050472435874751e-10	-2.3703588e-09	2.5020452e-09	0.8802181	-2.0175306e-17	0.21839131
8.075159287017569e-10	-6.58433e-10	1.975299e-10	0.8833728	-2.0166448e-17	0.21628472
8.100339869836792e-10	2.3703588e-09	4.411501e-09	0.8866629	-2.0155458e-17	0.21622999
8.125026623055522e-10	0	9.1522185e-09	0.89001477	-2.0142472e-17	0.21510893
8.150207079877011e-10	-5.432072e-09	9.283905e-09	0.89362323	-2.0126532e-17	0.21441363
8.175387774627859e-10	-8.691315e-09	2.897105e-09	0.8974921	-2.0107283e-17	0.21406431
8.200074657138369e-10	-7.934117e-09	-3.094635e-09	0.90161407	-2.0084425e-17	0.21349427
8.225255500559198e-10	-4.5761093e-09	-5.267464e-09	0.90624285	-2.0055967e-17	0.21334259
8.250436302363768e-10	-2.6995752e-09	-4.213971e-09	0.911401	-2.002091e-17	0.21382737
8.275123363815352e-10	-4.213971e-09	-3.1193261e-09	0.9170736	-1.9978328e-17	0.21359637
8.300304418599932e-10	-7.736587e-09	-4.8230215e-09	0.9235788	-1.992408e-17	0.21354097
8.325485554263385e-10	-9.810651e-09	-9.744808e-09	0.930847	-1.985563e-17	0.21417737
8.350173075835811e-10	-1.0139868e-08	-1.5275646e-08	0.9386153	-1.9770151e-17	0.2151765
8.375354305234713e-10	-7.967039e-09	-2.2255035e-08	0.94678974	-1.9656705e-17	0.21531938
8.400042053634324e-10	-2.2057505e-09	-2.9102738e-08	0.95402926	-1.9507587e-17	0.21244523
8.425223762689963e-10	5.6625233e-09	-3.555538e-08	0.9581961	-1.930247e-17	0.20789257
8.450405421460091e-10	1.9658339e-08	-4.069116e-08	0.954021	-1.9067004e-17	0.20350975
8.475093358137736e-10	3.7069775e-08	-3.23949e-08	0.9351445	-1.8946238e-17	0.21265402
8.500275067553395e-10	4.6419526e-08	-1.0271554e-08	0.9006438	-1.9072212e-17	0.23295675
8.525456683399615e-10	4.5826933e-08	9.218062e-09	0.863839	-1.9366968e-17	0.23995513
8.550144888023124e-10	3.897923e-08	2.355544e-08	0.8340692	-1.9644216e-17	0.21087115
8.575329371149902e-10	2.4559549e-08	3.516032e-08	0.80913365	-1.98367e-17	0.2027084
8.600019276806491e-10	7.9835e-09	3.548542e-08	0.78965664	-1.9946094e-17	0.20386629
8.625197504573575e-10	-3.8682937e-09	3.0419603e-08	0.77487737	-2.0004789e-17	0.20804499
8.650377130254184e-10	-9.530817e-09	2.3242684e-08	0.76498103	-2.003193e-17	0.21117875
8.675063985112795e-10	-1.1892945e-08	1.655959e-08	0.7594079	-2.0042259e-17	0.2124636
8.700244306875932e-10	-1.2312697e-08	1.0864144e-08	0.75732875	-2.0045554e-17	0.21275426
8.725424526083737e-10	-1.1341508e-08	5.8600533e-09	0.7583119	-2.0047043e-17	0.21252437
8.750111061713229e-10	-9.761269e-09	2.2057505e-09	0.76154125	-2.0049551e-17	0.211927
8.775291769842083e-10	-7.0781545e-09	3.950598e-10	0.7665983	-2.0054496e-17	0.21266335
8.800472670215026e-10	-5.6789844e-09	-8.5596286e-10	0.77309686	-2.0062296e-17	0.21311387
8.825159970542659e-10	-2.9629483e-09	-1.5308567e-09	0.780547	-2.0072621e-17	0.21367058
8.850340999332707e-10	-6.9135464e-10	-1.2510226e-09	0.78886837	-2.0085462e-17	0.21375602
8.875028334414184e-10	-1.975299e-10	-3.353893e-10	0.7973891	-2.0099662e-17	0.21535955
8.900209259368343e-10	3.950598e-10	2.6337318e-10	0.8061648	-2.0115006e-17	0.21601096
8.925390300364064e-10	7.901196e-10	5.2674637e-10	0.8147927	-2.0130391e-17	0.21637718
8.950077433940889e-10	1.777769e-09	8.106956e-10	0.8229084	-2.0144756e-17	0.2184994
8.975258249667501e-10	2.3045155e-09	2.9794092e-09	0.8306617	-2.0158028e-17	0.21946904
9.00043901174965e-10	1.9752988e-09	4.3456576e-09	0.83775926	-2.0169464e-17	0.22001785
9.025125845823539e-10	7.571979e-10	5.2510027e-09	0.8440262	-2.0178662e-17	0.22165324
9.05030647464287e-10	6.255113e-10	5.0040905e-09	0.8497271	-2.01859e-17	0.22130974
9.075487022621111e-10	8.888845e-10	5.267464e-09	0.85479534	-2.019099e-17	0.22290371
9.100173666399492e-10	-2.9629485e-10	4.1481276e-09	0.8592408	-2.019399e-17	0.22273351
9.125353998247783e-10	6.9135464e-10	3.917676e-09	0.8633413	-2.0195115e-17	0.22337426
9.1500405041789e-10	1.7119257e-09	6.5184866e-09	0.86703056	-2.0194447e-17	0.22379066
9.175220854368966e-10	-9.876494e-10	8.098725e-09	0.8705443	-2.0192063e-17	0.22291045
9.200401233266934e-10	-3.5226164e-09	6.2551133e-09	0.8738858	-2.0188026e-17	0.22078994
9.225087733587126e-10	-3.753068e-09	3.555538e-09	0.8770624	-2.0182489e-17	0.21929184
9.250268114263934e-10	-3.0617133e-09	2.0411421e-09	0.8802632	-2.0175188e-17	0.21836986
9.275448518793658e-10	-9.218062e-10	1.5143958e-09	0.88348216	-2.0166114e-17	0.21619026
9.300135169190989e-10	-1.6460824e-10	3.555538e-09	0.88671	-2.0155291e-17	0.21622361
9.325315506045703e-10	-5.5966803e-10	5.6625233e-09	0.8901327	-2.014198e-17	0.21504246
9.350002280508748e-10	-3.4238514e-09	5.6625233e-09	0.8936756	-2.0126287e-17	0.21442205
9.375182726226847e-10	-6.2551133e-09	3.4896948e-09	0.89754874	-2.0106986e-17	0.21404439
9.400363220681942e-10	-6.3209566e-09	1.9752988e-09	0.9017623	-2.0083555e-17	0.2135373
9.425050126548012e-10	-6.5184866e-09	1.8436124e-09	0.90631133	-2.0055527e-17	0.21331668
9.450230813870766e-10	-7.308606e-09	1.3827093e-09	0.91147757	-2.0020365e-17	0.21383637
9.475411628676348e-10	-8.164569e-09	-1.3168659e-10	0.9172803	-1.9976691e-17	0.21369897
9.500098831373182e-10	-8.921766e-09	-1.4485525e-09	0.9236754	-1.9923227e-17	0.21361268
9.52527983983672e-10	-9.744808e-09	-3.753068e-09	0.93095416	-1.9854553e-17	0.2142567
9.550460998141535e-10	-1.037032e-08	-6.847703e-09	0.93888974	-1.976682e-17	0.21530376
9.575148437397603e-10	-9.744808e-09	-1.3300346e-08	0.9469022	-1.9654875e-17	0.21529399
9.600329973065382e-10	-4.938247e-09	-1.8897026e-08	0.9542416	-1.9501618e-17	0.21213433
9.625017502724175e-10	1.1522577e-09	-2.4098647e-08	0.9582111	-1.929922e-17	0.20779203
9.650199221763367e-10	1.0662499e-08	-2.6864065e-08	0.95386827	-1.9064032e-17	0.20339204
9.675380846753225e-10	2.1991662e-08	-2.4230333e-08	0.9341963	-1.8946221e-17	0.21300986
9.70006881727185e-10	3.1999843e-08	-1.3432032e-08	0.90010476	-1.9075615e-17	0.23341331
9.725250214575658e-10	3.4501888e-08	-1.5802392e-09	0.8633695	-1.9371337e-17	0.23957537
9.7504324343821e-10	3.2789963e-08	9.613121e-09	0.83314776	-1.9652263e-17	0.21051317
9.775123041992353e-10	2.4460785e-08	1.9357929e-08	0.8088207	-1.9838744e-17	0.20271935
9.80030641688991e-10	1.4008162e-08	2.534864e-08	0.7890773	-1.994879e-17	0.20381272
9.825484512325643e-10	2.9464875e-09	2.6205631e-08	0.7744682	-2.0006113e-17	0.20829415
9.850170201167993e-10	-4.8435975e-09	2.1267384e-08	0.7648746	-2.0032164e-17	0.21117789
9.875350541799028e-10	-7.604901e-09	1.5111036e-08	0.75928164	-2.0042446e-17	0.21249723
9.900037083957925e-10	-9.218062e-09	9.810651e-09	0.757323	-2.0045577e-17	0.21275315
9.92521713234747e-10	-8.197491e-09	5.267464e-09	0.7583439	-2.0047068e-17	0.212519
9.95039742059548e-10	-5.7283667e-09	2.436202e-09	0.76168436	-2.0049672e-17	0.21189074
9.975084199533427e-10	-3.9505976e-09	1.3497876e-09	0.7666796	-2.0054584e-17	0.21268228
1.0000264717639226e-09	-2.6666536e-09	5.2674637e-10	0.7731962	-2.0062422e-17	0.21310373
1.0025445683012424e-09	-1.9752988e-09	6.255113e-10	0.7808165	-2.0073018e-17	0.2137327
1.0050132943283156e-09	-1.0205711e-09	5.925897e-10	0.78898764	-2.0085651e-17	0.21373017
1.0075314005981473e-09	-4.2798143e-10	6.5843296e-11	0.7976834	-2.0100166e-17	0.21537349
1.0100000971338515e-09	5.925897e-10	-1.4403222e-11	0.80628645	-2.011522e-17	0.21604963
1.0125181809210285e-09	1.316866e-09	4.176934e-10	0.81491065	-2.0130602e-17	0.21634802
1.0150362730460278e-09	2.8312617e-09	1.5802392e-09	0.82317775	-2.0145228e-17	0.21850793
1.0175049779472108e-09	2.5678886e-09	2.9711789e-09	0.8307652	-2.0158203e-17	0.21950518
1.0200230302881827e-09	2.534967e-09	2.9135658e-09	0.837853	-2.016961e-17	0.21999873
1.022541075615486e-09	1.9423774e-09	3.0287917e-09	0.8442282	-2.0178939e-17	0.22169064
1.0250097503925953e-09	2.633732e-09	5.135777e-09	0.8498017	-2.0185985e-17	0.22128557
1.0275277891508405e-09	2.9300267e-09	6.4526433e-09	0.8548618	-2.0191049e-17	0.22291476
1.0300458088635495e-09	2.0411421e-09	7.506136e-09	0.85938466	-2.0194055e-17	0.22269465
1.0325144610064797e-09	-5.925897e-10	5.629602e-09	0.8633955	-2.0195117e-17	0.22338933
1.0350324716297403e-09	-1.5473175e-09	2.7654186e-09	0.86715174	-2.0194397e-17	0.22378208
1.0375011253346935e-09	-1.3168659e-10	1.1193361e-09	0.87059164	-2.0192015e-17	0.22288942
1.0400191349307092e-09	1.8436124e-09	2.8312617e-09	0.8739312	-2.0187958e-17	0.2207521
1.0425371466362811e-09	1.7448474e-09	3.8189114e-09	0.87716985	-2.018227e-17	0.21928088
1.0450057939350088e-09	1.679004e-09	4.7407176e-09	0.8803075	-2.0175076e-17	0.21834867
1.0475238173017128e-09	-2.9629485e-10	5.530837e-09	0.883527	-2.0165973e-17	0.21615052
1.0500418429712433e-09	-1.8106907e-09	4.4773443e-09	0.886822	-2.0154884e-17	0.21620888
1.0525104860509885e-09	-2.3703588e-09	3.094635e-09	0.89018124	-2.0141778e-17	0.21501453
1.0550285251400385e-09	-1.8436124e-09	3.0287917e-09	0.8938005	-2.01257e-17	0.21444193
1.0575465666274775e-09	-8.5596286e-10	3.2098608e-09	0.89768356	-2.0106276e-17	0.21399388
1.0600152283106719e-09	-6.58433e-10	4.510266e-09	0.9018234	-2.0083196e-17	0.2135539
1.0625332783679662e-09	-1.6460824e-09	5.530837e-09	0.90647477	-2.0054466e-17	0.2132522
1.0650019547626882e-09	-3.2592433e-09	6.2016157e-09	0.91155314	-2.0019824e-17	0.21384366
1.0675200420288834e-09	-4.4773443e-09	5.037012e-09	0.91736525	-1.997602e-17	0.21373916
1.0700381166217551e-09	-6.4526433e-09	3.6872247e-09	0.9239063	-1.9921184e-17	0.21377456
1.0725068231410316e-09	-7.5719795e-09	2.1234463e-09	0.93105954	-1.9853486e-17	0.21433379
1.0750249267089797e-09	-8.98761e-09	7.2427625e-10	0.9390022	-1.9765448e-17	0.21535034
1.077543053792502e-09	-1.0666614e-08	-3.0287917e-09	0.94716966	-1.9650481e-17	0.21521391
1.080011808327275e-09	-1.1654263e-08	-7.604901e-09	0.9543277	-1.9499152e-17	0.21200067
1.0825299536851847e-09	-1.037032e-08	-1.4222152e-08	0.9582403	-1.929143e-17	0.20755701
1.0850481118993696e-09	-5.8435927e-09	-2.1596602e-08	0.9534916	-1.9057035e-17	0.20373319
1.0875168905050322e-09	3.4896948e-09	-2.5020453e-08	0.93380207	-1.8946306e-17	0.21309471
1.0900350543741836e-09	1.4683056e-08	-2.1991662e-08	0.8988185	-1.9083854e-17	0.23431842
1.0925038157065421e-09	2.1464915e-08	-1.6460824e-08	0.86290896	-1.9375634e-17	0.23917916
1.095022017864975e-09	2.55472e-08	-7.045233e-09	0.83277225	-1.9655527e-17	0.21035452
1.0975404793818835e-09	2.4724159e-08	3.804508e-09	0.80807865	-1.9843567e-17	0.2027294
1.1000094136390434e-09	1.955546e-08	1.2312697e-08	0.78884155	-1.9949876e-17	0.20378591
1.1025271887148515e-09	1.2608991e-08	1.6724197e-08	0.7743023	-2.0006645e-17	0.20839301
1.1050451256404226e-09	6.323014e-09	1.738263e-08	0.76462376	-2.0032705e-17	0.21116908
1.1075137787217743e-09	1.1687186e-09	1.458429e-08	0.75923115	-2.0042522e-17	0.21251081
1.1100317959593303e-09	-1.2510226e-09	1.0469084e-08	0.75731176	-2.0045635e-17	0.21274862
1.1125004017430854e-09	-1.5308567e-09	8.296255e-09	0.75837547	-2.0047093e-17	0.21251476
1.1150184148571379e-09	-1.2016401e-09	6.3868e-09	0.7617434	-2.0049722e-17	0.21187599
1.117536453685767e-09	-1.1357969e-09	5.5966805e-09	0.7668754	-2.0054799e-17	0.21272744
1.12000515353675e-09	-1.0205711e-09	4.411501e-09	0.77329415	-2.0062551e-17	0.21309331
1.1225232354938256e-09	-1.2839443e-09	4.213971e-09	0.780927	-2.007318e-17	0.21375714
1.1250413127455129e-09	-1.0534927e-09	3.2921648e-09	0.78927326	-2.0086112e-17	0.21366188
1.1275100202081931e-09	-1.0864144e-09	2.736612e-09	0.7978037	-2.0100371e-17	0.2153771
1.130028100831403e-09	-5.5966803e-10	1.5720087e-09	0.8065775	-2.0115735e-17	0.21613885
1.1325461684951346e-09	4.609031e-10	1.1296241e-09	0.8151929	-2.0131104e-17	0.21627444
1.1350148632076316e-09	1.8106907e-09	1.1851794e-09	0.8232876	-2.0145418e-17	0.21851067
1.1375329314312798e-09	2.897105e-09	1.7119257e-09	0.83101225	-2.0158615e-17	0.21958865
1.1400016002839495e-09	2.897105e-09	2.0246813e-09	0.8379451	-2.0169752e-17	0.21997878
1.1425196200431655e-09	3.5390773e-09	3.1110958e-09	0.84431064	-2.017905e-17	0.22170527
1.1450376489395806e-09	3.654303e-09	2.99587e-09	0.84997976	-2.0186186e-17	0.22122607
1.147506294815974e-09	2.4691236e-09	2.897105e-09	0.85492694	-2.0191103e-17	0.22292556
1.1500243107922201e-09	3.8847547e-09	3.1604783e-09	0.8594432	-2.0194081e-17	0.22267899
1.1525423137976555e-09	3.9999803e-09	4.938247e-09	0.8635254	-2.0195122e-17	0.22342296
1.1550109556790557e-09	3.0287917e-09	4.872404e-09	0.86720103	-2.0194374e-17	0.22377884
1.1575289492819286e-09	3.0617133e-09	4.4773443e-09	0.870705	-2.0191909e-17	0.2228371
1.160046964079267e-09	2.5678886e-09	5.3991505e-09	0.87404025	-2.0187794e-17	0.2206609
1.1625155888090223e-09	1.9752988e-09	6.5184866e-09	0.87721354	-2.0182181e-17	0.21927567
1.1650335936064695e-09	1.0534927e-09	7.3744495e-09	0.88041383	-2.0174801e-17	0.21829638
1.1675022192816082e-09	1.3168659e-10	6.847703e-09	0.88357127	-2.0165836e-17	0.21611162
1.170020231862903e-09	-3.950598e-10	6.9793895e-09	0.88686764	-2.0154716e-17	0.21620278
1.1725382479619329e-09	-9.876494e-10	5.9258967e-09	0.890298	-2.014129e-17	0.21494691
1.1750068997516548e-09	-1.4485525e-09	6.946468e-09	0.8938514	-2.012546e-17	0.2144495
1.177524920607662e-09	-2.1728288e-09	7.7695095e-09	0.8977386	-2.0105985e-17	0.21397282
1.180042959300887e-09	-2.6995752e-09	8.427942e-09	0.9019704	-2.0082334e-17	0.21359271
1.1825116203469124e-09	-4.872404e-09	9.086375e-09	0.9065415	-2.0054033e-17	0.21322404
1.1850296685654767e-09	-7.4073707e-09	8.619299e-09	0.91173524	-2.001852e-17	0.21385716
1.1875477338455593e-09	-1.06995355e-08	8.032882e-09	0.91757035	-1.9974393e-17	0.21383046
1.1900164319006127e-09	-1.3530798e-08	6.2551133e-09	0.9240004	-1.992035e-17	0.21383777
1.192534513399468e-09	-1.6460824e-08	3.2921648e-09	0.93131405	-1.9850902e-17	0.21450803
1.1950032233509252e-09	-1.9687146e-08	-1.1851794e-09	0.9391131	-1.9764091e-17	0.21539272
1.1975213310566611e-09	-2.2320878e-08	-7.7695095e-09	0.9472781	-1.9648681e-17	0.21517397
1.2000394640601765e-09	-2.2189191e-08	-1.837028e-08	0.9545322	-1.9493176e-17	0.21209243
1.2025082171509267e-09	-1.8666574e-08	-3.015623e-08	0.9582495	-1.9288257e-17	0.20746326
1.2050263726445054e-09	-8.559629e-09	-4.1876337e-08	0.9533336	-1.9054231e-17	0.20386453
1.2075445181993755e-09	9.613121e-09	-4.6617053e-08	0.9328404	-1.8946716e-17	0.2131412
1.2100132937965103e-09	2.9497798e-08	-3.8584172e-08	0.8982962	-1.9087256e-17	0.2346114
1.2125314147691214e-09	4.2143824e-08	-2.5744729e-08	0.86180574	-1.9385957e-17	0.23813659
1.2150002469568676e-09	4.813145e-08	-9.3497485e-09	0.8324035	-1.9658718e-17	0.21019089
1.2175187166990061e-09	4.572817e-08	1.0929988e-08	0.80777895	-1.9845496e-17	0.20272735
1.2200369929372837e-09	3.3431935e-08	2.6234439e-08	0.7882781	-1.9952455e-17	0.20402403
1.2225053743003875e-09	1.8444354e-08	3.2131528e-08	0.77413976	-2.0007165e-17	0.20848778
1.225023295703242e-09	5.9464726e-09	3.1078038e-08	0.76452345	-2.0032925e-17	0.2111651
1.2275413155799327e-09	-2.156368e-09	2.5185061e-08	0.7591123	-2.0042695e-17	0.21254048
1.2300099465170542e-09	-6.9300072e-09	1.8732418e-08	0.7573082	-2.004566e-17	0.2127472
1.2325279316263394e-09	-8.131647e-09	1.2905287e-08	0.7584539	-2.0047147e-17	0.21250373
1.2350459236268797e-09	-6.864164e-09	8.921766e-09	0.7618874	-2.0049847e-17	0.21183914
1.2375145883421127e-09	-6.0246617e-09	6.7818595e-09	0.76695514	-2.0054886e-17	0.21274523
1.2400326333494516e-09	-5.1028555e-09	5.069934e-09	0.77353144	-2.006286e-17	0.21306483
1.2425013407682047e-09	-4.312736e-09	3.8189114e-09	0.7810357	-2.0073338e-17	0.21378018
1.2450194152586138e-09	-3.1275567e-09	2.7242664e-09	0.7893891	-2.0086301e-17	0.21363293
1.2475374825324535e-09	-2.2715938e-09	2.2386721e-09	0.7980943	-2.0100873e-17	0.21538326
1.2500061812775507e-09	-7.571979e-10	1.938262e-09	0.8066952	-2.0115947e-17	0.2161733
1.2525242413562966e-09	5.2674637e-10	2.1069855e-09	0.815307	-2.0131306e-17	0.21624278
1.2550422923583146e-09	1.218101e-09	2.897105e-09	0.8235526	-2.0145881e-17	0.21851288
1.2575109653187023e-09	2.0411421e-09	2.7489577e-09	0.8311121	-2.015878e-17	0.21962067
1.26002900494315e-09	2.3703588e-09	4.016441e-09	0.8381671	-2.0170091e-17	0.21992715
1.262547035989881e-09	2.5020452e-09	4.609031e-09	0.844509	-2.0179323e-17	0.22173671
1.2650156752531106e-09	2.1069855e-09	5.168699e-09	0.8500517	-2.0186268e-17	0.22120135
1.2675336819410566e-09	2.5020452e-09	4.872404e-09	0.8550843	-2.0191232e-17	0.22295062
1.270002308507201e-09	3.1934e-09	6.3209566e-09	0.8595007	-2.019411e-17	0.22266252
1.2725203057413766e-09	2.5843494e-09	7.045233e-09	0.86357784	-2.0195123e-17	0.22343615
1.2750382945810054e-09	1.3004051e-09	7.308606e-09	0.8673204	-2.0194316e-17	0.22376917
1.2775069056680406e-09	4.2798143e-10	7.506136e-09	0.87075084	-2.0191864e-17	0.2228166
1.2800248913219576e-09	-3.292165e-10	6.847703e-09	0.8740841	-2.0187728e-17	0.22062358
1.282542882877662e-09	-7.2427625e-10	6.913546e-09	0.8773195	-2.0181966e-17	0.2192628
1.2850115053327087e-09	-1.0205711e-09	7.3744495e-09	0.88045686	-2.0174694e-17	0.21827519
1.2875294986308505e-09	-8.5596286e-10	7.835352e-09	0.88367856	-2.0165502e-17	0.2160321
1.2900475021313445e-09	-2.1399071e-09	7.835352e-09	0.88697845	-2.0154314e-17	0.21618554
1.2925161415659267e-09	-3.6213814e-09	7.901195e-09	0.8903452	-2.0141094e-17	0.21491897
1.2950341547684426e-09	-4.4773443e-09	7.111076e-09	0.89397514	-2.0124873e-17	0.21446574
1.297502798774276e-09	-5.267464e-09	7.045233e-09	0.89779294	-2.01057e-17	0.2139515
1.3000208165452762e-09	-5.9588183e-09	7.2592234e-09	0.9020298	-2.0081985e-17	0.21360818
1.3025388554226873e-09	-8.296255e-09	7.308606e-09	0.9067038	-2.0052977e-17	0.21315333
1.3050075219482156e-09	-1.1061674e-08	6.716016e-09	0.9118091	-2.001799e-17	0.21386108
1.307525572356264e-09	-1.38600145e-08	5.069934e-09	0.91765326	-1.9973732e-17	0.2138653
1.3100436349218169e-09	-1.6394981e-08	2.0411421e-09	0.92422986	-1.9918309e-17	0.21398517
1.312512338024123e-09	-1.8995792e-08	-1.8436124e-09	0.9314167	-1.9849855e-17	0.21457437
1.3150304181022013e-09	-2.1464915e-08	-8.164569e-09	0.9393828	-1.9760769e-17	0.21548168
1.3175485192087278e-09	-2.1333229e-08	-1.7810612e-08	0.947541	-1.9644279e-17	0.21506006
1.3200172730806398e-09	-1.734971e-08	-2.7917558e-08	0.9546137	-1.9490746e-17	0.21212359
1.3225353997965883e-09	-9.744808e-09	-4.0032724e-08	0.95826524	-1.9280503e-17	0.20724091
1.3250041599717179e-09	4.3456576e-09	-4.832898e-08	0.95317477	-1.9051492e-17	0.20398903
1.3275223145983964e-09	2.4526628e-08	-4.8460667e-08	0.9324475	-1.894697e-17	0.21309556
1.3300404499220052e-09	4.4049166e-08	-3.3843456e-08	0.8970244	-1.9095658e-17	0.2351454
1.3325091977974649e-09	5.392566e-08	-1.5637783e-08	0.8613632	-1.9390108e-17	0.23768209
1.3350274151690131e-09	5.5440058e-08	4.971169e-09	0.83150995	-1.9666416e-17	0.20976652
1.3375458673242463e-09	4.5958622e-08	2.5975181e-08	0.8070538	-1.9850134e-17	0.2027063
1.340014736288636e-09	2.87406e-08	3.8254957e-08	0.78805256	-1.9953477e-17	0.20415373
1.3425324928609165e-09	1.14896554e-08	4.055947e-08	0.77374804	-2.0008402e-17	0.20871025
1.3450010425855398e-09	-1.7098681e-09	3.5028634e-08	0.76442516	-2.0033132e-17	0.2111597
1.3475190458895983e-09	-8.864154e-09	2.6436084e-08	0.75906557	-2.0042768e-17	0.21255234
1.350037033006415e-09	-1.218101e-08	1.8106906e-08	0.7573018	-2.0045711e-17	0.21274155
1.3525056421032289e-09	-1.1868254e-08	1.139089e-08	0.7584862	-2.0047175e-17	0.21249865
1.3550236287443047e-09	-9.020532e-09	6.4526433e-09	0.7619458	-2.0049899e-17	0.21182412
1.3575416478984372e-09	-7.111076e-09	4.1481276e-09	0.7671507	-2.0055103e-17	0.21278758
1.3600103290979616e-09	-5.79421e-09	2.1069855e-09	0.77362716	-2.0062985e-17	0.21305187
1.3625283975986866e-09	-4.411501e-09	7.2427625e-10	0.7813018	-2.0073731e-17	0.2138344
1.3650464606836488e-09	-3.2263217e-09	5.1851595e-10	0.789672	-2.008676e-17	0.21355926
1.3675151494431283e-09	-2.3045155e-09	6.0082006e-10	0.7982113	-2.0101075e-17	0.21538381
1.370033210689201e-09	-7.2427625e-10	1.4156308e-09	0.80698246	-2.0116455e-17	0.21625304
1.3725018804932574e-09	-1.3168659e-10	1.8744764e-09	0.81541955	-2.013151e-17	0.21621971
1.3750199383049572e-09	9.218062e-10	1.9752988e-09	0.8236591	-2.0146068e-17	0.21851206
1.3775379823482248e-09	1.1851794e-09	3.4403123e-09	0.8313554	-2.0159182e-17	0.21969643
1.380006641037729e-09	2.6666536e-09	3.473234e-09	0.8382562	-2.0170232e-17	0.21990529
1.382524655544742e-09	2.8312617e-09	4.59257e-09	0.84458864	-2.0179432e-17	0.22174837
1.3850426591854484e-09	2.2715938e-09	5.530837e-09	0.8502267	-2.0186463e-17	0.2212527
1.3875112925424129e-09	1.7119257e-09	6.650173e-09	0.8551474	-2.0191284e-17	0.22296032
1.3900292873798346e-09	1.0534927e-09	7.045233e-09	0.85964125	-2.0194174e-17	0.22262177
1.3925472792562782e-09	1.6460824e-10	7.3744495e-09	0.86370575	-2.0195125e-17	0.22346626
1.3950158867888519e-09	1.1522577e-10	6.913546e-09	0.86736834	-2.0194296e-17	0.2237649
1.3975338706610535e-09	-5.5966803e-10	7.111076e-09	0.8708628	-2.0191755e-17	0.222764
1.4000024786187418e-09	-8.230412e-10	7.736587e-09	0.8741277	-2.0187662e-17	0.22058655
1.4025204553250531e-09	-1.777769e-09	7.703666e-09	0.87736213	-2.0181878e-17	0.21925676
1.4050384483110534e-09	-2.5020452e-09	7.3744495e-09	0.8805622	-2.0174419e-17	0.21822123
1.4075070658221752e-09	-3.2921648e-09	6.716016e-09	0.88372177	-2.016537e-17	0.21604322
1.4100250732304764e-09	-3.9835193e-09	7.111076e-09	0.8870231	-2.0154153e-17	0.2161786
1.4125430641787514e-09	-4.839482e-09	7.901195e-09	0.8904611	-2.0140609e-17	0.21484937
1.415011699061657e-09	-6.18927e-09	6.9793895e-09	0.8940249	-2.0124638e-17	0.21447106
1.4175297092495395e-09	-7.835352e-09	6.847703e-09	0.8979262	-2.010499e-17	0.21389759
1.4200477265854217e-09	-1.0008181e-08	6.5184866e-09	0.902176	-2.0081125e-17	0.21364191
1.42251638345135e-09	-1.2082245e-08	4.7407176e-09	0.90676916	-2.0052552e-17	0.21312374
1.4250344250283402e-09	-1.4123387e-08	2.9896972e-09	0.91199034	-2.0016687e-17	0.21386725
1.4275030952484664e-09	-1.6098687e-08	-1.3168659e-10	0.9177355	-1.9973073e-17	0.213899
1.4300211462602622e-09	-1.837028e-08	-4.2798143e-09	0.9243222	-1.9917487e-17	0.21404158
1.4325392135830086e-09	-2.0148049e-08	-9.59666e-09	0.9316696	-1.9847267e-17	0.21472883
1.4350079288744505e-09	-1.9720067e-08	-1.7185101e-08	0.9394913	-1.9759424e-17	0.21551262
1.4375260222136618e-09	-1.5999921e-08	-2.6205631e-08	0.9476465	-1.9642497e-17	0.21500671
1.4400441433201255e-09	-8.362099e-09	-3.6213812e-08	0.95481133	-1.948474e-17	0.21218358
1.4425128842249654e-09	4.0822843e-09	-4.635368e-08	0.958269	-1.9277378e-17	0.20715371
1.445031022667158e-09	2.296285e-08	-5.0699338e-08	0.9527721	-1.9044853e-17	0.20427012
1.4475491544821782e-09	4.4806363e-08	-4.2271395e-08	0.93147004	-1.8947803e-17	0.21401156
1.450017923706647e-09	5.99174e-08	-1.9094557e-08	0.89651364	-1.9099081e-17	0.23528889
1.4525360471475545e-09	6.274866e-08	3.6213814e-09	0.86028105	-1.9400282e-17	0.2364863
1.4550048724246629e-09	5.6361863e-08	2.4625393e-08	0.8311528	-1.9669475e-17	0.20958526
1.4575233293527608e-09	3.8781703e-08	4.292983e-08	0.80676407	-1.9851969e-17	0.20269181
1.4600415426547738e-09	1.6131608e-08	4.9532677e-08	0.787502	-1.9955956e-17	0.2044616
1.4625099130527048e-09	-2.633732e-09	4.6831044e-08	0.7735923	-2.0008892e-17	0.20879653
1.4650278353877976e-09	-1.4637788e-08	3.637842e-08	0.76418656	-2.0033636e-17	0.21114519
1.4675458508175434e-09	-1.9530768e-08	2.3736508e-08	0.7589532	-2.0042932e-17	0.21257861
1.470014466308064e-09	-1.91604e-08	1.3168659e-08	0.75730014	-2.004573e-17	0.21273987
1.4725324325104863e-09	-1.6872345e-08	6.3868e-09	0.7585674	-2.0047235e-17	0.21248706
1.4750010495119933e-09	-1.31480835e-08	2.1069855e-09	0.762004	-2.0049953e-17	0.2118091
1.4775190714820856e-09	-1.0304476e-08	-1.975299e-10	0.7672297	-2.0055189e-17	0.21280394
1.4800371174268495e-09	-7.637823e-09	-8.5596286e-10	0.77386403	-2.0063297e-17	0.2130203
1.4825058208552579e-09	-5.333307e-09	-2.1069855e-09	0.7814088	-2.0073893e-17	0.21385574
1.4850238789823729e-09	-2.9629483e-09	-1.8024603e-09	0.7897856	-2.0086943e-17	0.21352887
1.487541936113589e-09	-1.5802392e-09	-2.104928e-09	0.79849964	-2.0101571e-17	0.21538298
1.4900106039523059e-09	-3.6213813e-10	-1.0534927e-09	0.80709773	-2.0116662e-17	0.21628387
1.492528654709692e-09	8.5596286e-10	-5.349768e-11	0.81569695	-2.0132004e-17	0.21637109
1.4950466969747878e-09	1.7448474e-09	1.7119257e-09	0.82392114	-2.0146525e-17	0.21850683
1.4975153649026985e-09	1.876534e-09	2.5020452e-09	0.8314527	-2.0159344e-17	0.2197257
1.5e-09	2.1069855e-09	3.2921648e-09	0.838387	-2.017043e-17	0.2198714
